   32313   18195   33666   36683   10715   14615   21936   19513   21401   32193
   16432   23418    2531    2636   34039   26800   10963   15177   22704   21143
   23706   33804    8511   18673    5758   26722   28845   17099    5560    8520
   10569    8128   14981    9994   28850   18273   15230   23732    1552   31515
   26292    4593    7390   31320   16797   22539   28928    8164    1005   21851
   34932   23081   24825   27257   17619   10145    1498   22081   31237   36761
    7469   30932   18682   18622    7081   19267   12457   22113   29114   10070
   18047   31400     935   13887   33731   18984   11247    6443    1099   34748
   15898   14226    8483    5475   23156   22882   15764   24146   16491     963
    9148   23110   22653    7427    1107   34389   17003   31130   11245   23892
   30213    3681    6688    5021   14875   22729   35846   22535   17650   28464
   33475    1648   33028     921   15735   31517   21021    3958   31560    7836
   17595   31267   18219   36895    9563   23531   23836   29344   15789   30990
    7517   29941   22159   19260    6330   25650   29301   19376   11474   32790
   26395   19968   11673    2367   14022   18918   22505    7067   15197   32102
   17475   31534   34033    6011   35634   26764   30674   13026   12286   20283
   11308   29327   17443    9601   29319   28823    7660   12462   14399   17075
   19530    6679    3524   34060    6335   11284   13176   31612   13140   26766
   12259   34361    4940   15902   36004   12279    1852   10292   32922    4540
   35711    9432    5834   26995   25203   16941   12604    3935    4696    4564
   35285    2406   28652    9933   34669   25328   15057   29620   26198   32701
     156   11341   23342   23244   30039   10029   22983    8260   28092   13633
   14026   21186   23997   34651   26949   18221   11746   19251    9273    4119
   35992    2156   27337   32247   21953    9661   11020   26443    8958   26578
    2014   33324   17151   29627    2812    8020   35591    6323   13792   21476
   24584   27284   18779   10347   22101    9280    4131   26613   16135    4121
   35998   35380     547    7867   28993   24621   36881     426   35099   31742
   28077   22481   25821    5782   29432   29457   29591   13090   11196   21112
   28913   36983   21885   28934   32453   31085    8742   16756   16645   15143
   23157   36468    6730   27227   22425    4041   26174   25350   15310   30942
   32296    8558    1966   32768   15358   19367    9626     599   17654   13973
   27455   21362    7636    8934   14098   23131    2527    5304   12908   29036
    8744   20839    1884   13515   33589    3415   21519    7587   11103   12384
     708   14919   34779    8425   26894   34959    9181   27453   12065   17592
    4968   17175   35586    1815    2849   25961   15260   15637    8231    1263
   21250    7009    4471    4337      17   19890   16090   19009   30258   17548
    3122    2878   31354   34223   13715   12226   10208    8333   29468   19744
   18378   19045   14271   16428   21587   32859   32371   26357   16906    9840
    1168    3288   25288    5922   11435   28564    8691   28065   28909   27739
   18657   15173   29499   30736   26475    3909   32964   11925    8860   16602
   29216   24743   10066   32563   27084   36444   36515   34008    7911   31476
    1331   35583   29873   12853   10924   36752   23175   21332   10341   36177
   26701   15378   28817   35948    9419   15677   16951   20490    7513     999
   23209   13021    7322   21558   14123   30209   27011   17945   17646   28128
    6403   27932   14358    4661   10868   36471    4038   24615   13961    9261
    6757   34424   29840   34255   22810   10100   12568   26247   23664   21982
   26589   15282    1783    6031   31330   18890   18107   32829   15110   17413
    7676    1484   33441    1121   30502   13237   33787   34491   25728   13066
   20926   32004    6432   21204   14594   25569   26670    5854     517   31164
   36173   12588    5562    7271    9180    1187      81   36306   32451   16435
   35737   24760   13983    1415    5024    2678   10887   32218    2317   20613
    6161    7736   34790   29159    9342   33900   28019   26843   21494    6874
    8271   30362    8255   16703   22025   30890   21490    6948   36681   18717
   27299   34819   32700   22455   34375     338    4341     786   33121   21483
   29280   28612    7933   34990    5907   13517   36871   35147    3596   29364
   17506   31693   15688   19178   10812   22301   18518   21141    8857   29711
   22375    2477   33885    1180    7889    6272   35433    3619   17256   21030
      68   18638    3136   12047   23095    3195   33362   27949   16732    5660
   18332   30137   19498    5955   11391   17148    3477   18628    8612   27695
    9269   12260    8924   18952   25752   34806   16338   25633    5167   25298
   27485    2360   33039   13775   33988   36866   17593   22387   21644   30665
   21028   31227    6759   22067   11178   32090    7515   18860    7946   10327
   21372   14404   13421   29962   28472   23112   20957    2423     620     469
   17488   32084   13031   11633   30167   32434   19097   25547    5835   15383
   11348   11101   23622   27656   29939    1913   14105   11155   21467   10268
   11187   31070   30744     791    4832    6791   10833   10689   33169   11026
   25374   34562    7083   13825   34607   36260   27893   19971   31819    2069
    4251   23602   18161   12880   13329   33437   21946   24919   29162   24214
    7963   35654   16519   13848   10349   24308   36383    7379   30525    2432
   28078    9900   34202   30985   18562   29287    3432   19279   15475   21241
    2710    5669   30234   32831   28205   22393   26161    8191   23401    9664
   33810   26178   11772   34701   10226    5023   29560   30544   20711   16192
   33295   14414    9023   26464   22038   17717   18179   31906    2790   11169
   27417   29585   22246   36096   35484   19826    5393   24385   32623    3618
   19126   26339    5647   28014    7629   18067    6483    3277    6098    5131
   21506    1593   23637   34654   20514   23369   22378   35295   29706   11676
   15658   28251    9694    5357    5077     221    3592   24213   33486    3661
    6482   36784   16254    1310    8065   11619   34197   23125   33902    2965
   13191    2117    1916   11845     622   10135   29803   13952    1011   14151
   21697   14887   18121   35030   15488   34220   17444   20161    7873    8615
   23751   14315     664   19266   31800    6875   24351   34518     591   31352
   16461   10210   29419   13381    1390    1278   16746    5128   31967   26343
   17989    2729   25338   10848   28685   14440   11785   21406     110   33431
   21438   24108   28283   17814   32212   29816   20762   23205     372   34291
   22927    4227    2526    1500    7186    8450   35493   14017   17060   12637
   33472    5011   25208   16447   11285   16345     639   22337   34231   35678
   27071    5646   35822   19336   36882   22964   29667   24492    2176   11692
   26749   20101    2606    7779    8274   24122   30832   35508     398    6969
   28957   15930    2687    8771     268   12596   27744   32534   23701   16414
   18086   35676   16061   24580   14915   25774   29260   10307   19257   34087
     912   24478   12498   32103   21082   36732   27832     353   36716    1456
   34742   13436   20540   31719   34316   36965   31589    5201   35698   10294
   33832    5862   12424   21640   12716   13241   24813   25071   20109    7336
   26342    1477   29340   29651   24407   25307   19671    7175   23939    3430
   25833   17748   11598   26406    5777    9100   21903    3528    9109   31922
   36220    5582   36007   24894    3626   11206   17176    6345   24575   19748
    5929   31856   28972   34044    7206   19030    1493   32174    1671   14336
   17766   27841   29901   17492   32447   16957    6645    4518   25645   25446
   26071    4753    5261   14409   27185    2228   10148   14937   14001   19252
    7765   24861   34515    3605    4978   31299    2390   36143   28374   36600
   25667   29046   17368    8802   32793    2422   22581   30401   35309   26631
   12778   36548   12775      90   16476   19943   33815   27087   18100   24877
   21773    4860   31290   25775   18834   10750    5541   14864   30962    5920
   31682   20971   23683   15090    8768   29689   10162    2726   13239   10041
   11847   31321    1451   29913   30929   29661   19790    5812    1132   24713
   23041   17468   12926   36935    3400   35712    7324   12004   16660   13738
   13529    6765   16672   23229   32141    6258   12181    2298   21363   25136
   17599    9922   13456   24390   17795   26851   28142   18193    9670    8169
    6498   31755    4094   25538   19396   24659   16551   26481   11808   35792
   36737   34078   30244    9082   11458    9159   12699   33038   34317   16901
   35561   26877   18741    6654   16985   16513   33685    2257   14357   14348
   15059   28912   24954   33781   33915    1961   29184   36141   36030    4589
   27873    6126   23353   29914   20184   12451   32800   28889   35153   16039
    8569    1355   22396   16786   12473    8034   22141   34003   33274   30016
   17687   30006   23570   11237   24284   33708    9540    7940     290    3040
   25442    9609   13942    3719   31396   15024   31421    1046    8988   36462
    1702   31200   25019    4679   36386   22788   31862   11086   20484   27057
   20710   24806     514     227   26878   36970   29906   11867    2590    2403
    5016   32522   31527    4090   31318   14223    3030   30588   29137    5605
   29606   10872   10538   26156   28177   26279    4272   27183   15778    5487
   33211   17157   11972   26747   27910   35515   17417   30694   36725    4404
   32858    1412   20829    8865   21691    4024    8867   12707   36889   30024
   23236    5348    5486   23188    2851   14960   19312   33252    5615   12986
   24408    7678    7780   31888     814   35236   34376    5230   16001   16997
   24097   36791   18761   35546   32753   11403   13499   16344    1392    9947
   18605   36307    7811   14335   23970   35564   34108    1595   20269   23761
   26183   36093   22667    3391   18898   27249   13067    9166    1546   17016
   15899   12124   19536   18818   36579    9795     526   35349     546   17852
   23358    8633    3159   15538     588    2089   12922    3945    9123   20211
   12784   25454   17192   30904   30645   26046   34179   14951   15029   30238
   11695   24196   24622   14624    2037    9863   15329   20359   28165   31286
   12220    3516    5913   25003   29766   23319    5071   15683   13121   15759
    3951   12389   12191   22212   20845   19458   35394   30658   11914    6581
   10124    6904    1368   23539   13778    2050   29866   16317    3340   14448
   19860    5277   33530   11940    7986   29613   23371   22463    5328   18803
   34677   10215   26936   20470    9703   28843   29006   34683     703    1794
   18153   17006   17085    2872   17384   30430    9909    5595   12967   19841
    9274   17493   13397   11272   36728   31223   15949    4897   17552    8076
    8457   16821    1963   27302   35255   30715   22496   18484   34814   36332
    8525   10773   28305   30068   17214   26898   24983   23912   29453   11693
    6674   21183   35160   32036   10200   11898   13041   33299   33912    3699
   29561   15321    5639    7236   31889      36   31947   11288   31196   25765
   30419     524    9330   15438   17738   36483    9984   30148   11741    9347
   23629   17150    6396   27357   26909   23165   35875    7525   31556   27147
   31126   12798    8058   36440   22046    1743    9833     339    4786     216
    4631   32578   30181   24508   30261    6276   12470   17423   16825   21097
   10783   12819   33233   29194   28836   27221    9218   32957    7948   30343
   13885    5259   19016   27886   36344   27141     845   33052   19669   36362
    7439    7042    9401    1297    2163   29467   26336   16767   33277   21668
     933    7572     100   13157   24480   11902   25937    4246   17112    8649
   13218   31731    9150   27801   25158   28264   29032    1035   33931   20133
    8724   20347    3126   11061   30175   30283   20529   36474    1426   35995
    1661   10616   17640   13179   28943    7651    1322    7278   13736    7262
   34147    9779   21810    8162   23796   33283   15187   13097   35674   21616
    9408   18379   13524   13706    3930   27880    8878    3455   12906   24086
   11258    1124   25682   34209    1216   35028   16847   31334   24276   21931
   22859   12341   17080   36144   17680   30633    1580   35655     350    1049
   16595   32836   29643   30448    1394   26164    5546    4523    3607    7226
   17138   33119    7635   30206   17872     699    8551   11143   31768   34193
   34046    3439    8491   23225    4206    7441    4861    9058   33772   24855
   32663    9187   22485     325   11620   15120   24229    9354   19629   10909
   22789   19642   35808   29482    5735   19716   15154   11894   18807   10017
   31972   11239   29533   14443   30274     749   35857   27180   23067   15002
    8776   28771   20666   28667   32327   33261   22231   23132   14191    1636
   16646   16652   28131   11789   33199   16684   12678    9936   21752   18408
   19579   28674   14479   18842   27465   32997   19896   22988    2405    2264
    7913    9870   32577   32704   15071   17869   10724   15638   35842    3167
   34913    2734   34363    9714   10185   33977    6227   15273    6464   13878
    7852   22675   32382   25662    1602    6027   34984   16372   15969   32969
   32784   34079   22837   35731    3272   17974   12224   13916   32058   13123
   12956   22668   16183   18217   36762   22907    2593    3502   16250   14956
    3828   34442   32657   29180    2958   32397   12266   33350   26580    7344
   28668   21221   21313    8114    6226    5292   21297    2427   13054    5094
   24180    4996   18675   26080   14923   25817   36323   29739   36605   18868
   34448   14037   14111    8402   25248    5520   19531   28325   25759   14359
   31490   29405   24157    4165   10315   11885   33471   27632   27927    2297
   36677   10286   33173   31583     521   21209    9981   17980    1768   36863
   23562   36106    9118    3594   14033   31795   30350   27778    9364    6823
    3260    9254   29747   14954   27764    2588    4007   11848   15697    4490
   13308   14338   26416   32325    9115   34387   10968   33298    2847   21371
   12540   24787   13616   23818   25847   30585   33510   35369   28126   17088
     506   26581   29456   13891   13606   13092   19721   13894   20217   16598
   20809   26291   26758   31119    5912    1371   31034   10913    1167   30393
   36181   24953   36960    1162   25141   17230    6752   23057    7566    7105
     528    5351   22450   21799   33200    7883   13292   24019   12748   28016
   30465   21709   15157   29678   23471    5429   20512    2603   20025   25601
    3866   24405   27403    5172    9086   36836   17114   26317   13167   20713
   22566    5568   32160   20295    5206   23184   16720   27092   36522   25835
    7924   27170    4113    5814     678   31880    9130   26642     689   35549
    5319   30426   35449    7484    8687   30085   17453   14421   24762   14114
   30941    7204    8043    6019    8900   31555   18222   31904    3993   30429
   13796   34334    9303   28310   18209   28422   29991   33946   29395   20362
   12661   29252     316   11737    2601    6586   29090    1646    6735   23398
   32087   17336   16483   15437   32243   32869   30388   29399   11455   14950
   15580     956   29309   25371   23084   18247   16704   24286    9105   31621
   24058   32249   29993   32895   35553    6635   33773   33960   10462   32548
   18531   26455   25419   19289   30438   25120   13085   31398   31306    1850
   30196   31961    5786   19882    7605   35898   31829   33306   24521   24068
   26959   13837   17079      76   14968   12012   32716    5210    1194   21828
    4323   23607   12763   21577   17046   28996   31166   34058   13166    6456
   28302   16214   24914   33135   27022   26927    4936   34141   35265    8747
    6163   31663   20855   32353    7495     292   15994   10865   16659   24307
   34118   27916   17850    5830   17341   14500   10542   32918   24357   12602
   32044   16101   25001   15445    8789   25161    4441   12565    6494    3444
   16186   25290   23252   17926   25516   29937   28547    1617    4729    6044
   13773   22892    1134    1067   27392    7586   31673   23766   20044   28495
   19652     471   18455   34761   27372   25564    8204   27327    7032   30252
    3654   21105   24217    1234   33474   13637   29333    2624    8883   20952
    2532    3983   10554    5840   21386   25711   30285   29415    2804    9522
   33321   30254   32719   31737   30101   28103   26620   28679   27484   26694
   23673   18010     222   16971   13368      99   26133   21076   16162   11643
   20737   14918    1534   26191    6035    1212   18362    2672   15854    2261
   32591   19977   28122   27063    8289   13469   18695   29388    4961    2639
   15720   15433    6302   20541   30886   10298    5451   36421   19078   17486
   19609   33703   11244   34517   16498   25456   13623   15782   28772   10920
   35085   26978   19928    8449   10817   36817   29375   10508     369   13558
   34948   16663   18759    4497    5057    8392   28175    8364   22737   10236
   14207   21985   21164   24582   27098   25310   22056    9277   22822   29318
   35377    4236    6215   11462   27279   19974    5061   23540   22316   30136
    4315   36526   29015    2168   30535   23399   33565   15976   33737   29733
   33609    4302   33727     534   27023   32260   27278    4482   32470   22672
   14632    1696   23905    9192   32943   21073   20289   10366   25584   22888
   31351    9440   17439   13189   35790   13478   28707   21478   16552   13936
   14930    9504   29532   24656   35608   14125   13255   14155   23366    8830
    7712   34837   34530     283   30398   15640   26719    5710   19576   27350
   17893   29662   28550   18012   29872   10727   17663   36031   35207   20290
    4763   10052    3227    4167   21279   33167   14963   36741   34611   26265
    2807   12082    7789   12979   11283    6984    7614   12334   18954    5614
   10313   30488    9681   19991   31606   36240    8365    5944   15091    1097
    7420   11886    3564    2467   20807   17262   15528    5748   35109   20193
   19881   22772   35777   36072   29317    7402   34967    7255   32061   24105
    6474   29687   29168   34756    2634   23174   17406    3317   36328   34359
    3342    1302   31452    6179   14976   34176   14273   32372   20149    5165
    8205   32302   10360    7010   36927   15457   24643    3684   27451   14574
    9442   36985   28636    5902   16547   30829   14092    7895   29178   23026
   29953    2938    6615    5534   28651   35625   13791    7900   23068     860
   10416    1284    7857   14553    4887    9352   22232   21337   26566   32052
   23932   33657   24630   31592   12660    2827   22318   14808    7655   32432
   15833   32089   16032   30070   12521    7934    9880     945   11564   21474
   18341   14606   17758   24022    1357   33721   21243     706   28640   34606
   36618   24725    7497   27269    4600    5144   29425   33546   24227   16695
    6355    1998     432    1896   25739    6740   19151   34177   15615   15196
   36285    5667   35409   32226   30550   26145    6662    8153   18048    4552
   20728   28121   33452   16306   35585    7542   33796   28676   22395    4360
     364   23880   34976   35235   21296    7465   16087   34063    9831   28556
   36585    5793    3953   26534   10084   10320   19378    3982    1513   20180
    1026   26765    9307    2496   30507   36016   33103     754    6193   30621
    4321   17581   21431   21689   16201    5953   14031   31261    4868    8470
    8862   19240   31100    6219    7442   31373   21356   33365   18388   36053
   23080   23227   29385   21607   27532   31157   25226   22546   12693   10535
   30603   17466    5909   17956    9734   31724    6990   11610   17574   11360
   22080    8053   29193   33706     274    8469     746   32992   16686   36226
   19264   30372   18166   24718   17711   16929   16321    3690   15518   26780
   10957    1764   27787    3392    6514    7272   15017   18156   25130    2362
   25527   11537   35156   29833   14420   27512    7506   36360   13716   25250
   23644   13120   10071   14716     535   17154   15685   28716    7332   21763
    3980   20338    5954   32887   18892   22267   13109    2679   26965    7034
   19209   27850   22064   16174   34938    5853   16787   33752   19272   23600
   27474   17067    1915    2396    8172    5149   15614    8122   19207   26517
     381   12870   35658   36666    8393   20988   17965   10098   35316   12777
    6532    6095    3565   30279   19756     887   32304   31268   18279   17141
   18822    7524   21680   27791   36435   25052   27972   15408    6344   28783
   12829   29076   15379    9263   13540   29016    8580    1183   23852    5628
   26579   12322    9216   27140   13160   14825   31282   31483   30785   21800
   17086    9890    7342   23257   27336   32639   30037   28701   24514    6159
   30432   28577   33352   13882   11780    2755   36389   33080   36208    1950
   11592   17304   31383    4174   13182    1177   28971   13803   20942   13655
    3683   15364    3442   10172   36063   10970   19328   13605   29698   36508
    8185   11414   34236   30960    1725   20146   11226    3543    5691   25430
   15916   11946   24457   18592   24460   11711   34012   31665   13600   22969
   23693   13289   26003   34582   33802   35540   11678   28000      29    6565
   21686    2002    6798   34378   12875   20664   24315   30775   12696   17054
   12198    2210    5343    7980   18598   21489   16392   11980   29516    6294
   11778    1779    1851   10950   31222    1007    4487   13921   22315    6097
   31097    3316   33282    5585   28091   18724    3133    4002    1348    8087
   26221   28532   16885    3857    5843   19347   22007   28025   23841   14540
    5134   13074   32173   29927   28448   27874   36350    9620    5549   30328
   36954   11996   26037   12594   35071    7762   14997    2218    4244   15823
   30023   10112   24366   16809   21846   34117   22775    2548   27755    5178
   21485   36880     510   10457    7706   33241   22058   31641   31183   10015
   36037   27049   22777   12817   33940   20003   28551   17281   31834    2463
     823   15056   16935    9829   23066    2999   12427    3928   11312   36743
   29530   32436   20458   34194   11331   26591   20572   14137    3769   21539
   10448    3004   17146   20841   16913    8546   25345   17245   19386     820
    4980   33046   20558    5081   32727    9594   12238   25425   33060    6212
   24915    8340   20725   30814   34006   23643    8115    3577   35986   25089
   13694    3921   34535   11316    8654   33821   29339     326   23296   15191
    1002    1171    7019   29515   27726   21345   29355   22750   15707   13730
   19915   17920   11706   11337   19852   22363    2706     826   24628     917
   10449   33377   29007   24383    7282   21041   10983    2300    7942    3933
    9227    3641   32892   27676    1891   36073   18989    4530   18877   14973
   20766   12989   25573   25506   34486    7435   29188   13377    2580    2357
   22545   27609   25581   25202   27958   35710   25156   22052    7270   28905
   28425   34807   17173    7436   29841   28244     975   28296   24821    7084
    3650   35835   14974   19224   13712   32712   12756    4199   34557   30113
   17182   22016   22065    9185   14005    6356   35027   15733    7027   24352
    7384   29470   17348   20284   26655    6560   33566   17298    5689   23464
   32431   29983    3585   12210   18284    8171   11849   25684    4951   20560
   33335    9628    2719   32411   14814   29576   23286    9513   28140    4406
   10936   30027    7919   19080   13679   18087   22978   31293   21841   26855
   15508    1575    5827   32565   10127   10201   27412   33774   27617   35881
   10861    2057   19293   23036   34942   10985    9997   20209   13326    9948
    5784   25190   22657   31974   18658    3534   24867   13530    4078    9142
    9199   24866   25732   17902    3628   11787    1125    8245    6511   33895
     490   26854   24548   19502    3221   15737   31998   32690   19484   34061
   30378   20511   30446    3708   19327    6084   34613   16724   18295    8505
   13001    3906    2863   25383    2478   35706   36454    7877   11120   24639
   20935   15108   29074   14163   21125   24697   18384   23233    2371    4069
   33022   12328   30069   29234    2855   25163   25031    7675   14147   13142
   27944   22390    9720   14482   27355   32570   32736     254    4502    3110
    2883   25088   34940   19832   15911   25735   15868   32073    9943   20389
   25265   20403    3729    6781   11967    6919   16094    8785   21993    8919
   21897   28537   14824   16179   15469   13947   13339    5069   19835    7261
   14805   12247   23901   35077   18418    4602   28523   11049   20401   30403
    6036    8949   32345   23489   15497   23963   15037   30789   13234    2285
   16443   36042   27753   33713   19023   17118   36078    4639   35505   17404
   20181   29541   30733   27845   23846   31615   11157   34420    8510    7897
   16909   18879   18774   32885    7356   10386   23050   20404   13774   19060
   32027   19233   32696   36206   34504   34912    4633   33707   21581   14768
    8031    9464   14224   23996   23550    4848   36908    6412    8845    2180
    9236    4385   23896   12148   26055   10116   34133   13416    1637    8497
   23522   25201     461   35267    2889    4913   19548    9983    6457   23223
    5431    8689   35423   29448   29976    8868   19791   23031    7769   34766
   19063   23355   25484    8624   23214    3315    9654    2114   18208   30263
   33318   29131    6610   19349    9113   29303   16625   28356    2348   13032
   26018   23956   32471   10829   14723   18966   12377   32344    3778   24538
   12255   36924   22670    5020   31999    2873    4557   21887    8714   31506
   29103   19038   13293   16038   15771    1837   23462   30530   36500    1795
   36423   36229   27356   33209   13909   18246   24565   27774   21589   32500
   25595   21214    1503   33266   27674   11118     439   13422    8303   10419
   23819   31058   10972   29229   25401   29018   18339    6152    6619   36401
   24129    6060   13298   12036    5885   28796    3968    9226   14588    7909
   28411   20553    6500   32153   32007   14355   31359   13798   12027    5938
   36419   24569   17822   17101   29852    5561   22966   30097   28410   30480
   25947   15129   10769    1213   33376   32615   13409   17066   15339   21088
     953   34326   32924   17449    2762   16058   21267   32899   24114   26914
   20274    6598   33557   18762   26931   26451    9165     414   11701    9015
   31648   21136   31289    2373   35695   21776    8793   28230   10610    3916
    6527    5960   29501   12517   23160   21253   31723   30647   28757   20970
   31850    1798   33831    4235   17252   20530    6851   21117   34789   34042
   15181   35693   36661   24522   12188   33284   29863   19389   30974   33020
    9732   15995    8315   17731   36310     287   24667   16908   33822   17169
    8437   11958   32673   13886   18496   31378   35281    2519   21530   19281
   16023   17351   26345   10229   24526   11954   27649   19664   12281    1334
   30444   21941   30807   31545   36491    1733    1188   36219   12879   23360
    6470   30319   23383   30090   28393   15832   26771   35167   32713    6280
   21291   24754   27374    9749   18976   21251   27263   20305   17051   11104
   23680   26835   17244   31649    2194   20048   26301    7947   15761   32298
   28603   32693    8135   10988    2656   36796   30948   15961   24393   22044
   12035   32598    4719    2720    2811   30608   30894   33785     711   23720
   12468    1411   31250    9381    6201   27393   15333   12605   24324   34995
   23563   24910    5308    7413   14562    3514    5795   16938   11628   35973
     627   22733   29789    1817   10379   11873    2487   26554    7380   18120
   12351    2239   15369   23484    1343    5133    7111   30128   14322    2137
   24089   14293   20446    4424   13355   31190   33189   36418   30866   28958
   12244    8119   31494   12448   33913   12398   12374    4811   18570   20431
    5966     189   12131    7024   24300   13985   11296    3054     446   34263
    3489   26474   22968   24096    2457   23197   34862   12232   24283    9418
    3639    9104   24209   16148   32197   32417   19409   14589    7189    8730
   25990   14516   14097   10565   28672   28821   35558   22411   12831   18267
    4043    7275   32900   14354    3623   18635    6079    5931    2713   18916
    3188   25025   35901   27574   11449   35371    7496   36739    7069   10707
   23467   27818   24219   25979   30903   25839   23788   30221    5004   26171
   26763   35086    7471   19612   11298   18282   31103    6774   22230   11892
    9002   26632   28442   32773   27888    5245    9094   28746   35641   22764
    9030   34050     789    9733    2077    3174    4914    2068   26381   34304
   32634   26515   25083    8977   36718   13628   10840    4319    2832   17288
    1215   33943   35527   14450    2274     772    2683   24226    9091    7457
   27589   34234   25733   24591    1294   26996    4277    5676   18819   15795
   19551   23347     824   34037   35436    2903    8329   33856   29751   14110
   10839   20879   27914     595   17875   20830   20625    1091   19217   35252
   36048   30982   24477    6246    8250   28433   16667   32482   17451   26348
   15611   17354   21662    8743   32056   30996   10792   33544     653   16802
   13810   36896   33830   15104   35803     520    4814   36768    7908   10740
    1957    3085   35330   27086   35114    6435   35302   29117   33585    1985
    8219   32157   15651   19488   20332    1047   10944    4226   27254   22053
   14430   18767    1217     830   34377   11432   35723    2036   32358   25397
   18288    5847   23553    7121   15376   11912    7395   36840    3118   12619
   12803   35303   33366   26980   16404   21360    9412   27015    5214   23116
    7955   11964   25213   35051    9607   30428   20418     630   20068   33122
    5978   15616    6191   35486   20116   30895   12316   19275    2454   13404
   25388   23959   26441   17271    8899   12901   31564    8023   32183   34052
   32730   11579   14631   18385     734   20676    8964    4291   33325    5810
   31307   29043   18363   20493   29810   21805   32530   18015   34696   27660
   19220   13200   29166   13905   16561   35861   25656   26737   12327   16828
   36612   35532   19876   30880   24099   10675   29552    7992   24815   18350
     936   36300      43    7268   14896   14117   19241   35824   34027    4415
   22692   31994   31775    7750   20065   27700   12071   36223    6533    3234
   14153   10426    8660    2120    6087    3025   34213   35951   15749   33253
   23949   10078   14597   19805   16781   28245    9157   29851   33541   18444
   28678   26785   27862   19077   11305   13617   35622   11752   34452   26206
   32184   11100   31171    6421    8588   12041   32832   11260   19439    1222
   32163    6477   35042   11831   27950    5545    9668   12624   22815   13614
    7850   17734    8500    9253   23872   23481   18542   10921    7137   12895
   35254   33498   24063   12204   21522   21622    5146    8968   21047   29199
   25473   28936   33898   35408     572    9495     880   36370    7184   29372
   28219   17121    2131    2646   24620   10673   11209   10560   36099   17068
   18430    8307   13752   13932   34786    8281   28208   34523    5872   25726
   11932   10900   34498   18856   14321   15095   28902    2032   11126   33393
   33500   32332   29120   20123   14664    6886   26801   33596   11008   10165
   23938   18530   16444   20156   29879    8404   33175   29509   20313   29911
   30033   26568   11861   27504    8407   36088   27593   22939   10584   29814
   22781   34312   16976   28915   18574   22469    3911   25306   19387   16413
   12499   35237   19626   12182   11685   29828    6944   14556   25806   31380
   34548     972     119   31559   16269   12011   26072    4714    4177   23981
   25764    9964   35519   28012    3398   20100   16539   18266    7694   25709
   17052   10530   31948   32025    8790   17529   20363   28363   18827   26252
    2676   31788    2803   30660   15891   29548   32028   11443   23794   16279
   14034    9435    2568   15728     220   27531   19359   22589   26885   19410
   33801   28788    4683   25901    2310   16681    6999    8935   31586   13444
    4106   21119   35799   17543   13937     838    1126    6736   16635   31824
   34590   20946   10679    1887   20694   18150    5142   28028   12899   32672
   33053   18729   28566   26575    8347    5661   12280   14577   12189   15072
   35113   19239   10728   21454   15756    7727   26970    7817   24250   13789
   35969    1731   12801    5521    7843   23158   35082   22359    3271    2918
   14845   25918   15198    2259   17243   21645   18597   28852   14712   18731
   27869   30711   30384   16098   30183   19779   13216     571   35145   17682
   30312    6207   12957   22250   23588   18437   31287   11774    9298   29763
   16111    6760   10065    8875   22523    7477    2751   30149   29427   22448
   34028   31276   30637   32396   18226   29801   25524    9026   27360   19549
    2598    9637   30925   35341    5460   10193   17639    2214   34191   21335
   18148   13531   32022   30664   22514   18560   17939   23909   23854   17441
   36829   31207   31877   30079    3143   35873   16526   20050   13513   12284
   22841   24472   11097   19729    2923   33628    3806   28985    6996   13569
   21172   22852   10567   25747    4422    1808   36460   27526     888   36342
   34165    1106   32723   24908   34625   20816   20604   34941     915   36116
   13870   31363    1888   35600    1197   21642   23228   23511    2232   29398
   19501   36649    1527   12759   30454   27117    5682    8206   20742   35545
   35079   34285    3892   30277    3203   17888   17409   25360    1114   17301
   14656   28956   27444   19509   13332   33085   28250    1976   35432    7714
   17851   15218   31838    9801    6352    4060   23289   22547   26881   33949
   20075   36145    5435   14373   22850   28017   25368    4417   13170    9825
   15270    1469   27513    4146    3404    2192    7432    8261   25154   23178
    1848   27187   34856   34276   35906   12312   13833   36806   21368    7910
    2347   23703   18642   12253   26789   35279   23073   23534   19578   16236
   35968    8265    5190   36529   25257   20233   29463   18975    8035   21409
   31863    3841    8821   30399   30519   18841    3158   25628   17824   17865
   17564   19583   33016    7385   29270   13207   12006    2326   16773   35311
   35930    2663   24072   18316   27172   32531    4201   34360   32748   30771
    5436   22354   26067   32024   20492   32272    6933    9845   36846   24258
   26427    2227   11254   15039   24152   11225   36646   27042   11632    3521
   20896    7309   35477    8298    2581   27258   29864   30937   17985   34489
   19102   18134   31678   32537     606   11699     916    8257   27493    3529
    5612     256    2699   25491    3215   30583   31195   36793   16340   34423
   29900   32468   17212    6570   29147   20825   29105   33081    8873    9861
    7723   19719   27271    9210    7444   33361   23652   17765   24687   17039
   26841   27537    7321    5704   36744   36012   20745   18000    4192    6550
   10843   18800   23168    5869   27694   28170   33655   14508   11766   32588
   35990   27197   29480   36158   23961   22639   20850   31576    1734   28097
   14330   29495   11087   29769   22489   12698    1639    5518   26779   29926
   35033   36255   22963   28270   24784   27976   15337    2494    6113   20727
   34579    1543   16369   31357    7632   20000    8176   12641   33680   21058
   35451   27564   25627   23853    4263    7797    9461   20201   32593   19081
   15385   15133   13077   13553    5974     245    9295   34203   25551    1439
   25877   14678   14929   16018   18873   17903   34608   20102   31185    5718
     739   20159   21284   10290   35863    4845    5364   36815    5087    6600
    8989   25413      89   13015   28680   18169    1590   21859   18181    9262
   19323   10133   28450   24279    8819    1571   19515   23599   10338   13663
   18306    5311    7115   11163   14947   15741    1864    5550    2059   36176
   26413   24138    6278    5943   16450   24951   30355   20425   18869   33480
   18953   28215   11269   16400   16597    5622    2288   24791    9958   29155
   12634   27877   34886    3407   26215   13576   28862   35800   26012   28082
    4698   36399   18924   10119   24554   19984   14862   29883   16922   19696
   32878    7490   33263   29332   31230   35370    9074    1021   35773   30632
    2344   28781   13172   26476   20164    7615   23439   12563   31760    7703
    5967   27630   30334   21480   10512   31945   34615   20031   31304   32118
   27371   15476   19858   16995   10785   18137   31295   15308    8595   12216
   20858   32552   21048   17540   27387   29617   27291    2024   19730    7147
   25829   13223    8540     761   28181    9173   24056   13384   26135   22090
   14174    1287   18510   28465   28090    6955   33696    1022   29093   27196
     787   26902   21400   20918   10109   31712    9718   19595   34946   25933
   24479    6980   11457   25691   26837   33718   30949    6225   12995   11797
   23984   24808   19044   33948   25433    3338   21875   12013   26293     195
   20631   28247   31805   29362   23315   36777    6738    2662   35023   10451
    9751    1994   36261   13414   26572    5400     409    3780   11373   30112
   25452   10057   30594   17505   36064   12644   30933     764   12268   18400
   25800    3513   17658    2325   31381    7630   36852   11130   27598   23508
   25119   19096   16022   10875   21037   27161   20674   32352   26751   36584
   32559    7776    6910   26538    9803   20350   16540    8120   15725   17933
    7917   26703    1760   11166   12854   19586   34599   14116   32455   34120
   33264    7588    7472   32248   18805   13042   20549   34970   18386   10862
   22986   35017     626   28561   22509   15793   26241   28152   26829   20285
    5914   17553   25178   14215   33349   24271   20887    4074   15641    8379
   16398     412   21481   26778    3696   15563   19339   16463   31762   22659
    4899   12862    6312   32456   15944   16536    6047   26998   11426   36251
   31931    3724   23283   34802    8383    2841   26379   36653    4831   23582
   17340   20653   22087   21980     145    1138    6950   28036   27100   20647
   32299    7713    8736   33495    4575    9004   16194   18968    1759   20315
    9092   17220    5987   34706   27103   26341    1989   33975    5270    1152
    8179   23625   15159    6180   36434   27209   19103   22021   32386    5875
   34724    1582    2887   27704    3702   30174   20848    1347    3478    6074
    7101   24786   31458    4562   18237   30718    6490   34072    6224   20734
   27763    3034   34852   23405    1727   18900    2714   26205   18551   15375
   34953   30825   27641   24823    7526   17863    2886   36702   35502   21176
   17753     278    6002   28186    8885   33317   12559   28999   11064   21532
     788   34167    8254    7327   30613   27909    9051   24008   29538    9676
   18712   20091      39   35124   17912   14374   27067    4591   30096    6380
   16275    7916   11905   15716    7652   32192    6737   10533     638   25336
   27619   18556   19988   15668   20701    5911    5132    9698    8258   11753
   35368   35209   29238   25692   14655    7180   34843   18197   18959    8760
    7051   19413    4340   27407    7252   17144    8054    5508   34513   31511
   21579   32426   35428   26941   15023    7826   17896   17509   10302   13845
   35488   10231   25508   26394   15890   25483   16353   20473   16390    1826
   17496     121   26017   24901    7337   21961    9211    4388   17337    7382
    1577   35345    6640    8856    7985   23442   34933   26897   23469   18146
   36730    6835   13030   20506   14618    3349    7443   36723    8720    7386
   19507   35241   34808   25724   13708   13420   32603    7585   19941     554
   31950   12108    6881   35637   24814   27767   27119   29785   20525   10398
    1921   10425   13285   27003   30622    7691   31389    8695   11306    6864
   10534   30373   27405   26689   13726   18419   26123   15905    9508    3868
   19942   21597   19850   14257   18489   31134   32797    7099   10614   35306
   18152   11696   31050   27667   30086    3062   14741    3357    1516   12269
   34813   16493   10563    7600   24238   34969   18280   19192    5038   27789
   20361   17490   36886   10274   31572   10487    6664   23053   31595   19317
     385   24055   24606   36565   20085   25157   25316   30604   17789    1221
   17087   28995   28191   29511   25945    9808    6120   19981     103   16711
   32861   13460   26709   11256   13907     239   10639   30440    2262   10903
   15459   34546   34723    3017   10638    7319   10541    7510   33907    1327
    5095    4015   22227   11358   31469    8268   13403   23224   17668   26311
   17884     785   28337     778   17915     486   24753   14863   10436   15429
    5684    2363    7169   11985    3954   25762   26245    7493   14810   20833
    8755   20874    6406   35620    1464   20980   30160    5695   24966   33672
   19693    1467   36254   22115   21358    3601   12597   18572   25341   26836
   19684   11409   34685   29504   17108   15731   32942   31622   28403    7834
   15323   25866   32387   17954   22684   35269   26226    9728   29623   32505
   27851   12828   17709   30018   15263    9866   27798    1172    7387   16367
   33653    4163   25648    3948   34161    7593   23690   34065   25812   18212
   36477    5819   23989   14539   30746   23904   17754   31580     925   28613
    2413   30130   32407   31303   29874   14233    3624    4032   20073   18108
   16280   17082   29813   28007   23038   26706    3367   15667    7941   17900
   16449   32062    6613   34333    4979    1482   27385   18794   23778   28237
    5836    7346   18932   34840   29595   26906   28998   31629    7899   31093
   35130   10751   30760    5232   22518   23545    5217    1612    8573    2140
     299   35750    5370    2095   14317   22765   15163   23993   36105    5110
   15700    6597   22063   27255    1003   23169   29730   27395    1329   34001
   20658   20331    6563   13900   15796   24666   19003    1501   13678   22077
    7167    9799   27418    6381   17879   22442    6542   24616    6887   18286
   33874   25487   19606   31908   24576    5917    8291   34768    6868   30141
   30014   24430   20353   12608   23524   23414   24292   26643   15919   20312
    4800    2665    4052    4440   18926   21918   14948   31776   10585   12173
   25243    8374   22462   13945   16549    4013   10722    1549   23452    3107
   25463   35918      67   13307    2479   21751   14992   34688   26385    8855
     721   16650    5338   20798   26890   15857    3732   30354    6408   10260
   33792   28923   27411   26710   11677   13115   22497   23535   26646   21544
    1388   15490   30307   31249   36282   29610   15158   14662   21716   31173
   23406    2766   29151    5543    5247    3703    1323    8815   30308   17450
   25856   16401   21992    6693   17701   32750   18815    5294   11987   19628
   15991   12533    5188   11317   19326   21286   13446    7371   14320   13759
   22869   24974   17610   18737   32176   31761   26282    9138    9651   27388
   15807   17502   27691    9821   32529   35504   17035    2042    5694   33816
   17226    8956   34596   35841   21361   33309   16070   27288   23306   31020
   28813    5688   22614   32655    1642   33242   34324   20089   10352   20169
    2482   24498    1909   27373   23115    4857   35681   29578   32533     637
   26743   13506   21230   20471    4673   24173   25352   20016   17853   34095
    4028   30220   10962   12469   10578    2652   35851   13095    4594   34726
   32850   35761    1871   20611   22229   35735   35111    4392     344   30287
    9194   24664   30151   20544    6773   35194    7890   34520   22022    5744
    3336   18157   14266   34400    6804   21541    5352   17736   29835    1029
   33351   31730   24623   14900   27328    3960    8991   26963   31504    3420
   14453   22093    8784    6585   36589   25559   30840    6151   31701   33909
   20880   14267    1861    8279   34740   22287   28874   17710   11750   16683
   32580     584     869   13068   34369   19783   36518   16067    3540   11270
    5054    7545    2498    3060   17613   17470   13990   21692   36095   26490
   27487    8748   31246    1531   22587   33416    8727    3554   29272   23189
   25172    7030   30360   23604   28074   21930   32230    9686   16837    1016
   29349   14649    8157   10348   28485   35531   15779   14564   31672   31234
   11562    1967    4387   10250      15   31412     770    3307   14792   17655
    7326     238   21393   30318    2265   14194    7396   36877   15974   22982
   27953   29695   27135    5264    9616    8575   13622   21545   31523    7248
   18494   31542   17402   20349   32661   29341   14620   32699   19481    8118
    5910   30813    7988    1116   21881   33127    7176   18300   17762   27463
    1937    3760   10873   14609   15318      49   23267    5837   33013   32206
    6621   22870    7885   16768    8113   27652    4619   16313    7923    4915
   27517   11556   25253    8021   31911   24586   32435   35058   20456   29570
   28419    3071    1418   29949   27887   29690   10196   30611    4955   10978
   27983   36745   10677   23000   22332    6641   24340   11596   28108    4927
   12861   25026   27901   17806   15768    9378   15224    2724   23811   22771
    6890    8891   27922   34630   25994   17363   10652   26663   31872   10521
    5638   33145    2160   36654   16685   14325   13273   21442   19394   36298
    6351   14910   33723   23762    6051     895    4822   12518   12410   12005
   24447   19843   19158    3052   20967   35384   10892   15160   32501   29237
   21815   28183   30044     561   26586   32747   18965    4068    3191    8711
   28049     143    7643   12930   31382   24207   10016    3895    2483    2650
   26351   36348   29368   12401    8626   16911   34973     519   18127   31953
   18126   28728   23986   24984    4161    1763    1224   36068   34454      44
   30867    6670   34633   28609   16268   22976   13917   20333   29056   24858
   31855   31962   22467   28573    7974   35135   34252   11016   14499   16829
    9632   11330    7263   12144   21621    3538   10144    4062   13132   17788
    5657   31141   19022   29326   23266   28482   30972   15533   30452   26213
     980    7845   12352     246   36692   20754    6947   34315   28699     673
   14129   28600   13943    9413   32490   27146   25108   31485   17315   31627
   21912    2162   20885    2444   33878    3736    3069   34927   32953   24051
   25895    2289   16716   27963   18291   19787   19448   36714   13473   18493
   36400   22180   18490   28083   28692   19711   21373    6283   11292   12459
   25097   17840   16468   28056   24184   34705    4734   36760   33095   22582
   17551   27967   35742   32362    4740   31449   22017    8069    9742   21295
   22715   28438     952   24730   24795   16819   11390   13100   31204    4354
   11541   31810   33280   23017   26798   33846   36426   17399   15977   23635
   15572   35201     255    6495   27610   29132   27391    7389   22950   12347
    4036   30474    4517   19655   14366   19605   25349    3406   26304   30286
   28151    2670   29631   35192    2424    9420   36794   30728   18389   18119
    4374   36368   32150   28948     636   20808    5624   28436   29845   35887
   30455   36684   12121   34030   32215   21075    2166   30795   16071   17991
   21879   23325   30125   35582   11702   31191    4132    2666    6066    9190
   21585    8896   35234   36284   21688   36276   19766   14758   19392   21552
   26262   17189   21863   33290   36503   32646   25986   19462    4738    7770
   19133    2060   19871   32144   31561   29713   31835    7153   32882     932
   36224   30065    7825   36735   33513   36215   17485   22075    2953   19381
   36949   10077   20534   35158   35494    6121   33605   27507   32509   33152
   29044    4524    7530   12162   24829    4662   17059   22897   13766   36700
   28663   27830   19558   17594   22537      62   30157   25756   24206    1105
   28293   36054   30179   19761   30094    7256    9385   27472   21703   18817
    7775   35645     367   20024   31291   21317     686   26373    4196   14990
   35714   26462   32938   29254   20227   25590    4553   34614   33844    9706
   13501   34609   17976   34921    8188   28901   15368    9750   15875   29727
    5409   36190   12692   30477   32792   16545   34581   18236   17165    2337
   34088    8095   18603   35838   19969   28582   31127    4721   13493   27797
   21656   10218   10037   13527    3209    2914   23929    5820   17871   21974
   25008   12883   33219   29412    3419   21381    9093   10856    4912   29915
   26016    3000   22542   16958   15434    5939   10134   16715   15513   22512
    8099   36920   20882   31571     403   29053    6304   34917    8915   12840
   33461   21217   12646   33217   13935   12335   10991   17778    9362    3966
   11833    2613   16734   26194   30129    7554   35183   19276   17526   12701
   23262   30735   14385   23515   25602   10606    5337   28024   30740   35216
   25576   17723    9633   22351   26200    9388   27871   20092    3510   19148
    2551   14898    9986    9108    5211    6666   32512    7627    4771   32502
   26556   28355   17589   35300   22621   23731   36837   31075   16426   35127
   22646    3972   24873   15982   14545   14073    7596   18289   10486   24925
   28467     137    7944   34043    3135   29684   20802   32823   14497   26228
   16256   18322   15466   22749   35271   19500   12126   36544   19489   21854
   10553    5656   15624   34140   23915   19875   21671    8370   35623     310
   30944   23234   28506    1401   16980   26681   12950   25532   23327   36523
   25081   22112    6540   10574   21595   26036   12983   17191   20805   23242
   12629    5019   11418   36056     594   31659    4924   14969   28367   27053
   32506   17911   13491   14513   12223    8492   23537   22125   25998    6906
   10370    9793   32321   21074   19922   28299   15327   26303   27497   10413
   24145   31985    8055   33595    2053    3698   31350    5806   12080   18865
    4115   20367   21638   16497   29299   21516    1351   14836   13928   28408
   31789    1316   25007    6655    1156   33716   35481    9704    8199   18709
   33860   33128   30845    5918   16352   18705   36943   24955   36674    1382
   16994   20914    6783    4407   13758    9873      79   28114   36149   34447
   19446   31574    2998   32190     455   17018   20639   26871   22120   27690
   13204   30072   18072   10384   36060   30926   32473    5951   18468   18744
   23330    6782    2648    4894   34569   30581   34264   34796    4116    3372
   26271   22124   30442   23822   28372   30971   17320   14965   31440   28984
   36546   35013   11724   26184    6192    1565    7537   10632    5666    2783
    3100   27911   21159   23770   31510    6648   18837   30116   11428    9547
   10735   24899   24037    4195    3912    3819    6696   36562   14461   22010
   27819   14456   12805   22629    4713   28388   34075   19119   32366   10598
    2838   17327   17420   32310    5450     611   35119   24419   12650    8173
    2469   33871    1086   27112   20518   34432   26015   24290   11170    3667
   14154   35474   29899   31278   21683   10953   19299   27349    2414    5706
   14237   32758   21987   19803   30884   24865   23687    6081     319   27442
   30947    5315    9876   27815    4732    6292   10571   12408   16888    2540
    1385   24783   23451   19679   35299   28733   20621    6701    4109    5572
   12370   15452   34894   31424   10519   26788   27307    4823   26420   17333
    6700    7580   13843   32669    1616   10480   32641   31708    3572   12684
    9278   23458   32081   15147   17856    4462   12850   30146   11955   28988
   13291   18004   14055   17750   14838    5322    9183   13632    9893    6808
    6523   36771    1422    3735    7202   34528   28463   33989   12657   36602
   33757   25496    1984   17651   23564   24462   21724   27094    7274   21566
   33836   29469   23410   20207    3053   13119   18771    8357   17335   18809
    7578    1054   24570   32422   35457   35967   34464    5930   22833    3296
   24491   23154    3946   18110   12585   24698   26445   15663   26661   35338
   26728   29925    1131   33673   14661    3333    8495   23879   31212    6279
   33214   21062    5468   21285   27153   12235   32415   36283   26033   27794
   32037   27224   34777   29565   35791   22854   13126    1632   29798    4276
   24652   22162    2626   23964   35590    3012    7886   33527   19438   18833
   34988    6573   22292     389    4149   14790   28670    1276   13666   19428
   32322   15534   22606   26561   32785   30271    5811    6354   18902   18608
   20854   27831   26302   20395   29938   27303    6561   30021    1878   33070
   16262    1428    1802   32741   18445   24192   22935    4767   28789     384
   18758   22561   21061     370   35889   27035   15294    4948   21106   22188
   25871   27046   12889   20138   33243   14259   15322     309   10803   24193
   23530   13181   17618   24326    1624   18313    9031     624   17467   14382
   34277   10941   27891    9133    9141   30310   32413    5452   10246   34681
   30958   31692   11483    5387   25169   13288   12991   22331   15362   15312
   27386   21005   15770   25780   13338    7023   15872   23208   36336   24863
   26680    6208   29158   18949   31043   14002   35125   35190    4439   32105
    1425   30589   25437   14512   29536   25464    1713   23004    3044    6949
   36000   31096   18128   29366   19573    2987   28088    2510    7102   24874
   15149   27858   11879   27939    4865   13249   18356    3815   27486   24670
   27210   24769   14706    5187    9577    4009    9778   13861   30522   33841
   11508   18027   23496   36676   16917   14345   31935   14689   30344   19657
   19117   29912   35667   25819   14613   14498    1311   16792    6018   36397
   10886    2388   12618    7140     422   11005    7949   30394   21809   28575
   30359   23899    6721   33434   17276   11756    8433   10931   28477    1618
   17807   23238   16934   21458   33058   12307   14042   12170     378   36502
    3484   31537   14452   35974   13650   18474    4003   10879   17691    5721
    5523   34244   20428    3320    1295   15150   14019     237   26136   18255
   14807   11070   20070   22660    4343   15929   29012   15482   15225   24555
   10382    3520    6238    8008   12873   27105   28804   11982   35264     976
   23221   21785    7108   19937   13447     532     447   12196    9040   25343
    5757   33649   26153   20183   30019    3887   20993   24961   13474    7613
   22644   21991   17005   29471    4578   23988   23514    6548   21922   25016
    2361    9225    5934    3635   24150   33267    5564    9763    1886   29142
   36320   35672    8341   12489    9634    2134   23226    1548   23076   15175
   16969   20352   13859   30702   23954   25868   30015   30983    7970   17278
   21690   33034   13783   35297   29171   12075   34309   20096   11495   15600
    8682   23558    1043    9993   26810   36374   13389   25738    4399   30659
   32334   22135     867    5483   27362    2599    9132   16897   28964   21479
    3346   30965   17092   21394   31616    9541   24161   11681   13827   32581
   29418   15164   21529   36799   16226    6347   18576   36818    1676   31766
    6410    8533     752   26888    5089   36349    2356   31285   10600    7058
   24188    4551   25490   10635   21983   31718   35240   12300   13340   23717
   29905   23715   17975    3078   11671   35116   31923     613   25799    4454
   28331   29112   35268    7491   18549   15633    9198   32760    8213   16327
   14905   24323   28997    6751   23111   17757   15632   20812    5033   18039
    5985     940   30842   13999   35232    3611    9716   15370   31879    8726
    1917    1465    6138   32503   31864   14886   13138    9939   15003    8792
   18697     660    4504   23136    2610   25255   26010   33439    2854   33562
   32356   19946   12329   19908   31089   22804   26049   31798   34601   21723
      53    1993   23309   19709     392   14733   23898    6704    7232   14021
   25148   27684   24484   26999   16884    1881   12753    3247   18460   28773
   17562    3716    7680   12197    8501   32487   31524     998   18670   25702
   30497    6552   35556    8143   22526   14703   25647   36785   27580   15363
    9387   33715   21653    8601    5401   16072   25725    3289     750   12491
   21548   35012   12208    1562   10974     190   32148   11738   23843    7375
   22720   32609   21634   31670   29910   27838    5613    9393    2079   23774
    1566     313   18561   27305   23332    5623    1438   25966   22844   21756
    3238    6820   30572   16577   18394   24205   30176     724   12304    5003
   22708   34804    3783   35238   30754   33444   32221    8438   15757   31677
   23368   11903   27554   25890   12800   18566   32091   31342   27244    7135
    2619    3664   10661   16944    5476   29048   30205   25505   17043   27236
    6262   25963    7984    4543    8581   15855   15332    9351   15699    1756
   11973   24016    8961   21958    1631   16026    7853   32919     291   35568
    3897    2111   22768   29646   29403   31165   21827   14232   29379   27989
   23908   33662   27370    8985    4727   36834   29500   22222    5459   21448
    6251   17098   15252   17063    1690   33604    3740   20396   19867    4164
   15866   13510   31115   17922    5522   18265   26832   31722   14722    4680
   24285   21275    7558   11844    4433   18631   29526   28978   24634    1300
   21842    8400   12379   30943   17517   34863   22607   25886   25173   19918
   12553   21795   14614    5195   36475   18964   27169   31368   13163    3156
   21054   27813    2566   22864   16210   10670    8429   33033   18117   33270
   19338   18680   32023   24965   15400    9128    3632   15529    7737   32418
   36299     136   35776   17266    6387    2962   32587    2383    6285   21679
   18667    8839   33720    9555   28660   33580   11388   36363    3652    6743
   11349    7928    4000    4250   11935   26222    5734    2815    9566   29253
   20340   19760   33406   10239   26127   36050   21517   27897   23276   24519
   35472   19784   31076   27805   25563   14829   35031   34864   29039   21734
   29352   32675   32489   20391   35256   21357   21609    1586   23574    9558
   22508   33677   36273   34115    3075    4112   17247   27596   20578   31658
   32295   19256   25077    7210   19668   16696   30055    7222   31809   23468
   12762   16233   13263   27134   10308    1918   10725    9789   14533   33257
   19602   32234   11340   11031   22296   26840   14751    9126    9621   23198
   18446   20673   36385    5373   29350   20909    6131   30445    6584    3998
   25883   15295    5334   11219   12617   15245    4766   35242    6182   35685
   35939    1282   33204   10096   35134   20126   34286   23212     648   13595
   26607    7071   11082   25450   31146   35942   23931   22992   13797   28903
   22971    7511   20498   16586   36864   31243   14708   35798   24994   34636
    1502   32499   11615   12380   35430   30644    6248    7182   20513   22179
   21780   17955   15440    4919   18936   25101   31769    3914   18586   15357
   36003   34693   13081   15514    1866    8584   14558    3749   29423   13178
   36280    5604   36876    4279    3389      61   23933   35437   34661   36629
   21740   34494   32650    3080   10261   21067    1037   17330   29630   28776
   28762   31414   28116   17381   10234   19199   33142   30586   24862    2715
   36639   13954   31582    4208   12741   10522    3752   14099    9233   14485
   30830   11608    9859    4801   35476   10054   18684   24252   30352   28229
    5815    7452   33678    6909   29134   24414   20795   33956   33030   31599
   33925     569    3038   17730   10122    8104   34116   20387   21964   29387
   14789   26501   23069    1336    3027   16541    4975    7295   32239    4964
   23248   35610   31751   31063   14798   18781    1747   25020   16804    7174
   29257   25134   23279   23977   12479   29409    9857   35579   11065    9268
    9219   22253   20119   22802    8854   23902   13300    9517   29320   14305
   32054   33411    9135   34483    1776   25939   32045   22745   23653   31657
   20550   29371   13673   31528    6033   27044   11081   15708   17119    3451
   22398   10242    6411    7732   33778   35137   24220   28966    2170   31771
   10939   31630    5239   32508   20843   24126   30184   29674   21339   10955
   19965   23781   22209    7370   13331    8652   12229   15030    4344   19545
    9136   14705   19740    7794   35935    7132   14734   32763   28399   11322
   32269     236   33101      71     859   14334   26727   34365   21056   20633
   15324   20937   22389   15174   30560    2534   32383    2268    8609   10816
    4728     801    3380   24561    5189   14535   33079   12271   24658   34249
   21630     176    3245    9404   32245    7896   23275   23884   17452   33375
   35694   25070   35363   27612   36199   14945   29842   15942    2381    3952
   27202   34770   13415    2020   24810    1494    2840   25786    7724   33344
   18175   22612   29084   26029    9565   13351   26138   16220   27545   12859
   21921   33069   31274   28705   12761   27341   23659   20030   28763   14772
   17286   29196   36999    5349   18381   19939   16946   12746   33151   19434
   13565   24466   24993   25459    8741   14612   20450   17772    1379   36982
   33433   25393   25888   15486   28878   28475   32526   12780   12590   16357
   23334   28290   11846   33865    4087    2888   27857   15409   34004    4349
   21937   13360   16396    5090   17992    9146   30683   31721   26408   23206
    8646   33088    4635   14580   33995   12097   10179   13025   33347   34502
    5517   27622   15070   26916   23521   14041   22806   33808   18666   33908
   32285   10526    8056   16538   19304   29972    6893   22554   14958   20583
   36303    7267   21355   10716   35118   14515   14282   32161    9103   21318
   14352   31915   17935    9137   20356   19218   22274   18003   15155   11441
     360   14425   13642   31270   23297   28210    6115   12790    3313   34144
    8884   18825   31364   17652   23271   36976   11263   20254   32597   12664
   32259   21452    5185   31045   33725    7013   33765   22567   35850   29577
    5596   29484   22269   13060    8151     118   17199    5135    7031    2493
   16542   27168   25096   35971   22268   22384    1968   20136   13959    3583
   17899   13362   30215   18382   19526   24642   19416    6587   15142    7466
    3458   21813   19497   18633   12643    7543    5102   10518   27175   10173
   11311    2616   33271   27294   17860   23055   21257    4965   14185   11793
    8623   23056   35385   36138   26678     165   10749   22855    7786    6088
    1990   19283    9043   11649   14626    1417    2535    7118   10254   19135
   17510   17374   26006   12104   16622   28558   19185   12033   29954    8561
    5515    9625   16265    1160   12088   13027   18851   19537   24107    1161
    8044   28029   23181   34411     436    9098    5303   23413   36851   21167
   26459   25605   24065    9241   26454   11083   21152   24773   12147   30321
   18104   11755   12595   21341   16172   19633     979   12490   11612   17970
    6822   18723   29917   35148   17669    2994   23123   11567   23300   31284
    8283    8126    4405   24819   26623    7079    6732   17910   17135   22465
   20846   22636    8373   34198    1363    2899    3653   33187   33538   11824
   11576    9753   13618    1383   22800   30057   18189   19770   20272    6756
   13128   13518    4217   30386   30848    7050     478   22453   27423     968
   12485   34872   19566   18270   30732   14658    5716    3303   10076   22335
   20868   11906   36391   12180   10056    7717   17547   25568   10314   27163
     472   25889   24325   19651   33993    9468   36424   11022   26312    2220
   19017   30171   14979    8015   32666   27107   29772   12527   33288   10141
   23808   18564   32122   29897   36691   23119    3447   16068   36615   20997
   12482    9917   12687   13692   17641    4172   16431   36232   11185    6653
    5229   21229    5458    7920    3794   16933   36347   15849   11177    1947
   15569   32754   22851   35813   11136    7035   15216   11203   32469   29160
   17938    7882   10576    6894    1251   35197   28814   25586   27934   12439
   14309   16780    6440   35006    8348   24396   11280   28538   20958   19936
   19798    4451    2754   10470   22791   31489   25402    7640   19029    1608
   21738   32834   23124   26131   36634   34963   17074   18650   32889   33945
    2193   12376   28974   14314    2609   23621    2263   19506    1440   15036
   22198   13519    9281    5752   16984   27479    4303   22829   34849    7951
   36992   21641   28858   28530   14962   14203   31797     318   26808    4959
   33879   15115     751   35020   29982   23129   16307   35837    9463   28358
   18293    1557    4655   13225   31779   15209   35961    1643   25977   19490
    1876   12887   29964   26141   24758   26839   24166   16045   29009   31124
   25863    1403    1273   14333   17693    4212   18776   23576   13240    8318
   27516   31925    1414   20976    9228   30509   29902   23557   28713   29107
   10708   34533   35683   31607    6216   34339    4394    4946   27359    5062
   19712   27760     502   27275   22911   23253   11868   31796   14909   25830
   18795   22795   19101   35206   29383   33443    9095   18057   23935    7231
   24629   17008   25970    7535     969   20443   10223   10668   23554   33240
   10690   18663   29903   35766    1849   14522    2768   25575   22678   20589
   22334   11033    5405    2989   13514   32632   19691   30324   25073   26928
   23580   25135   11974     965   23925   10549   33704   25191   18483   25085
    1730   25548   28488   16730    2212    7847   32940   26726   10110   14901
   18756   33153   27802   19075   12818   26433   19287    6539   12003   20441
   14846   17906   19845   34929    7212    4604   25841   30198   26217   21745
   10003   21951     242   28602   26298   12382   25831   24486   22371   12087
    3099   15813   17390   27558   36277   18736   36210   17145   11338   27179
   15122   28812   12342   11321     924   20614   25744   17946   15046   36650
   11115    4357   30392   25643    3330    6529   31680   21370    4926   23739
   27925   22677    5314    2805   11047   11277    6785   19311   30772    9544
     187    8651   35296    2571   10718     202   33354   30107   17670   17527
   18887   17737   36066   24798   12167   24674    9164    7683   12838   29478
   10053   34901   29292   33458   20293   20984    9232   17820   15249    5894
    4245   14388   29594    4737   15871   25348   34812    4870    5236   15141
   29988    3488   27529   14532    6303    4840   24837    9427   26494   27701
    4818   31836    7617   22556   30634    1922   12555    8459   36545   17024
    8223   19995   28222   29554    6463   17009   12362   19286   14018   27933
   21664   17649   20907   23425   14720   22651   13818   12931   26639   15996
   23889   14457   15689   27203    4481     155   28841   29347   32783   31885
   14860   18376   31030   36164    9812   29434   33007   24025   30272   22813
   29119    3974     799    3581   25964   17603    2158   20910   29322   24512
   24645   20791   13683   23633    8676   12152    3213   31147    1123    9895
   17724   29783   11519   24741   34624   25676   32612   28395      22   32971
    3764   17464   22877    9816   15625   26248   28819   29011    1430   12339
   15237   14128   31232   10203   21262    2816    5739   29060   10514   12607
   14272   21632   26593   25295   27235   34739    7365   20250   16377   28469
   36334      58    4436   21586   17128    3743    6761   27468   26704   36490
   35866    5358   18978   15665   12591   23118   25027   16159    9471     986
    2009   32649   13434     983   29908   13324    5329    4621   30190   27272
   26144   29721   13639     766   19900   32177   33660   33572   34272   29059
    1977   16570   21155   14258    1701   23088   17139   20084   11404    2046
    2951    2997   16603   20605   30818   18847     658    5785   21673   29001
    7958    1461   26415   27220    8707   20576   34406    1530    7731    3226
    4459   14767   35089    3803   36171    3939   24699   34594   19743   23752
    2088   15943   36388    2119    4438    1487    4866   29868   35473   19366
   11651   24785   34386   34982   14279    8703    9963   29073   36467   27902
   16907   33182   33149    1620   11313   18178   31661    6025   27795   20712
    7760   26398   18285   30742   27304   11546   26592   17136    7300    1573
   27908   24268   32399   14743    7005   32270   23865   31086   29957   29677
   21319   32055   17437   14009   15973   29616   23417     281   28986    2896
   20607   14726    1672    5519   30839   18042     475    2565    9809   15268
    2857   25355    4313    3217    6220   27378   13872   32228    3551    8109
   33937   21948    4056   24805   29878   10633    7138    2386   20286   11553
   33041   12714   33383   27884    5394    8705   26219   19589    6734   20407
   25932   29847      84   31988    1521   25837   18799   21833    7308   34771
   10929   15824   16839    3918   16618    4703   33750   20719   25262    1522
   25515   22213   11078   21549    5707    2834   28765   15933   23440   21832
   34945    5410   19727    4907   28212     598    4266   18319   14701    9860
   20001   14167    8675    7109   23529   11384   14799   25029   13394   16883
   16902   15814   25405   17395   11200    6497   11604   31128   29753   30400
   20736   14337   12292   32164   27181   11264   26092   17952   23499    3648
    2664   11812   19370   12522   31536   28196   12526   18477   32950   21505
   29881   21872    1471   15005   14791    9985   21600   12797   36489   32261
   15373   33548   18240   35946    6530      38    6341   19205    2085    9761
   15414      94    3823    8817   33380   28265    3103   18164   15504   11027
   31975   12890   10869   18314    9877   20656    8221   33839   29233   12689
   31413   11855    6838   30576    7679   24133    3575   16207   18740   13033
   14060   20054    5363   36270    1191   17377   14852   22524   18088     827
   15746   27712   12066   32484   32129    9346   28476   35554   32982   13158
   22356   26790   34674   34943   19334   33590   14254    1862   29680   23393
   19172    7249   26606    8178    3804   35831    7157   16195    6747    5152
   36259     655   12415   27188   14195   28168    4933    1101    3089   35917
   34966   11486    4759   19161   30927   10080    7148   15945   20157   34875
   21639   10748   18983   16865   13372    4787   19395   25318   16083   13327
   21648   20869   23443   32211   23721     617   34716    4219   23466    4560
   23979   24296    8253   19541    9016   23255   34598   16213   22649   17781
    6788    1164   22397   20535   20574   30794   30567   26390     954   36217
   34122   25117    7098   14933    2799   11117   12656    3120   15397   30404
    3223    2986   21988   26711   35404    6608   28258   24277   24070   23428
   19184   13939   35233   29676    7773   14802   28039   18685   17484   20870
    1429   32524    6053   35448   36035   28449   27346   16699   16981   17143
   16255   16424   19601    4367   23128     133    9642   22164   33647    7954
   10919   23953   36005   19677   25699   16903    4075   17481   24394    8445
   16698   13270   20661   31916   22716    8772   16979   33478   20199   25625
   34084   10445   33061    1367   18077   30953    9524   13322   27582   28447
   28086   32835   32155   34402   29420   13391   26384    2063    4143    5064
   28335    8892   22696    8728    3627   29126   36086    9523    8788    3956
   29743   26414    4204    3812   23483    9497   32590    5433   21567    2370
    8656   10090   35684    6141   22916   17549   23395   13125   33337   18866
    9386   26233      78    8296   30459   26041   11771   12929   17833   15199
   34551   14797   25151   24288   25372   12333    5803     498    4556   36058
    6709   14347   35461   21398    3225   15140   23313   36044   29679    1396
   35867   22719   13209    4794   12836    9813    9343    2016   35171    2475
   34262    1264   16733   28386   10984    2929    8582   33733    6177   18640
   25655   17403   26729   18749   31602   18660   26319   15350   14938   21012
    4707   15044   19795    2949   14109   30173   15302   35630   19956   29942
   30707   30290   29384   32740   31620   33952     841    2564    4835   35864
   11231   15121   14393   32956   30630    8074   14375   16138    8498    7634
   22697   36294    7606   17149    4587   29308    3606   20093     947    6935
   15501   28213   14229   35507   23126   18366   11423   30260   22042   14038
   26011    9786   31040   30701   21701    9677   30628   34712    5857   13059
   35445   18101   21746   28033    5890
