   28384   21736   29481   14454   22171   26610   29246   12885   22645   14549
   26509    8463   12674   30675   25221    7258   26389   30910   30833   35398
    1362   36057    9684    5074   32579    5809   12287    6880   31107   17828
   26402    1272   35984    8990   22522    4260    1231   10704   12688   36100
    3642   16287    1247   25118   34388   36643   19351   29127   29821    4855
   29446   10342   16261   32912    4432   30457   32462   30601   21826   12163
   16073   36353    7460   26773   33342   16130   30605   16328   21582    8539
    4334   26396    2294   17489   31333   13156   13011   13610    1333   19986
   13669   24751   28444   15566   30250   29702    6213   14311   29248    1551
      80   16441   12574   19894   17268   29970   14030     399   28826     934
   11188   19284   20531   31519   26426   32202   24587     897    3849   35687
   15784    7977   23743    8401   19836     900     340   16585    9439   21788
   28221   26175   21518   29858   24248   15738   17855    2173   17438    9240
    4930    8284   18587   25652    7929   19238    5191   12769   23861   18113
   36614   31001   35981   29832   16706   21364   24391   10977   12715    7482
   26769    2909   21904    8423   36778   22628   33726   19643   18541     104
   24259   12109   20609   32574     322   28831   26359   32035   23503   14952
    7859   30900   11542   24746   34134   18524   11805    1218   25480   19980
   15395    7648    3114   15247   20624   33322    6657   16564   29605    1605
   16630   18750   19006   25420    6764   35567    4489   27680   31839   25827
   36319    3042    4647   24797   29098   35244    4789   16741   31061   35320
    4969    3401    7930   18725    3023   22953   34605   26404    5956     188
    6020   13302   22926   27127   10819    9032    9550   17168   13035   24183
    9658   20310   24851   19582   20718    4743   35829   21042   16636   21333
   20415    9340   33179   23078   27829   33154   35100   27588   33819    2304
    3290   26665   23082    2200   22172   16512   17328    1964   20814   34820
   21322   26023   14484    4603   19535   14634   10588   13185   35949   24425
   24158   15774    2047   16388   22735   16467   13029    4275   33201   32595
    4744   11690    2169   10647   29235    2722    1455    2885   36835   34832
   24922     857    5367   16937   12175   26147   24431    2355   30012   28793
   14567   12393   26896   35491   19774   24368    9855   18565    9570   18905
   24033   11786    1452   29812   32262   32965   13697   17507   31435   17251
   30752   12207   22344   26696   32222   15706   32547   23646   27231    1142
   28981    7603   36287   26608    3343   11684    5824    1304   11999    9774
    3813    8590   25523   15743    7247     623    3169   21135   26391    2346
   30963   13318    2828    6716   18934   18698   12512    7591   17953   15983
   10911   28656   25486    6434   22342   24902    5631   18035    1122   28754
   34652   25758   35250    4129   25422   12824   24000   21576   16687   23777
   34404   28744    4588   27825    4726   16926    7123   21427    3874    4838
   36008   35639   29293   33067   22577    2099    6592   27276   29353   30879
   27123   17810   28870   22435   32876   21064   26489   23803   27440    4452
   34188   14048   23678   30918   12319   22186    4409   22099   14837    2505
    1019   21790    7884   35872   28553    7841   11424    8543   30152   15980
   16877   18487   36678    5530    8355   12270   28552   24728    1833   10364
   15574   35774   11920   27295   13267   19997   30380   20787    8256   22410
   31129   10960   25549   33640     944   29640    9450    6995   16363   13062
   13991   36028    2703    9010   29091   21197    7106   20416    1782   20683
    3994   20895    4493   13152   20302   27339   25353   26512   17111   13699
   11353   27941    1644     184   22297    7330     280   27635   28917   31496
   35520   25063   16640   24594   14392   33148    1149   30193   25110   34911
   36165   13004   19344   18529   26110   19895    6032   14721   33222   22218
   16308   30939     101   21013   20771    4819    6394   33936   29224    8409
   19068   36339   35214    7837   27348   30063    5791   28992   14654   23494
    2359   27555   19938    6602    2143   13012   36774    2870   11342   31217
   20322   13626   22857   11989   34094   16042   17472   20083   18526   21793
    1506   28499   34253   24080   29156   24057   19046   24224   26609   20524
   21769   25112    8564    4954   11953   26833    6750    2276   21157    5427
   15852   29932   24281   23453   11333   24458   28161   19800    7224    9119
   25703    1286   32538   27970   31009   28742   35743   15586    7555   34444
   21871    1906   25585   14308   25369   32746   14867   34831   19529   21280
   15298   18557     634   25220   36120   12845   19512    6905   24423   17201
    3574    6077    1663   32048   10167    2959   23663    2773    7483   21000
   21949   26657   36019   17292   31311   25870    1982    3426   29945    7844
   15670    7848   27898   16575   20118   23785   12732   10182   33597    6391
   31178   14928    3131     123   25842   25736   15080   14063    2536   24198
   10767   31067    1001   30041   27415   34218    4526   12793   36958   14413
    1000   36326   12055    6455    5831   18303   33935   12520   30708   15051
   23001   34924   15645   35562    2474   12396   22307   20998   13424    8986
   20684   14985   18720   28211    8880   11656   23619    6849    9085    8881
    5580   26051   16031   23670    9580   20151    3938      60   29920   11232
   36163    3833   24796    9996   32400   24020   26069   34258     816    3747
   15549   22116    3309   26236    8671   31938    4706    5896   30104   14622
    7107    7480   27852   16910   15465   11930   30722   36200   36361   25660
   16351   26132   29391     832    5407   33112   22483     324   33928   11063
   20360   30114   26981   28182   16383   34580    3765   22131    6137    7078
   15722    6667   13071   25636   10965   12953   21124   34847    6762   27151
   19523    5745   26637   10456   23858    7424   21706     494   34641   36245
   34865    8446   23149   19048   18238   35348   27402    7207   27907   14527
   25189   35000   29291    3486   23122   30698   25109   20378   35607   13016
   35937   24703   15343   11804   22254   21865     358   15777   24782   11410
   31814   17174    7870   30780    1751   10513    9889   26787    2039   21111
   32880   23328   29952   25354   28081    4808     941   23487    3305   19330
    6444   19572    7406     625   36381    2022    3801   32914   17314   34672
   36472   14796   23146   29187   25195    4511   20508   27076   31117   25604
   16453    8005    8038   22586   34303    5509   30379   27028   31686   11728
    1518   12812   26364   12638    3151   35855   29768   28761   23389    7047
   15034   19088   10455   16286   16395   34308   10183   27160   18304     992
   35814   24345    5792   17666   27740   11080   35840    4162   34603   12400
    6617    1703   19137   29704   25131   36841   36804    6848   13148   14566
   35730   32549    2995   28067   36271   15344    1589   36228    8692    8773
   21584   29924   16347   19262   28924   14699   17690   33701   35649     919
   17769   32909    9202   12441   33559   17791   25449    4893   27177   23194
     652   27494   28955   36131    6697   34110   29492   10415     146   25958
   35950   28156    4342   11843    6329   28520   19466   32107   12951   28440
   34637   13571   27654   22669   13731    5994    4531   17089    8709    1750
   31083    9588    5437   33373   18298   17530   32403   26542    4496     962
    5635   26124   16076   18186   13262   15798   23694   21226   10322   30256
   20402    2677   36256    7744   17620     560   17664   22403   20171   29513
    5741   17924   16303   20187    1174    4747     544   12460    8350   29493
   22376    9063   18412   15628   30734    9398   21016   25271    8611   14298
   33465    1030   35215   19733   19777   29969   17770   36537   33689   19966
    1135   36040    4842   24100   30201   10999   15162   35588    2711     125
    8670   34956   16738    2981   26831    7216   12157    2700   16923    8843
   14994   11675   12842     579    9425     679   25504   12509   14068    7289
    4967    6487   16231    7152   28068   26958   36995   11697   16125   31853
   15644   17826    3014   28002    4029   35847   17419    7665   24321   25844
   15704   16843    2178   15970   31664   36335   34811   26813   22987   14196
   25264    3479    2741    6012   30339    9912   22223   15932    7072   36127
   32605    6810    8362   27014   13002    8339   24280   27519   28054     641
   17376   25794   11945   22193    4284     404   36387    3542    2974   31903
    4274    6516    1421   10948   14991   11475   13385   30265   12305   16153
   10047    8227   26477   20610   27399   25606   20457   35076   25825   36345
   36314   24826    8412    7864    8927   20768    7461   24807   35734   22794
    3742   19704    3304   31828   33523   35614   29416   26879    8731   25331
   30387   19156   23533    1230   16191   25408   28468   21387    6300   22414
   16119   13311   25805   26913   26223    1673   22221   24573   28855    1591
   32124    2611    6400   16689   16260   13658    1420   34307   34142   16671
   24816   22650    3010   11303    7575   35073   21426   30191   21973    7567
   23101   20822    4088    1959   28930   14729    5362   26791    5640   32904
    3323   13084   17568   12386   25665   23586    3285    7046   14849   16891
   26565   36465    4755   11770   24507   11116    3352    3615   12090   15603
   22408   23547    7768   35597   13248   35062   33684   13620   30699   13700
   32109   12452     269   23807   27717   25881   12057   14204    7637   36312
   35360   11768   32599   28220   19951   36973   36425   26166    5025   26375
    8276   28740   33275   14323    1249   31337   32147   17305   32582    9782
   17684   26564    6724   17147    7860   17194    1607   19447    2052   27602
   31474   24869   22005    5524   29836   33690    3312   35407    4613    7243
   20291   31419   35063   12844    8666   33998    2777    1010    7901   35159
    9800   25488    2035   34311   32363   24257   25865    2126   36764   35016
    6397   25278   17296   10540   10992    1017   19975      92   19521   32583
    9314    1932   13282   16482   31802   36415    3710   23416    1753   22277
   17310   21588   16368    6399   24710    7043   32440   17166   33518   35548
   14561   29582   30852   18190   34794   20321   34750   19261   36015    7265
   24738     796   29316   25941   14201   24239   10755    6445   36205    2161
   17007   18839    6023   32208   34401    7747   31047   16801   20280   19857
   31581   30300   13487   30222   18683   14364   35471    9477   23379   11662
    2884   21036    4381    2911    9050   11164    3922   31386   27812   11469
   11499   25556    8003    6680   31283   19213    9690    6386   15827   10205
    8765   23837    3878   13145   11951    5823   12804   12682   13275    8677
   28927   26817   11396   33048    4030   20963   12935    7125   36243   15584
    6557    6263   28461    7681   22825   34592   29085   28353   13815   34826
   24903   27054   26782   12655   20675   34480    3837   35883   24367   34558
   10022    5246   12566    1816   32586   12734   34265   17602   11760    7398
   35260   35744   20336   36955    6884    5698   27966   23211   30820    5538
    9220   16246    8630   27616    3779   25193     497   36478   23741   23091
    2364   22611   36879   23071    6092   23791   10515   20597   25730   15965
   35266   34482   10665   35631   27379   10337    1285   34296   10627   10899
   27947   14993   17109    8513     849   36972   16628    8230   11057    4124
   31433   11039   27425   19899   33144     126   28606   31294   15772   20510
    3697   34560   12356   17014   34399   11484   32126    4654   26108   21002
     213   10344    2654   28080   32018   16278   19892   34858   13747   24349
   16224   11991    9752   20707   35733   14043   20835   15430   22210   33387
   20842   16158    9971   31787    1821    5235   35346   25894   21170    6140
    4054   26955   28625   34005    3773   36766   19249   15137   21367   21717
   21594   34449   31136   34175   29296   26043   14804   19229     951   22157
    9503   35053    5674   30859    6261   31812   22681   34586   15590   17048
   11176   23764   18392   12355   15349   26934   13353   25793    6288   31038
   16846   22348   12723    1986   29444   35679   27471   19480   14013    8974
   19670   34774   21354   23560   26733   35651   10049    8972   24827   27940
   30923   29146   12962     379   15623    5041   21777   26370    6719   19125
   20160   22724   26886   24103     643   35619    2978   17707   12868   30119
    8578   20916   32539    6119    5897   10467   36237   26532   32360   18863
    4617   12184   20979    7544     149   17163   11407   26748    9379   36566
   31926   26847   17862   15810   19303   26912    2238     970    2831   17776
   30693    6041   29148   11611   34271     217   19153    8926   22597    5751
   20714   16478    3824   15366   33571   13787   33986    2655   10168    1195
   12419   33332   18218    5828    1198   25875   12016   12786   34512    8810
   35962   35895   17898    1081   18043    4623   15820   34354   28683   36521
    8528   20298   16594   27230   15031   28329    3631   16177   24864   22434
   18790   29045   34650   28432   34183   24928   30938   18509   21774    3745
    4563   24429   12111   34373   18769   22640   12663   17134   26190   13149
   23571   19313   17069   35720   14312   24982    8522   28907   11378    3560
   10139    7338   27705    2501   13333   36234    3242    3864    4514   23176
   14221   18472    4185   18051   15011   10680   32977   16637   31066   30180
   11688   10104   36572   25940   27937   29834    7504   19707   17132    2314
   15320   14914    4960    6147   33238   20788   21457   30496    1997    2233
    7091    6601    2644   20281   13280   18573   31017    7807   17604    3041
    8096   12871    7551   32504    7310   11923   16141   30802    9163   23697
    6331   18006   25608   24334   36121   34062   31901   33806   12397     368
   15480   17091   16095   24433   16060   26093   15869   25781   18768   23192
   24941      35   16574   16342    2142   33985    2334   26112    5480   23523
    9552   12667   19164   26229    7458   12282   16222   28279   18343   21435
    8297   24708   11465   14192   11561   16128     722   16795   33963   27968
   22578      74   22981   17124     782   34576   15371   30870   32080    9022
    2331   36873   17928     365   21623    9382   30811   24886   19927   15617
    1219   13750    6943   14617   24680   36290    1127    3707    4324   10664
    6998   26796    8841    1100    7198    7116   13998   34342   33340    9296
   14276   36915   11167   21248   11363   22702   35412   15808   23445   20793
   34465   36996   25935     583   15372    3490   17152   26089    9583   11817
   24038   17385   36553   19869   15106   19348   15451   26324   14766   16017
    6591    9586   23862   25386   15845   17053   12231   10951   31092    9245
   26272   13509   20782   30575   10180   24318   28217    4693   21133   16490
    7874    9309   27242   15926   14744   21986    2144   34545    3139   15240
   20477   14139    6046   27792   28581   13784   18054   14688     903    9850
   16690    4179   35853   25626    8816    1541   20319    2132    8832    7392
   10908   14835   22386    2076   36956   14714   33042   24049   16765   22322
   29804    3413    6090    5372   20275   21507   21765   30492   17326    8507
   20739   36392   36824   30651   30040   10798   14214    4756    9783   16503
   18414   31211   23842    4902   36667   10625   27256   23876   30837   27565
   18787    2932   18810   36859   24376   11385   11663   31019   10996    4218
    2031   10059   33339   34160   35376   23378   28031   15478    5805   10152
   33297   26330   14381   16591    2792    2011   32143   33312   11287   25363
     537    9046   21385   20185   34032   24437   26548   31703   12837   25696
   14934   11981    5552   25325   16717   27762   20781   16442    5200   34699
   35530    6816   13213   28240    3173   12539    7073   25511   16337   35427
      21   26861   25431   31756   36407   13380   31847   24917   26242   19662
    7215    1523   20355   27222   28834   32546   19296   15248   32491   30686
    5756   17455   29793   36257   32268    7373    3411   25142    9827   21977
   18537   19401   36536   35040    4644   31820   17019   28743   34229   23897
   33661   10831   22632   27274    1109   27896    1681    6879   33747   18371
   29846   25853     873   33059   20466    1830     806   13751   22203   22872
   11464   18081   33738   17844   36758   21453   20813   15686   32890    8791
    6102   33453    1044   17160    5848   33136   31875    9856   24461   18627
   24203   24644    3855   15493   15846   26755    5009   34476    7983   35057
   27840   10548   33191   21603   22965   17921   23274   36819     904   13374
    3362    1519   33552   24895   28987    3235    8313   26917   14052   21807
   12206   20330   26294     918   33840   19285    9673   10601   18061    2201
   13746   29999   21320    7311   11928    7564   12014   23180   25146    6589
   24934   32752    8106   28811    6642    9688   11509   25721   26692   20891
   29244   24346    5330   12918   21156   25533   16445   26113   14094   17645
   14911   25230    2028   11276   17353   26102   18738    3424   21053    8305
   30436   21743   29173   19625    2791   33532   31937   14660     366   34184
   26022   20061   21655   27066   22304   31508   27033    7722   15193    2844
   20860   11707    6834   19465   17636   17179   21947   26495    1206   19342
   20440   15661    3145   30514   19806   22036   16755   34019    8888    5762
   28911    5566   32894    3704   27648   10688   29164    8319   22695   11162
    3121   27120   33447   26076    8408   24344   10155   15492   18065   19793
    3907   32494   35081   21312    3125   32729   30864   23719   24976   13134
   28646    6373   11076    9617   28359   24154   19686   12802    9003   36883
   19654   22339   29741   24018   35095   30461     335   13395   18883   27590
   15278    8499   20131   18232    3915    9052   29731   31840   11629    3509
   29977   36090   16518   25199   35273   31480    2573   14044   10150   34780
   21767    5670    8945   15812   22145   26367   22674    6930   10971   19885
   10008   29853   32794    5619   29408    2081   14683    6466   25242   23457
    3739   13997   32687      56   13034   29686   10204   31540    4457    1800
   28146   16548   31213   13925   31082   17031   14295   32809   33008   28460
   13230   33302   27751   29108   33791     923   27644    6199   14418   21514
   17667   11650    1606    9564   16299   18203   17422    8674   34125   28457
   12528   10834   13701   27398   22993   19597   19666    9834   12686    9920
   32735   18923   32621    4777   27032    3826   28195    4809   26429   29715
   25299   25603   10081   22071   30111   11757    5453   27433   19189   23840
   13587   19054   13912   32930   19810     602    4863    9531   31497   21180
    4055   20789   34732   21782    2061   12998    4937   14650   21350   29844
   35812    9488   10317   31821    4605   36633    6484    9250   25059    7522
    3500   26143    4697   10336   15035   10637   20249   22769    1342    6649
   32769    5399   36706    2920   12450   36292   15650   10330      51   10249
   12483   33688   32683    9321   33415   25002    5012   28169    2273   16420
    7234   31512   14518    2321   12755   28431    8828   17722   31331   27663
    8799   13654   34340   15144     495   14429   17679   32279    7205    6920
    9088   15169   30301   13598   17905   28580   32267   24952   11279   21032
   22208   13484   29882   23606   13561   29601   30518    7315   27461   14872
   27793   11339   32738   12833    8071   35434   11398   30901     604   26470
   19780    8078   23855    8046   22752   15557    4610   28223    5238    4378
   11709   28659   33143   26989   18452   17171   30093   31714    2430    9467
   16350   11334    7701   20691   32709    9999    6360   18521   34226   24739
   33071   11332    2944   35615   12471   11513   17763   17714     296   23810
    1535   17979   33987   30158    6472     191   30316    5153     642   18688
   21677   18184   34035    3748   22369    8553   34018    2935    5511   19820
   20792   31048   11139   24485   33950    2926     793   36780   23200   32908
    8886    4006   23218   25838    5627   23150   16626    6687   12820     106
   27214   12633    4345   16184   28075   24372   11416    7803    7343   36885
   15579   20376   27979   36325   17973    8288    9143    5859   34854   31228
   18747    9009   28038   22260    2800   33413    5588   15211    4653    2129
    4541    7656   29904   22490   26551   16029   19393   12106   34835   10146
   23436   10828   15118   16820   21147   18476   13956   30661   30406   30051
   29888   24075   22817    8086   24187   35726    5119    9333   23817   10973
   23474   21283    1260    5901   14695   30685    3262   25553   32891   21938
   34880   21787   22074   19487   25641   21327   15790   10043   14648   23755
   23927    6790   17113   34069   29394   22840   26163   34201     429    6921
    3201    8057   12679    4645    3355     710   13857    3722   31651   11468
     464   32210   18516   30860     812    1507     114    9605   28048   31210
   16812   17503   24004   14585   10615    8930   19459   14524   21090   35144
    9037   18158   24727     445   28471    7349    7264     985    1040   35954
    6116   15004    1545   34505   16915   11788   18563   31162   22866    4608
   12405   21572   13794    8993   25233    3475   34322   13277   10511   31977
   31498   13363   21057   20449   11102   15032   31344   30313   13831   28332
   16200   34708    4426   12586    5376   27002    8698    8966   35991   27354
     748   36987   18252   18344    3979    5481   18630    7607   23575   29342
     731   23583   16987   24440   25329    8371    6250   25924     540   30306
    1773    8512    1752    6231    9992   29935   24115   25713   14731    8713
   36710   16972   34543   14897   25836   26919   22717    7273    6976    5673
    5989    8641   13971    9012    7796   12965    4359   14067   10893    5386
   25479   31529    4039   26922   30987   16896     756   20871   10705   15390
   24200    8563    1119   12580   34239   31457   25635   36617   36538    2730
   17793   24678   29402   10784    7238   28063   13793   33068   25067   17752
    8925   15830   25926   26001    2780     649     901   19443   14987   26650
   27766   26688   34451    6233   11720   16206    2615   12781   32601    5601
   13735   23991   25240    6460     614   14691   14677    2151   31455   32990
   17940    2990   25168   29998    3799    6829   32368   27264   14674   19762
   28570   34257   17232   19132    1889    5036   11941    4085   35052   34792
   26883    4273   20615   24907    2591     362   17779   20242   30441   11171
   32777   28316     974    4971   34435   33517   17967   14842    9790   25607
    7690   25779   13495    8526    7246   26667   12916   36703    2392   36197
   27232   20234   21894   27283   36978    3111   31035   17383   19115    9598
   30456   25904     315   31919   30801   17364    7903   30245   17287   21468
   11585    4847   12575   30553   25192    6064   26702    9029    2277    4688
   14750   10922    3264   26944   20071   18370     286   16056    5729   35379
   34007   30850     665   22570   22604   10206   25180   33265    4379   14023
     842    6254   20629    9371   30289   33659    3051     228   34370   10782
   33483   15702   10042   25414   25093   29808   22176     608    1544    4061
   30291   18580   28319    7793   28309   21089   19872   21580    1063    9631
   32571   18614   26165   10428   15228   10153   28633   36443   23828    4929
   27122    2004    4985   33236    4293   33551   32981   14583   33504   16849
   16139   22507   24128   28847   25651   31464   28516    4234    1038   32897
    9509    2691   29128   23990   13920   12676    8474   35399    2484   32717
   25458    2451   28688   13538    4194   21193   24071   32545     438   34764
   22043    1831    1200   36087    4364   31006   16096   15246    6916   25978
   22902   28375   15881   20438   36842    4650   14222   18907   33583   32168
   26767   14742   13653   35534   24339    8562   25879   15384   28597   27533
   24034   28880   20532   21001   36856   21207   16054   30930   15411   32521
   36826   11361   33410    4677   23667   10846   21173   21094   13809   33858
   22786   28837   14025   22026    3487   35997    8872   13439   26498   18421
   12378   32108   27211   23656    8506   32410   18172   25776   19902   35441
   10166   13320    2864   16601    8458    1678   16109   25280    2316   24885
   34511    6800   10255    7092   10256   23753    3723   10804    3152   20521
    3294   31817   12363   20454   16918   15744   30551   34998    1928    7931
   30968    2127   21397   22013   17523   13852   22807   27280   15165   20303
   21043   35168   14288   21198   31148   20323   10391    9656   32207   32077
   11454   16879    8844   15630   23231   35868     454   34298    4458   24564
    4548   31356   12136   17775   17042   13490   35670   27476   24860   32910
   28509   19570    4393   26167    7547   33880   21720   26325   29472    4802
   36944   35721   30643   21908    8824    6037    9975   29258    9243   25155
   11412    7772    7705   22352   25225    6982   22923   19302   23519   22605
    9685   16945   20028   35421   34284   36748   12283    8391   27248   18420
    3768     148   29603   29014    8286    9744    9990   17375   35444   14560
    5781    1407   24756   17282   36647    1006   12084    4370   16710   22938
   10075   13465   30490   20311    4992   35563    8327     971    7082   28626
   34930   30405   15517   28665   20564    5323    8186   20735    3117   32460
   21441   12806   11635    3491    6315   30599   12635   32317   21484     142
    3920     837   18678   34730    1634    9639    8565   29634    2471    7865
   32810    4347   15271   34509   28405   29779   23288   15635   33311    5354
   23768   15692   35779    6830   29473    3354   20394   26436   36539   22270
    7453   17511   34215   27722   30823   29440    9305   32336   32780   29850
   15752   17988   33853    4745   15646   20188   36773   31920   28437   31993
   30819    3369   33045   10093   32121    2735     177   34553   25223   25266
   31248   12936   19753   18727   23362   10014   12779    9645   19621    4966
   16152   20917   22420   21814   30764    7093    4542   18933   30330   31868
   33980   28596   10484    9301   11315    5895   16919   28298   17716   31219
   23544   26297   34830   20086   18940   28965   27007   36857   10427   14302
   15016    9604   34364   15485   18585   36898   19064   34146    3431    9445
     692   18577   11007   18333    9883   32979   17545    1182   29540    1202
   19411    2802   14395   24611    1718   28750   10435   26860   18176   10443
    1720    4100   15463   16221   16040   36695     180   28354   31681   21487
   28164   29348   19636   27104   33748   34824     304   23943    4372   12592
   30143   25596   24151   24459   22024    1364    1919   18423   27639    6153
   24191   29489   17683    5528   15780   12194   27621   17977    4453   18135
   10529    3705   29571   10283   21836   31958   26901   25931   31837   15825
    8481   30970   34396    1389    7284   35323   29190    3378   31487   17386
   27742   21626   24013   25238   35367    1460    8047   10648   26867   17458
   33540   13688   13430   20420   14885    8971   17845   15412    1474   17695
   29297   35865   22549   29479   30677   30092    8009   30273     659   28344
   20371    6583    4909   30257    4231    5900   19098   25361    2340   30147
   26503   19147    6374   28512   34499   12433   12311   26146    5996    3734
   14784   27171   12414   22972   15972   33156   18079   15297    7173   34870
    6369    8343   14394   27473   17198   36916   17350   30482    2502   23052
   31390   16156   22591   32551    1823   33719   22893   10821   19445   28176
   16311   24693   29669    9624   25813   32694   23003    1987    2292   13274
   18857   33131      64    5765   20626   30088   18103    3923    8200    6954
   19167    3555    4516   10608   28334   20141   18411   25850   13521   34671
   33890     615   24875   16097    6714   16557   15448   32237   19913   23490
   19013    1854   16784    8398   22707    2645   32936    9139   12020   15265
     175   28497   10699   11645   32817   13228   23806   27290   22759   34207
    3706   33560    6185   32162   26541   22248   14084   15608   22951   12454
   16532    6377   28417   26628    8302   15100   34089   14823   25858   15962
    2027   24312    9899    6462   18329   29129   27481    5993   25086    1196
     894    2281   18143   17206   13523   25591   21593   18020   11236    9472
    9641   20818   30278   21163   29139   32199   27262   15664    4817   17839
   21491   36246   25769   16106   30704   17689   27072   16988   32636    1757
   13089   19280   15522    2556   11477   13367   31120   27978   24170    3335
   18269    1268   35794   18037    1711   22377   35650   35218   24245    3550
   22486   14592   17889      50    6260   22461   17077   14611   19884   10406
   36708   34905    1567   28062   36787   31154    9116    9699     771   14218
   33507   30411   13378    1803   27688    9869    3508   31450   28863   24988
   21744   33656   35606   11984   19680   31145   31341   13192   24735   16862
    3932   24946   10252   10184   14324   35931    7291   13671   26821   10830
   10907   35087    9672   19277   17442   28774   26986    2499   21844    5076
    8137   25128   10197   14832    9534   24768   33163   20049   14786   35819
    9481    3273    7446    8598    5444    8184   31740   28682    6902    4478
   25987   21049    2000   19976   23859    3602    1561   29553   16114   16584
   33536   12302   27781    3949   10219   22937   30620   16794   32303   25395
   13357   32932    1860    8596    4474   11179   18948   28322    6779   21252
   12155    4384   36754   28724   20663   27678   28545   32130   17925   23087
   31169    1539   16289    8659    2286   24171   36516    5196   22234   26521
   27765    1130   14770   28919   27576   11781   34702   21990   14904   30847
    3507   14676   10285    7351   36763   31883   22361    1813   18281   34623
     515   14765    2813   10450   30281    8621   11400   33834    2216   12098
   23216   29744   21292   22432   17673   17433   23201   18643    4016   24956
    9069     400    9154   18734   20010     346   13401   32098   28241   19983
   12336    7151   29786   11335    9737   12103     212   18204    4905   21822
   28301   18274   19114   27082   10128   28760   26761   26947   32556   34241
   36707   26453   21864    1087    3106   21336   33109   14088    1640   36942
   24144    5980   22045   24676   29607     231    6454   33859    4050   36514
   33120   13795   35510   13995   35169    3134     833    6636    6869    6306
   32012   27384   16276   32450   25859   10952     920    4133   12275    9572
     819   10561     285    9451    6203    8421   21482   33105   20522   10536
   13596    4239   13256   32498   33072   17739   21100   10299    2633    7541
   31016   30739   28897   31747   12997    5957    8228   32106   18498    6812
   30688   21730    5816    1893   33469    7187    6223    8697   21191   33833
   25182   31933    7957   32911    6008    4099    6340    3816   32039   18406
   13400    3006    5007   18424   17329   10393     282    6922   23090   22551
   14246   34554   19639   36233    5288   34663   15326   26263   32439   19467
   33235   28415    3364    9384   16496   15952   16992   28868   32266   19522
   22594   19143    1873   10083   17566   20424   32928   13257    5833    4191
    6977   26173   11456   24139   16314    6468   16457   22295   18005    5161
   16653   22400   16115   21242    2382   14422   27803   22600   33927    7907
     568    7814    7839   21269   21750   11392   25235    1694   17416   36592
   19809   35896   18951   18428   23391    1712   28428    7546    7015     107
   35537   29807   20472   30577    8957   17643   14848   22062   27115   32013
   36113    5192   27917   32060    5986     988    6308    4757   28708   26126
   21195    1777   18129   20991   26083   23630   25236    6758   20090   16996
   12941   35011   26274    4338   18785   29236    8349    4382   33082    3753
   27709    6599   30909   35874    3501   20819   21063    1988   31361   10399
    5137   29437   23142   10321    4676   25079   14839   13828   34474   27429
   26493   18703   33336   36586   36036   11451    3784    5844   26316   28387
   34186   17158   32133   33932   19532   13613    6392   33487    4534   34640
   35892   26887   11637   32761   29712   25687   21404   12354    6073   13824
     333   10739    4152   17937   30898   32813   34164   15883    9530   18929
    1579   14811   32637   25247   15126   23094   11830   33430   27413    5154
    1159   13488   24715   24148    8063   21760   34192     774   11460   13801
   25258   23982   29077   12160    2029    6797    1686   30470    6677   16565
   34668   20344    5969    3597   30878    7440    1869    4648    6658    6135
     361    7514   25072   18287    1729   32825   36865    7235    6173   22520
    8898   22803   12256    1807   35138   28434   32803   12825   11798   31231
   26658   22999    1078    3557   13063    5822   35005   11471   36662    1664
   23536   34762   18191   35662   29245   10777   10157   11603   19754    9822
   27771   36459    6364   14975   25968   15576    6543   16266   18960    6669
   31215   24361   27108    1665   27464   29255   18163   17745   31434   31858
   27506   31647    4790   26520   36291    5959   25145    6058   27783     661
    6428   29820   13043   11503   27190    1925   28795    6705   27432   14481
   24387   11864   10822   13347     910   30579   27775   29668    1969   20497
    3656     629   23096   15292   33623   13203   10107    5590    2335   26951
   10836    8905    4826   13627   29256    7945   18713   18365    6015   32006
   29122    6450   29508    8503   31526    7657   22106    2660    4287   35210
   15413   23722    4566   16271   20587   17554   26466    7914   26738   25589
   28857    2707   16620   12811   24369   25023   29315   15921   15703    9099
   32692    1031    6789    5629    3008   16312    1050   33207   19363   25012
    2070   10758     431   18456     675   11799   27026   20165   33905   17877
   26220   26353   34343   13083   25407   20448   20381   20933   11836   26619
   22652    7764    9149   14666    9417    7663   18111    9072   17901   10678
   32935   19130   13405    2023   22748   13361   18029   22365   16403   28751
   14379   34026   19594    7172   21110    1056    9491    8024   12519   17773
   28406   31568   25751   21424   24311   21667    3727   18871    8608   21883
   27296   20723   11938     507    3775    6932   16127   27344   31792   34809
    2476   35181   25179     587   28238   16113   33525   16714   16508   13024
   29703   32112   34709   29452   23421    2628   11703    2152   28143    2332
   14853   20600   36893   11802   36481   25030   35758   10824    8092   12558
   10579   20125   10048   13851    3005   28454   34697   14428   15078   29738
   25669   10453     272    5632   35859   23650    5395   31826   32788   17704
   29959   26486    7990   17412   27836   18340   17421   32923   11850   36398
   30753   15766    3160    8994    2157   33837    1431   22713   30259   29232
   22418    5970   32535   26224     794    1147   29542   22615   27769   35355
   10074   18132   31004   18702   28034   33881   22784    6049   24181   23374
    9785   33231   18071    4042   17951   10842   22525   19676   20903    8794
    9848     512   26456   23918    3086   13512   28568   26073   10851   16137
   31225   29697   19739   23447   11028   18941   22219   19032   25427    2555
   32167    1594   14326   33371   12937   18471   25333    9337    8441   10106
   22624    2774   27936    4573   22353   33051   20866    3701   29974   12992
   33158   33040   18536   18026   35068   11870    7112   11371    6647   13866
   35576   26567     777    7531   33015    1339   26664   12000   21939   14745
    3738    1404   22333   36331   20678   10334   24177   14003   25701    1176
   36077    6426   28869    3680   11911   36888    3527   31152    6502   14458
   31366   10629   32466    5648   14113   17093   35605   24332   19331   35112
    2749   20270   10796   14220   14526   17504   11346   30159   18480   14493
   22499   36313   23382   13124   35239    7245   36581    6218   10495   19300
    2789   21840   36561   22619   14931    7599   32290   21891   15389   20698
   33027   13511   35455   36587    1532   11199   29450    1744    8480   28060
   16132    3162   35497   34294   26397   20325   32333   28725   23835   28527
   34914   23661    3255   18458   13722    6284   29625   24732   19683    3685
    8579   10857   11745   22031    9743   12535   10723   26180    1926   22946
   19514   12744   29626   19112    6100    2983   15710   33012   33499   26732
   31849    3056   30108   27253   10623   30056   16149   26438   14874   10319
   18202    1770   14360   18647   30345   17797   10870    1296    6575   23626
     357     334   20292   35332   15062   35719    5049   33162   21635   11328
   35305    1473   22170   14086   14432   18227   33246   29181    1395   12037
    8555   35292   31710   21601   14830   20552   30616   21960    5309    5759
   14598   17677   21665   20859    1235    5310   19611   23220   15341   23260
   20162   14665   29381   21249    4908    4252    3967   36721   14760   31694
   16504   34772   18599   29067   11035    2943     797     293    8443   36599
   11575   10975    4122   17644    7317   26945   26288     530    6311    8238
   17257   24282    4093    4827   36742   25468   35828   17675   20509    5921
   10877   25013   29859   21874   24585   29424    5388   22487   29203    1510
   23431   20652   31094   26024    7145   12169   30899   15984   28187   33457
   19846   33001    4447    1723    5725     747   36750    4628   21171   34727
     592   17273   32816   26203   17428   18535   30913   20038   22501   20474
    2848   14640   34036   15152    6676     609   27646   10362   15730   32733
   32326   19623     182    2913    7088   24938    1550   23291    5356   21469
      93    5925   22129   12233   27514   10237   11740   29150   18632   16753
   36067    5390   24098   34040   20240    6253    2226    8420   22797   17164
    4014   19269   25887   25139    2859   28451   15714   23513   13993   27719
    6898   15734    7269   26918    3379   17759    7233   34318   10789    2213
   29092   23019    1064   30251     870   12428   12421   15212    8098   21784
   14861   29891   36154    4420   32989   31759   17882   16989   26070   35469
   11535   10503   10478   13781   27207   20722   18669    8547   31631   36535
   17621   21256   34278     596   13964    1542    9562   23265   21834   28274
   18312    4671   24668   13644    8642    1203    2309    8648   30994    4798
   16078   36532   12783   19878   22474   34074    7597   25612    1013   19121
    1603   23967   20206    5218    8494   22842   15870    3351   25544   18648
    4066   33451   23293   21196   16739   29300   28654   22778   27004    4416
    2682    9910   36098      88   21104   20849   18488    5589   34733   26530
    1762   33626   20318   20354    5260    4240    4429   35518     219   36227
   31057   23921   24240   35524   34124   16009    7194    2485   20586   10473
   12722   32338   28941     405   10006   21422   29097     354   35499   35424
    7075   16873   24537    8190   26939   20503   36155   30064   24208   24389
    7922   27672   24234   36447   24731   16007   31725   30390   31591   12791
     484     994    4247   13453    8715    7879     157   15888   20840   28671
    5607   11743    9966   16430   29726   13432   17308   17531   16632    2441
   25620   16895   19632    1814   30226    9020   20682   34064   13834   16869
    3637   26363   27419    2940   33004   23505   31375   18315    5008    4335
    7938   11794    9911      24   31481   29745   27021   23888   12523   23679
   12497    3187    1626   30809   12113   11010   19610   22191   19035   31056
   11658     135   28723   33742    1080    1923   20442   24733   16150    4652
   19822   18463   16116   31273   13635   30566    9494   14754   23971    8125
   12100   11936    4067    3194   27239    5307   31073   11506   17880   23361
   16310    4127    5327    7838   10169   30374   20584   36830    7426   26212
   15975   22693   32515   20268   21824   33031   12963    3088   24669   13058
    6099   31377   21228   21444   17698   16316   14788   24113   18707   23948
   36211     737    1948   36731   16296   24834   11124   23910   33682   28848
   27091    4397   22300    5767   21139   15679   11137   24377    2967   14569
   11878   30804   17671   24702    6698   28702   28342   27286   18399   11045
   18514   25525   10407   19149   32881   12420   34898    6350   26392    8216
   15396   34280   27102   12285    4356    6314   28423    8629   11776    1693
   26066   17585   13988   17177   25666   21118    9096   31989   13375   33711
   36301   20769   27837   36248   18439   29584   10035   36997    7360    9529
   30481    3483   21375   16500   11856   28717   11739   34332   14871   21140
   33896      23   11461    7000   22832   27986   29660   11072   27156   14502
   31218   16322    5175   19702    6917   36069    7830   25370   31205   20692
   34954   26588   13865    6786   22543   24104   12426    7748     550   33006
   25840   27167   15402   28589   11364   32011   35966   24388   13303   25809
   17735   21437   21316   33213    3531   31018    2597     308   30489   26638
    6414   29111   27549   20890   14170   17674   25116   33389    6357   21264
    3339   23834   22933   29017   15223    2874   25810    5774   14190   28216
   18850   21675   27524    7281   21818   25637   33000    7160    8067   11627
    1907   16133    5501    1952    1330   15401    3384   20573   26411   34057
   10088    6889   35642   22574    9546   34325   33771     394   11172   36441
   28970    8376   24981    8471   20112   14008   14820   14028   15800   35517
   19888    1397   20773   34154   10333   22070   21344   20671   27184   25475
   23446   33515    6974   10672   32300   33635   20863   13244    2443   15145
   26368   27511   26988    5274   28291   15882   10154   31257   24490    8224
   18578   23183   24774   14912   28515    9887   18554     323   12263    4026
   18601    6872   29135   25908   23613   30691   33139   16543   30447   26544
   10186   36413   31516   34981   15055   30046   27647   24471    5658   31420
   10818   29143    7662   27573   25379    6446   10935    1741   18862   22175
     533   27145    7791   26907    4137    7415   13839   14983    9830   26876
   19751   19967   16030   10228   33482   35257    8842   32917   23196   36051
    1070    4053   10072    4472   22407   26725   25921   13918    2787     717
   35362   28899   15675    9537   28008    5104   35565   21504   26362   24847
   29464   11345   26349   36660     667   22306   34017   16489    1710   34301
   29826   13903   22470    3715    1066   32220   16182   32695   27990   15946
   11891   36498   27300   23290   24778   28371   16647   35647    2904   29010
   14219   36231   19343   31442   30749    6685   12507   36740   19104   29854
    8025   30140    2327   18722   19373   32351    5804   28968    3148   35778
   16364   30532   17123   13325   11336   14684   22618    8852    2945   29130
    6160    7181   18059   31530     453   19335   13306   21687   16238   25950
     763   22456   13899   20189   20557   33606    5506   24373   26997   34542
   22057   33489   24077    6509      83   15014   25534   18955   21654   32281
   16427   36655   34356    4601   32679   19816   12481   26745    8012   32553
   10300   13364   18453   13053    2461   11602    5418   15781   11998   11044
   27626    3337   32425   35738   14755   12318   32584   20679   32786   30846
   23051    2303    9397   19024   13078   21098    5397   36838    7374   27216
   19223   16743   31778   22682   10105    9627   21201    3604   33003   35852
   35543    4715   21540   28470   16107    9756   15464   25520   33838    3381
   20069   13136   32227    8708   35065   15355    5798   26648   19374    9708
   20013    9875   20867   28119    4346   24341   16892    2196   35014   27804
    1924    7594   33646    4494     769   22530    4437    9712    3873    1778
    1508   12505   19197   33634   26473   10807   20047   18706   33323   27692
   17246   11220   19821   31704   21302   23830   34869   17836    1232   21338
   30573   33668    5891   33724    9804    6578    4616   11013   11094   26966
   28567   31135    8202   22616   16343    5496   10120   20216   23936   30109
    8160   32737    7927   22439   30471   15185   36717    8572   20022   11887
    6274    6784    8182    9919   25913   35705   32264   35417   26973   26064
   34783   14371   29302    2632   14686   23968   36571   12626    2950   31501
   32799    2247    1835   19388    5764    6903   27638   14803    3927   16411
   20455    7100    5801   26488   19861    4918   35756   12493    7746    8969
   32958    9061   35108   24204     164   11257   13572   33479   23074   18182
   19051   24002   20716   14980   13038   26596   10136   19453   29363   16323
   25351   31301   15354   17635   26105    3171   29426    5664    1497    6157
   34394   23614   33794   13201   12038   21128   13962   24382   22722     881
   36524   24117   34002    7052   35132   11111   30078   23326   31302   14240
   35894   29029    6222   33973   15461    1784    5642     548   11732   22812
   29019   10780    6805    6388   13187    6045   27867   20677   30648   31807
   21379    8721   26378   19505   13356   31832   29996    4256   32461   32725
   20212   19672   13545   10068   10701    3332   16744   24330    6006   15105
   19617    3473   15491   20515   19271   36002   28190   13826   17104    3472
   10433    1281   35987   22753   20122   33891    8384   28741   16617    4521
   20925   35923   20011   30827   34635   13231    9383   18884    9680    3556
   28455   13522    6170   30077   33764   30597   32827   15904   33906    4103
   11043    3345   10020   33887   18656   31245   19315    7975   12444   20215
   25105   33512   13838   22711   14571   12028   18092     670    2716    3109
   27748   20478   36124   26828    3754   26987    5620   20645   21034    5242
   34857   22796   19188    7718   13846    1859   24973   16791   11775    8566
   24197   10440   33650   26587   23686    9710   26904   11241   31323   21068
   27551   15981    2419   34907   23028   29310   15481   27038   33251   23427
   17359   15655   20341    8762    5599   14077   33197   34422   22019   15360
   15276   32916   10564    4316   15803   10496   34741   25621   16164   19250
    6236   27604   29227   34374   27101   35010   24995   31594   20755    1611
    7997     250   20709    2905    4815   13442   28714   35754   26795    6453
   26425    2894   22258   27859   24232    2296    5374   13624   36891   11997
   25477   31121    5052   28508   13771    9077    6729     674   13696    9213
    4410   23645   25558   24835   19472   26246   35690   23485   23746    5371
   35101    6164   26204    1842   14434   30366   33378   21227    2513   19955
   28045   20300   24411   21954    4873   32988   10717   24155   28875   23164
    2155   32952   27434    7306   18604   17036   24499   35229   17932    7220
   27340   18970    7022   34892   21153    3609   35496   16887   24845    2379
   13877   27732   34462    2881    9028   36540   20628   30164   24530   16554
   30978   14248   19288    4376   15941    8375   27671   33147   21321   17803
   20693   13144    4248   36624   27689   25400   36788      77   19989    3796
   31209   19600   13525   34446   36833   36596   24242   31846   31446    8549
    6766   21739   29359   26641   20961   28084   19444   32119   12050   33857
   27498   30189   27790    8628   35782   15959   13020   18038   21882   32467
    8249   33863   28621   31914    3116   11175   14673   28200   28961   27757
   30548    5471   10018   30602    8360   30623    6878   33979   29951      13
   13693   35195   31461   24316    6307   10915    7602    3862   30195   24842
   28514   25358   23525   27842   24036   34891   11536   20192   33875   29034
   14424   11489   26040   20889   17696   11227   34045    2197   36625    5855
    3675   26432   12488   24998   21712    7060   34656   35947   19372   35403
     844   35603   10504    5067    1243    3613    8167     167   22468    2378
   30700    2224   14693   22199   18801    5879   12069   20757   11742   11249
   18014   12606    1365   17598   24689   34503    7154   28815    6901   29081
   30858   19493    3127   20594   31244   15207   27846   33535   15745   31546
   15913   33608    3105    1256   24059   22104    5763   23832   18746    7562
   13449    2853   19619   16593   15136    9814   22205   19074   13729   22149
   24124   26444    5711   21705    4403   30356   22381   21852   24269   13141
    7090   17142   35317   25435   14889    8075   31898    4867    6150   22275
    6571   36564    4483   27743   10980   23210   17816    8141   20699   27142
   27754   23944   25811   18525    3002   27225   13443    8764    1102    2801
   27338   12598   20224   31913   32350   12813    6293   28228   23064   24453
   32755   15441    8442   16890    6158   36938   25376   16740   22324   19036
   30154   13933   16606   18938   13567    2429   20265   22626   26187   17987
    3629    2237    3891   17800   31548    7348    8859    3541   24052   32175
   27377   30612   27020    4570   36009    4632    1805   18655   29370   29527
   28369   32364    4339   10517   10178   30877    2797    4577   35416   35717
   16568   28910     651   29855    9252   22226   36043    7044    6166   14069
   26845   16731   23065    4180   16274    8937    5750   28201   10853    9431
   32185   26972   29226   11235   18205    3018    5584    4271    1953    1775
   25967    5559   10009   27724   10547   22072   32287   13440   28490    7076
   19829    2236   17225   26181    3505   14935   24336   22197   14407   17892
   10894   15325    6535    2164   30325   18745   25050   16131    5168   27060
   25560    3885   21233   11491    5463   17137   21526   33577    5082   34216
   24700   21759   20121   16921   36157   13582   34428    6319   20368   10967
   30424   36340   24342    2623   10291    2204   15844   10676   20635    2252
   32742     509   23642    8556   18292   10650   18074   30533   15589   36525
    1827   13483   24092   10444    2893   22689   17626   32235   36065   34686
   22760   15010    8786   22743   29806   34821   17222   17514   35632   35321
    3638    6441   26140    5852   36433   10649   34047   29566    9244   21029
   17476   11052   17237   32985   27575    8312   17942    1885     198   30957
   29026   28010   29373   15531    9820   31711   28756   32354   12472   19186
   36409   15468   31633   12273   16165   21166   14145   24729   19176   22843
    7666   36213   29321     499    9780   30592    6348    1432    2470   11622
   19741   14172   28252   35151   32541   11444   14346   21925   21693   22873
   35097    8504   34602   20410    8273    3232   35878    3427   22194    8801
    6644   29966   28047   32241   35801   30239   21314   24167    4058   29558
   28949   30914   19580   26957   36274   12492   29968    8105   31137    8131
   35188   29788   24041   30013   27491    2922   24476   36988   10651   21536
   20927   35834    3640   12968   33922   10149   19433   32756   30284   24455
   17497   15552   24337    2338   12129   19796   17575   10278   30558   22528
   21461   15236   17218   22637   26332   15410    1930   20393   30545    9237
   18568   27993   17434    3028   23292    1266   10954   13756     855   14780
    6503   23924    7063   34460    4019   10888   24947    2875    8783    7492
    1092   20730    6221   25048   21340   28800    7677   32722   33789   17180
   21080    1175    9697   19320    5761   29407   24506   19479    9819    2925
   18253    1553    9885    7561    9557    7377   29337   36076   36150   11614
    5204    1223    4958     989    2843   27736   21353   12867   24776   28587
   24210   31271   14244   35542   11376   17825   29304   10295    6148   27056
   33279   16085   18797   12272    5513   14227    8984   17167   10351   27905
   22744   29374   33710    8535    7661   27435   11395   34600    4695   31626
   25785    5091   24752    4853   28803   16562   28032    3937   33414   29795
   12924   10666    4774    7209    7868   22412    5103   14435   22367   27321
    5536   25791   35581   16725   29930   35004   10805   25166   23316   11613
   34784   24736   27854    4580    2438      54   14168   33232   25269   30098
   31924    9189   14988   15470   10946   35764   34185    2934    5162   14763
   31744    9466   24112   13208   10745    6229   31109   27450   27323   24120
   29262   26991   32452   31558   31662   33402    3587    5557    5127   23934
   34242    2171   30335   20370   23022    9764   24003   12475   35577   24889
   30527     958    4351   13286   18387   26911   11250   21342   17661   10747
    3787   16417   33446   20177   26990   35789   21288   24360   27322    9842
    2915   29475   29729   14890    5598   30885    9429    9662   20481    5176
    9076   35174    2693   27489    6447    1410   19308    9671   30902   14595
   32113   31886    5948   35753   16315    1841   12101   10188   26535    5112
    9929   29947   12306    8101   11299   16100   28501   12385   36668   20561
   22345   24416   26903   15612   28797   15684   26920   11683   18136    2614
   14230   25497   22341   32232    3144    1697   29082    9145   24767   33971
   24450   29485   25281   19273   37000   27166    2785   21660    5505   33345
    1483   18511   35661    3718   29737   21658   10642   29918   21984   10357
   29797    1574    1619    8346   36148    1024   22282   36117   18151   26004
    1447   19424   34527   12158   36321   22206   30529   20670   14310    2627
   28041   27475   20505     645   31395   30919    3839   32405   23114   14687
   12254   15314   17358    1242   26730   25824    2323    8890   22638    3202
   27438    8472   36937     117   21169    4355   24030    1137   32941    4987
   20955    8311   25399   36153   35008   21022    3219   21708   32613    9828
   33057   11438   36264   28420   30703   11242   13217    8215    3591   34319
    3671     113   12018   19999   14728   32308   31039   21907    5268     193
   23675    7168   34577   18073   23516   14474   33193   11408   30861   18466
   22027   20686   11854   30162   33421    3045   32536   36547   13847   18503
   15255   11282   25167    1970   15259   34873   13003   15626   18830    2852
   13662    5723    3026   35387   26435    9177   20018   11153   12361   11659
    1691    6359    2096   34595   23199   30893   15829   10662   31635   25993
    7792   35511    1766     564   17049    8833   19812   35146   32814   16815
   21663    1408    4400   10243    6953    1700   12404    2145    3250   31139
   18302   34083    1211    9533   13494    5556   25472   34763   11714   35816
    7519    4401    7503   31675   30032   23217   16993   22004    9355   33014
   32767   16916   12140    7788   11609    8237    7565   15391   12045    4891
   12530    9021   16805   14209   34355   36189    4264   25852   11310   12294
   14630   31653    7218   11764   12245   17357   11009   10103   34348   14986
   32873    8589   25649   10658   18906    2829   10832    4072    5776    2384
   29557   25021   29688    6005   17963   10346   17978   14916   18019   24331
    5226    5157   35621    3691   16356   12751    5447    4806   30810    1675
   22563   27662   27882    9826     567   11000   23812    6362    1951   17306
   19547   22617   36789   21831   15997   19166   35627    5482   34173   27317
   12915   30332   24178   25661    6422   31429   28535   13427   33883   34455
   34536   23618    5916   28390   27342    2241   30547   17334   26134   27866
   20176   13075   28689   30989    5772      31   27681    3394   30358   23021
   21263   13800   16272   26518   25592   19649   30255   22816   25337   20459
   35406   11811   22457   25976   34855    8147   14112    9932    9818   24317
   24189   29023   15472   14079    9042   15887   22694   33206   25530    7516
   31187   10376   12892   20067   16966   32475   14570    1688   19245   29290
    1754   20004   21962    4154   34228   16298    2084    6237     108    4888
   10028    6978   20528    6556   24314   19903   14304   11046   12700   14383
   18543   31831   25009    2574   11054   33481   23186    2123   32978   11754
   32115   34031   15957   29580   27583   31573   21771   20539   20801    9807
   22207   12560   36198    7971   24626    1944   12733   30655    9065     704
    2306   11900    8338   21575    8739    7048   32291   22271     240   14318
   13008    3746    9257   21873    3881   19073   36825   12544    9422    5882
   30523   21023   14670   27090    2963    1745   30135   19187   27661    1375
    8201   34013    4725   22237   12199    9853    3863   28321   28401    3977
     581   20480   12092   15507    4675   25672   21972   36775    9223   35219
   31957   32348   15416    5228    8846   18391   21070   20214    3270   32093
   28605   18250   26893   15007   10216   10904     738   27289   13711   33473
   35820   18583    2067   33388   29121    1308   19592    2630    5000   19353
    7307   10293   29055   34695   16576    1682   34345   20385    8068   31078
   24343    3410   22962   12894   35293   35544   15381   18611    6061    4626
    3590   21051   30853    7354   28320   35592   34073   20147   15940    3142
   13516   19450   16228   20139   28576   34675    8636   23928   24464   14619
   27779   24125   17021   22358   14152   18962   18814    9038    5434    7296
   20342    9360    2694   22136   26513   12561   15067     911   33032    5893
   36195   14667    4188   36697   19231   36159   34261    9871    1359   14523
   26863   21612   20486   19647   14587    8083   35222   28691   30045   11326
   31917   23594   11216   11393    3901   14827   33181   28001    6014   32913
   29683   15809   20053   31525   15074    3279   32038   33671    7536    4559
     913   16943   19552   10258   28859   12059    1289   29894    5361   34346
    8060   35797   22421    1398    3990    7611    9195   34433    4515   22006
   13476   16761   12704   11275   16217    7114   20717   20248   25259   35821
    6720   26666   22503   22078   33176   34743    3975   18532    1338   21997
   31444   27424    3834   11837   28791    3785   26634   22756   24310   10213
   22479   27623   22428   24647    3393   33782   35243    9389   20491    7697
    2234   21211   13221   10586   30868   26382    9740   16697   14492   34617
   33784    3925   33755   34918   33110    3898   35871    1649    8571   28851
   31479    1746   19862   30831   19139   33800   10570   25638    8663    1809
   32046   18967   18425   32925   33161   29483   13018    3996   27298   21606
    9120   35907    6007   23648      12   14032   11356   12758   34919   30010
   22666   28560   11859   11687   23920    3894   17061   31054   30725   30676
   11852   15077   30462   27366   10607    5794    6845   32864    8428   33304
   24469   34622   25301    2283   14534   16925   10644   26225   23779   29210
    4731   15988   30556   21234   16050   28194   18229   20204    4267   17583
    9968    1938   17400   23501   12993    1151    4034    6559    1457   12739
   23813    9805   26081   22830   26994   11158   14319   24737    6682   16462
   22126   28179     330   18131   15762   36816   22032   12040    1279   26059
   35768    6198   23631   35786   32020    7473   36813   16950     140   17321
   18796   20706    9768   29848   26465   30131    4539   11147   36820   16330
   24442   31624    5845   35988   27994   32770   25861   34150    2515   11782
   20262   34306    8800   25160   21382    4425   18609   21425    8847   15836
   22491   23824    7056   24884   12958    4037    7486   32654   29629   19789
   25394   25212   19978   33598   31247   26776   13150    8932   27347   24509
   13744    2048   13753   13823   13854   26746    2572   19924    6813   33741
    5779   35334   19794   25700   15924   35326   10277   35934   26935    7156
   35164   19362   26717   15816   29338    4005   30921   20556   32576     647
   19173   12137    6189    2608   22498    1972   13418   29861   30402   36109
   12110   17491     635   14507   32189   35958   23526   25384    2988    5743
   27306   17393   28185   24879   19183   20948    9696    8940   27720   23754
   23623   17501   13433    2776   29491   24253   35453   15117   31305   18211
    7568   27849   33769   33066    8331   22991    3714    9111    4934   34797
   30787    7650   12691   13070   17095   12730   29289    1077   20630   16229
   12009   14800    9011   32149   15597    3308   33882   34871   10885   10377
    7177   36103    7943   27492   34795    1792   28491   26693   28327   31122
   26826    8149   19853    1479   13720    4830   18223   20969   32854   19568
    2402     790    4874   28376   31251   12432   28106    8995    2269   34488
   15672    8681    5456   24651   13953   26699   31609   15560   16108   27016
    4203   32166   28624   21084   16742   18198   10713   18645    9741   17678
   30417   22700   12973   36897   16747   26099   25815   13698   26926    9019
    4532    1962    7905   36527   16290   25677    7754    5678   31750   14462
    4064   20219   19575   30887   34833    7164   21523   16875    8928   23171
   21077   31172   28304     332   14957   23195   20019    1677     434   27095
    4828   13564   31014   33825   32120     883   26611   26889   25387   29765
   16610    2757   35589   19844    7412   26892   34968    1936   16198   30395
    9898   26243    9851    6727    9453     172   36994    7582   32665   17494
   17371    9300   27964   14682   29624   11213    7257   11593   19244    6549
    4369    7011   18575   29648   15279   27919   33861    3076    2328   36952
   28333   18899    2073    7283   29597     628   13046   27839    3818   36203
   23786    4289    2455   15319   28380    3457   29535   36570   11654   28479
   20864   12909   33281   30203     984    5577   36021   36026   15311    1949
   11252   11758   10940   18751   36295   19682    7120   25654   13816   12440
   20751   24551    4503   33814   34000     111   28236   13979   30687   34204
   15238   30726    8389   22576   11156   30945    3525   27363    8229   15903
   19004   18843   22447   26599   28492   10786   33763   28246    7014   33732
   29829   26633     753    6255   12314   30539   19056   26211   16211    3063
   20924    6071    4716   24093   36373   11826   16405   14818   11318   17425
    2991     416   31799   17625   12703   32804   32009   28838    6485    7104
   16193   33405   19408   15621   32705    9201   32320    8456   11504   16448
    2279   22779     663   12946   13186   31866    6146   26519    4844   20113
    7366   23793    6923    3324   24463   36045   18878   34379   20127   22731
   34902    8415   17685    7494   35161    1023   10091   16120    1647   12706
   33333   22281    1728   16641   30824   30080   18052   12749    8750    4699
   36767   15190   15112    6196   26938   24692    7448   13005    3744    9832
   31780   17868   34254   23691   20943   34850   16171   35533    9474   22041
   24228   10079   24043   35366   13251   10230    8193   29599   13856    7240
   13174   27065   19759   33224    5324   13281   20115   12727   36202   23460
   14483   34839   33767   30132      42   27631   21629    3436     150   20021
    3910   19646    2366    1319   20702   36711   17944   17867   17372   33786
   12821   21562   35213   28486   23307   31700   36286   18294   14075    3096
   35270   25000   28429   18325   10159    7728   18527    1400   20934   13568
   15107    4140   35876   23556    8170   25065   24766    3021   15394   10589
   27324    8482   23527   17213    8013   32395   28396    1169   31297    1128
   36809   19246   22127   24843    6125   30396   30580   10163   17398   24844
      37   27483   11180   16305   34926    2092    6630    1974   24149   20487
    5841   24087   21374   15018   20167   13668    3474   28149    2305    3536
    6594   23278   35248   22050   11571   11324   33862    8323   22599   26753
    3959   18743   13725   14529    8064   34798   10466   30163   18040   26401
   24568   21347   20399    8403   35927    4856   24456    9903   23027   29094
   11189   33111   36569    2533   19361   25276    4499    5472   29075   13299
   26594   21876    3276   20130   24944   31098    5539   34538    5503   28853
    6048   22671   20821   19204   11017   36107     775   20094    6643   11655
   35035    8710   32479    5849   25270     421   17725   32644   13169   18301
    6232     694   14431    1941   35629   27106   23301    6508   13183    9908
   10524   15234   31929    3218   30243   12246    5044   25216   11071   22079
   32393    3997   22184    5048    4089   36354   30170   30540   16066    1901
    5063   14480    9006    2342    8560   14027   20897    8688     565   22142
    6491   22836   13651    7647   18272    5497   31770   17971   36981   24533
   18944    6204   19706   10272   35793    6029   32592   13915    8685   34139
   15458   11304   16525   18689   31220   26933   16215   22904   20135   35392
   13684   26848   35989   22572   23103   32255    9892   27414    8419   22928
    9203   20267   23411    5507   32937   31983    9691    5808   15285   19248
    4117   19037   29780    8464   12008   15086   23343   13754   14200   35075
   14184   20247   35810   28099   33842    2659     902   17700    3212   35166
   31720   26993    2290   19292    4509   35772   14171    3204   14447   32862
   24771   24136   27799   27594   11810    1120   14787   23696   26168     552
    8597   26388   27369   25359   15878   28554    1061     415   10264   33455
   10620   32818   33493   22913   35026     234    1692   28040    3582   19767
   20082    8950   17161   19932    5609   17790   15403   31743   17457   25630
   23790   11077   11121   12453    8757   14291   24094   33569   33511   34492
   31186   21151   19435   16924    7729   24696   33248   30491    6415   33094
   17316   28071    4221   12212   27246   29138   33450   26095   16587   21860
    2500   31818   11478   16190   12221   27747   26496   13599    2055    8545
   16608   32867    1623   12081    4583   36222   22215    8358   17297    3730
   10410   26677   34725   12299    8787   14459   11909   19520   36693   21004
     536   21546   30770   16956   24612   30348    1945    2567    7810   13723
   23092     850    1592   31640   14361   22325   25928    1540   33184   24119
   23821   34477    7437   11641   14072   33592   35815   11134   27559    4501
   11397    4135   14851   25188    3087   26418   18338    7738   25308   16560
    2954   18735   25499   19168    8077   18639   27204   22643   34619   28982
    4467   34493    4306   31600   11510     886   16770   24745    2600    1427
   17966   23105   23133    9399    1578   26983    9987   26199    9184    6481
   21608    4186   34549   30172   12603   12239    9456   25862   33305   16616
   26407   19503   17238    6296   19492   26673   33869   35002    2779   18239
    2350   23243   32409   11191   16389   24890    3254   24818   26240    1979
   15826   16253   29562   36930   33412   32525   26979   12417   31968    8026
    6298   14819    2244   20103   31300   32676   19979   21806   25465    2809
    6486    2833    9973   15548   22460   16983   27780   23344   22185    1450
   21298   29133   18075   25746   11827   26874    9849   28361    4035    1069
    1680   18661    5430   30817    6892    9033   17522   15111   27059   14817
   16986   22477    6942   12954   35163   14793   23579    2387   21462    4254
   31309   34214    6316   30249    9334   22138    3123   24588   12547   21113
   24933   29298    1559   20411    2186   18784   14316   28719   31214   29088
    4622   17981   22848   18009   20945    2293   17524   14460   33394   27401
    4550    3562   26635   21592   33531   14591   22433   22472    8097   24617
   32132    5441    5655   23109   32111   32627    1742    3412    9458   36808
   27929   33563   10401   32888   26109   13238   12022   19436     397   36911
   10371    9931   11834   31860    1935   12866    8007    7139   14711   10118
   35425   22028   18403   10232   31465   30314   31890   30731   23590   33990
   26060    7367   12138   16365   33172   28003    4976   18225   32059   33107
   10552   28666   31736   19093   17923    4296   30855   28139   31062    6686
    4450   22871    6197   14891   17265    5419   32340   11857   29636    7133
   11379   18467    4423    3547   11765   34397    1039   15894   26322   30786
    8161   31551    2675   15554   33395    7166   16196   32840    1587   26235
    6149   19427   14844   35959    1981   30338   19460   26915   30375   30050
     523   34260   18353   10729   17870   16974   26762   21779   29141     715
   29031   10898   10531   27541   15135   25898   20060    5510   30084   16658
   28197   30619   23433   27329   34205   13590   17571   24927    3848   22029
      86    4722   32994    8042   14083    5950   35186   13963    3662   12132
    9823   16769   10368   18112    9977   10207    4070    7878   32474   23430
   11093   35021   25820    5832   10137    7962     865   34020   10328    6507
   10296   35325   26383   22827   35839   10422   23434    4783    6931   11563
   20076    3256    4476   17418   34874   20225   19234   23730   15393    3281
   25326   14093   32481   33555    2320   11947   27921   10142   13748   29748
   17017    6718   16629    5788   34310   23572   13761   18813   28055   17801
    2952   14370    8912   27587   21878   15575   10303   17483   16818   13197
   17609   33449   27024   30117   11590   19614    8123     352   35304    5594
   15680   22426   23528   34409   23767    1825   28254   13919   36855   21721
   29700   35054    4651    5417   12536   26430     130   35938   13295    4262
   33553   18753   13271   16712   33669   21534   31355   17250   33611   17000
   33651   35599   17078   25930    1652   28649    3146   10125   26111   32483
   26142   10392   22302    7649   12886   30766   13082   27683   19211    7219
   20516   11053   30323   13106   34962   13645    5603   16015   31409   24602
   12578   32069    7846   11927   18434     479   18594   12154    1241   35769
   24550    1192   11161   27951   15867   36551   19717   10069   16175   35339
   21520    3750    1141   22967   36810    9613   26201     818    1292   36928
   10310   34682    8369   15348    7400   18980   18357   25952   22901    3757
   32566   34556   27469   35050   23202   13045   29454   10432   26054     828
    1472   27745   19155   34694   10402   11215   29460   31475   24415   36641
    9802   24552    3963   31266   35459    2437   30268   10062   21017   22701
    8756    9738   17103    4686   15859    4663   34009   11975   25485   20517
   18017   36831   17573   14327   34690    5404   33829   12665   35117   29486
   11186   13972   10490   12642   33203    4097   20743    9635   33854   26724
   36207   22900    2947   25614   36801   20989   10756   13686    1662    2207
   27287    6739   12757   12681   14046   18449     391   29796    8394   19599
   28524   11907   25346   17702   30122    2051   16874   32765   30816   15063
   31702    9081   22247   19697   21569    5499   14478   33965    9937   35283
   10966   12695    8292   14841    5207   27633   19291   28478   15243   32966
   13177   12903    1737   24305    6651   13836    6467    5085    4700   16422
   17208   32764   23700   10276   16701   33216   27651   11394    7671   17883
    8436   10381   33638   12680   25876   24050   35725   25623    8780    5945
   32001    9956    1370   30666    9928   33237    7376   16644    2704   17534
   30546    5807   17181   19840   34131   11538    2539    8225   31995   27642
   13408   19475   23636    3647   12034     840   31065   20271   25087   21403
   17415   30646   13782   23737   14850   24839   22110   22932   36590   10326
   35462    4717   10507   24750    1291    4799    6459   19866   10528   35552
   18008    8410    9798    7693   27330   10506   26115   32875   21114    2927
   23321   15950   11099   21570   10779    9170   10472   26546   17656    3776
    1009    7280   23882   21324   13880   17065    8002    3251   26078   15060
    2631   28895   26744    6242    7449   14208   34769   20475   21349   19494
   22548   13390   11367   30299   16654    3485   23957   14774   28255   17117
   21617   13934   30276   34642    1585     428   22048    7576   21704   35729
   26472   17743   25716   13314     991   27313    8040   15496   22288   13184
    1958    3969   22482   17249   33190   30408   15127   17205   11977   26948
    5105   21853   18351   29106   13489    9358    9510    3189    6404   20785
   29215   18407   15907   23677   14261   13091   36848   22532   31459   30449
    2607   29201    8102   18369
