   14771    1083   36380    8308    9584    7064   18162   24247   17576   14635
   16763   13229   31859   12857   26859   26614   22088   34174    5416   31505
   29140   35074   11568    3070   13243   27500   23085    6129   19426   26107
     852    7821    7142   33346   21268    5736    4599   21758    7862   11901
    8643   24427   24625    7454   26525   35638   12349   31104   36358   35660
   22690   22687   31973   28785   23079   34347   35823   15305   31026    3029
   32671   30099   25982   34090    1303   28684   24007    2696   24493   15806
    3616   31713    6794    5271   27226   26559    5070   27856    7767   16713
   18701    1905   25144    6072    3668   26977   31397   28866    7785   23552
    5727    9766   13196   14179   10694   18323    4981   11217   32947    7518
   28808   29590   24249   23497   10762   29101   13554   15019   11113   22128
   33370   28906   18095   32042    5768   11713   16643    4709   21108   17380
   31655   18438   34657    5923   24441   25784   14822   15499   10801   21216
   28452   15042   32874   19113   24714   34091   23975    9527   25438   19118
    2921   30007    5257   19182   24449    3252    8203   17848   11493   26529
    7208   14451   10702   26736   22419    6877   27325    8524   16301    9736
   11822   29734   31370   15587   15968   10489   33991   27315   34698   29545
   14777   34199   19140   24764   25834   34897   16866    6168    9567    8079
   33106    2130   36272    2191    7041    6505   36575   24641    3947    3095
   33603   26290    9064    5250   16760    7131    2964   10094   11030   14696
   27013   21202   17153   32610   25176   34885   33134   33616   18459     680
   13069   18261    9695   36905   30121   11554   19496    8052     977   20426
   31939   20015    5130   36931   21091   18194    4901    6515   24712    9591
   35677    8195   29784   36892   21411    3097   31044   18011   34107    2322
    6328   33313   22709   27894    4805   11502   17614    8725   16089    5017
   11534   31634    6059   19391   35573   22357   30230   16882   15713   29069
   20932   24085   13806   19893    8653    2635    1933    2090   12107    9965
   19482   22415   27948   24333   20695   28100    8542   34822   17280   13820
   36322    6652    2215   11807   23845   33893   34816   14563   14477   19688
   15817   36126   21200   13542    7293   31964   24590    1380   19110   32096
   14054   24500    3711   29824    5606   28373    4428   35249   25846    2399
   23735   32857   27041   20476   31084   29465   21072    7687   29773   31221
   14984   18992   14700   10400   24871   27569    8234   15220   30998   19198
   32568   36520   25018   30500   32448   23476   23338   26231     863   14436
   20962   36238   10301   18441   12291    3119   24958   22905   29758   21103
     563   28865   28141   11889    7357   22685    7033   27467    7628    5290
   13296    5575    9726   32972   25934   35344   35479   18080   27099   12021
    8430    7128    4200   26244    7368   16464   20715    4498   21533    2122
   28493    3539   12185   23375   21428    1581   20704   10191   20823   22550
    6022   35199   19954   25720   28604   13310    4128   35633   28610    1598
   26193   14663    1413    5164   20419   27005   29200   31296   25239   26208
   10061   29675   16651    4295   24134   25224    3325   36023   26400    4371
   10934     500   12434    5527    1228   36867   19543   19627   10235   29569
   25152    5611   25228   32233    9423   35501    4168   21351    5108    5485
   13504   18798   34159   10055   29413   27410     815   22476    5262   28710
   23736   11606    2146   22627   29718   29886    6595    6929   18401   24788
   10583   20655   26021   33327   25519   20409   13779   33037   25378   10459
    1052    3471   32420     707    2182   34152    7113   32216   29650   31241
   29830   27540    1307   13343   18637   16079   34738   35478   30849   10858
   24147   21916   33159   18876   34268    5369   11278    5045   28578   12072
   24014    5876   30596   31012   13162   31116    7507    5558   30569   22853
   10460   14739   23612   26169    5143   18864   12461   23455   36029   26460
   17861   13958   35862   11399   33330   21500   34627   17312   35529    9721
   12917   34653   29294   18165   18674   10703   14186   30303   15313    4561
   18958   20646    1154    2183   36648    4466    7787   27208   20950   25610
    7702   30329   34300   11700    2072   26469   27277   32376   27383    5138
    2856    4944    7981   24749    7996   18937    8367    9757   29893   19033
    1453   13165    5248   36591   24380   35492    6668    9487   14926    3265
   14892   19294   20799   24233   12364   22818   29030   27581   10605     341
    6614    8946   16329   29306     440   12582     279   33258   30161    2138
   29038    4758    7002   33934   34566   27800   28748    2282     681   16793
   24849    1846   30874   14280    3032   31654   19203   14989   12579   14625
   35704   36393    1714   10306   34195   18569    7733    4829    4362   18567
    2393   24755    8929    3709   31260   16297   14159   20520    4243   27603
    6728    5359    9475   25916    5027   28521   21006   27625    5700    9373
   15021   25683   19463   15138   18646   15885   29185   13113   14024   11865
    7501    3198   22898   19732   21449    8811   24329   33954   33665   28806
   20017   36977    6420    9590   17632    2184   21591   31698    3808   14541
   33291   24496    4950   28727   20904   12500    1146   29220   13093   23823
   21816   24289     730     723   24619   21101   31987    5489   29311    2621
    7982    9862    7620   26106   22374     493    7476   20977    4011   28173
   34704   22255   17536   27960   17615   13315   16335   33043   36346   15917
    5148   34909   31912    3456   13549    7478   23308   19771    6562    9837
   30042    1669    7425    9746   32518   17274    1793   21999   18668    7761
   21010   19418   18654   24991   12614    7781    6281   14133    9959   24948
   14102   19540   18275   30468   29749   22445    8139    6342    2521   35070
   16999   29946   16930      91    1996   25583   19247   10394   22139    9667
   27528   19000   26162    3926    2504   10024    4488   25951    4311   32254
   31069   14401   32100   15058    9338   29165   33286    2112   20158   25546
    1036   16480   34666   20627   22592    7658   34544   14101   14637   32337
   15033   13330    7429    7074   19883    5171    7228    4159   33456   34250
    9781   18050    1346   29195   33064   27138   22040   29931   35925   30656
   35557   12456    3241   12099   18348     693    4182    2343   20930   28489
   19714   29447   31852   22417    3236   25461   10823   13099   15479   28150
   14296   30087    7146   29389   31118    5118   10019   31194    9854    3919
   15299   28381   34248    2418   25510   22158   16782    2223    2511   27088
   16320   10916    8997   27144   29987   23573   22385   34468   35575    8387
   17474    1193   23506   25814   31159   33641   32757   14869   21754   24878
   36125   22755   22630   27548    9725   36626    7604   34246    5403   20294
   33245   17445   11439    5574    4904   20220   30815   18854   35700    1824
   22863    8372   25722   23577   35175    1667   13884    6971    3124    8987
   14521    3423   20568   15267   32510    4021   28107    3249   35429   20747
    8605   28446    9824   17261   13786   18142    6650   30002   18671   29653
   35854   19813   19141   27557    5375   23616   12961   18710    1819   12371
   14369   11372    3108   18513   21376   36786   35976   33601   33735   28104
    5554    8121   18649   27466   25304    3470    1293   11243   24686   19471
   23409   29041   31255   12766    9392   18241   15130    8476      52   11192
    4223     981   24482   17500   32370    9255    3329   32095    2154   28167
   14156    4464    8874    4820   11038    3065   24160     232   27326   21185
    4690    2514    5001   18234   27777    2083   12422    3905   35465    5222
   24272    8028   18220   30513   23018   16582   24402   31262   18522   36874
   15717   18024   18290   36119   26172    7239    4443     120   30224   15674
   29071   11816   22995   26352   13719   14397   20665   29671   14106   32019
   23011    5731   25300   25389   13881   16333   36902   14039   28504   13445
   27962    9434   32191   10681   20228    2185    3872    4630   18961   13898
   36112   18931      85   31175    7459    7185   22478   36552   32231   20397
   26968    5075    9888   19067    9758    6938   22801   22347   16285   10720
   20657   14496   12773   36269   35150   36404    5225   10474   36769   15131
   11533   24467   36024   27675    5276   34951    5490   17076   29070   20255
    7410   27567   23261   24254    3206   26491   25985    6270   19559   33761
   11560   23294   23314   12202   36085    5491   21287    9492    1895   15792
    6710   27759   20023   17156    1609   10787    6493   29550    8022   11354
   18764   33160   18170   31405   23454   28921   25999   19053   10938   18479
   11960   12156   36749   23907   35245   34571   15254   36242    1210   18337
   14091      30   32172   27428   36097   20908   13864   17982   22746   21015
    1829   14056   28794   11664   16553    6239   34436   34172   22623   18806
   20499   36782   19015   18870   36746   28529    6346   35512    9935   31408
   24949   19486   21559     808    2516    8523   12737   17436   34994   28571
   28276   22929   28127    7416   29343   26615   12830   22108   30001    7475
   29441      82   30322   26660   29728   11145   13709    1144   20643   28994
   26387   25542    9265   32258    5202   18377   13477   20372    8910   35547
   16555   28271   30617   34992   20636   22601   28037   14386   36951    2301
   33629   24302   18007   36772   36805   13580   11666   21434    7968   28695
   12835   30723   10263   30821     518   21848   24804   25211   25053   26179
    9078   16868    1622   27047   18636   16955   36439    4202   21877   18880
    2255   24267   36854    8823    5006   23008   11644   17729    5055   28898
     252   10537   24023   29644   31565   35749    2078   20427   17623   32732
   13913   27237   30178   10324   25714    2543   25217   24801   35182   30562
   26377   11569   35781    7134    6367   18283   31308   17859      20   11359
   18364    1133   34722     928   28311   26056   15834    3326   20329    5032
   14616   10712   24610   27729   12449   27162   36962    8970   20790    3598
   20421   26573    3284   16899   10297    6896   34903   17463    2544   31503
   16841   13957   34514   34667    4585   25140    2208   34466    3900     776
   23692    2517   12832   12534    9121   23584   14652   11949   14253   12423
   16722   14286   20883    7888   31535   26467   21343   23498   16161   33285
    9788    7918   18345   22429    9526   17785    3468   36011   24882    3141
   33753   34101    6699   18145   12912   20386   29243   24132   31226   33897
   15309   27738    3239    2966   35536   31345   24528    8603    3230   11979
    2770   10923   36645    5701   32658   14669    5037   16244     713   10209
   17026   11291   11548    9489   20590   20155   16069   13589    8914   34469
    9335   19228    4297    9140     853   14584   19222   20851   33355   26852
   31193    1890   15581   32477    2822   23320     192   22382   30458   19301
   33632   10656   35848   27698   11689   23551    8397   29870   20150   21123
     226    9516   33729   24084    4846    2172   17290   23917   21906    5432
     839   35952   34416   11343   28346    2345   23282   22658   32050   32629
    4545   17432   26032   36861   22243   25766    2481   15456   17819   29717
    1324    8673    7902   28953    2211   34883    6742   17349   20095   28634
    9556   29021   26618   20899   15505   10493   35280   14269   15506   13949
   29724   13037   10532   29663   14542    2495   21429    8062   16982   33220
   19216   12078   17783   15521   28801   25056   28315   29086   16048   23100
   34589   30123   29805   15565   26334   25043   23699    2537    4609   19596
   14278    9446   32614   34844   12639   35926   33964   24211    1576   19020
   25900   12344   25723    9839   34787   34711   21208   24320   12139    9017
   36250    6638   30155   26177   29396   30511    5031   10546     987   25498
   22710   16178   28584   36875   11090   35784   31827   35284    4285     258
   20951    3387   31265   11544   35944    3434   34881   34931    8514   18914
   24540     555    8310   26531   12015   34834   14855    9518    9372   11265
   20365   27426   16510   35443    6986   33686   14182    6287   35414   16964
   31488   12996   22826   31959   13574   36337    2653   23298   26950   23937
   18804    4597   28414   26214   28277   30871   10559   22256   22406    2139
   21869   15594   14210    7393     943    4596   19638   26853    5445    3365
   25183   17253   28954   31254    7438   23763   19565   21192   15134   25004
   33338   21086   14718    2769   34082    4932   21224   11526   15543   27697
   24520   11574    9426    1855   14047   24924   21415     251    4513   19050
   15200   34639   21830   16484    9989    9575   24637   17719   24557   36414
   33584   36278   26218   17934   12262   27653   21306   35438   33966   29003
   27456      26    3177   36438   18835   31952   12437   32219   24159   13586
    7631    9717   23281   14301   28720   12609   26318   22119    5092   11300
   22593   27611    3985   34425   34541   16970   13358   14530   33939   36191
   27245   20975   10683    9961   10102   32842   16126   28462   11197   30796
   16814   15690   27614   35550    8690    4674   14509   23634    9124   23235
   19891   20198   33320   30219   35843   12042   15850   13470   22416   21026
    2094   30973   12928   18861   33343   27714   16581   25171   27159   14559
   26354    5991    9107    6134   13967   20195   21174   26027   14411   23510
   24194   16346    6267   25249   27959   34410   21182   36533   12117    9367
   16661    7939    2830   32986   28202   23034   34320   26256   13294   30663
   31749     768    5396    8017   25644   16592   15915   34848   22761   21898
    9969   11968   19071   27219    4198   24309   24607   31101   36963   27069
   27820   30139    7669    8385   17958   33667   30309    7059    7978    6024
   33229   32944   32274   21729    9182   28653   15065   30808    7858     496
   10177   33627   16680   11582   31979   34810    3079   15289   17236    9553
    8818   34747   21471   25995   23628   12366   20241   22824   20759   25619
    3875    6181   20954   29490   18693    8822    2420   13423   33554   15139
    8779     616    5231     208   27872   23758   32205   31174   35702   10417
    6310   26337   14681   14193    8220   11872   16273   24660   10619   35912
   27995   18395   23688   32478    6755   25555   33663    7085    2771     417
   17637     204    4793   14557    3526   20832    9878   31315    4791    2836
    9155   22009   16613   16325   11876   22000   27311   11059   14854   15897
    6017   26522   30873   18032   20237    8493     444   25955   23070   10358
   22114   12222   25911   31199   29961   36410    6795   13076    3844   19319
   27904   17749   30185   29183   14999   18481   21011   11767   31463   32635
    5051   23610   21246   30340   22202   27043   33926   21433    6726   14455
   33485    8363   33762   15043   31871   12796   10906   25181    6870   13649
   25312   24012   25335    4520   32879   21652   29742    6094   33300   32072
   30418   16474   32954   34944   33417   10339   33221   34182    1075   28308
   19128   36669    3388   25954   20208   22808   31407   14868   31978   22596
    7163   11828     115   32198    2174   14378   27525   10871   25373   35381
   18215    9884   31328   20886   27380   29417   18969   29975   23799   32688
   29035   25782   32967    4211   15593    9320   31027    2538   11543    9815
   23385    7552   28777   33520    1879   27686   19406    2189      47    4308
   13819    4148   25291   27017   29087   33114    8559   20042   28101    3161
   16655   21127   10492   34478   27730    2638    4784   19618   22947   28307
   28854   33728   24195    5984   29547   12209   24516   29921   11301   11058
   15719   17521   20800   16117   28588    5213   23402   27923   15287   10654
    2202   36845    7831   10611   33467   14472   16521   11174   19650   32373
   15307   27938    6162    2968   33166   25803   27382   19926   14213   11132
    5461   27320    7876   17917   19935    3610    5139    8010   32933   30826
     619   17881   15405   25754   25074    2612    8016    6588   26157   15477
    6257   35818    4993   24116   11730    6807   12029   32838   12308    7333
   21862   21710   20366   14463   16859   36458   26068    3820   28579   30610
   34149   13438   27149   27816   21781   20056   20062   33812   36473    1601
   18909    2941   22718   28306   28026   28209   33636   11791    4764   23500
   19345   25060   27459   30333   35231   20043   26118     575   14076   18372
   14234   20412   17339   16633   34721   30009   22686   35498    1108   26356
   35343    6082    8672    3786   31808   23816   18548   16852   36170   31099
   26186   29063     871   10613   34866    6202   27213   26524   15022   11916
   20543   20020    1466   32721   19129   16835   30758   30095    9234    5972
   29732   12484   18478    1353   33334     868   15399   30145   22544   10309
     375   18464   36923   25277   13713    6499   29782   14982   18045   35485
   22598   11821   36192   32915   21445     347    9350   24251   34330    3183
   27931   18492   25582   11325   25943   27240   14781    2826    8813   30638
   36486   25597   32691   25039     207   25707    6551   32170    9122   23166
    3049   32815   26630   33382   28798   24691    3496    3348   26119   18824
   36688   21311   15119   22303    8326   14756   34129   32444   22107   27318
    3847   29401   11479   24701    8033   28697   29176   14349   23784   29948
   12794   16514    3395    4305   19076   16863    8519   16614   28046   21495
   12905    2587   35110    9589   35251    8405   31777   36162    5113   18214
   32653    6259   36427   18154   12934   26812   34631   32781   16136   16074
    7527    8954   17038   10867   16799   34736     435    5877   11934    3275
    6661    4468   22471   30690   16370   28822    3809   28641   27912   22891
    4139   36266   23273   16014   27669   17446   32845   23772   29707    8466
   21366    7040   35313   22541   27097   25792   19111   34678   30294   17388
    3366   20632   11490    4473    9622   35230   28557   16642    6914   26287
   19563   32419   15775   28474   14264   11221   28360   21926   20379   22181
   30668   30806   15785   35480     312      87   11069    1325   17835   27452
   34828   14603   29099    9934   26804     201   19429    9791   22899   11214
   35374   13867   11525   29755   27078    5746   17857   25441   28598   33195
   21573   32987    1780    6526   28937     487    8478   13602   34023    4046
    1179   11355   25340    9525   30494   28115   17544    8763   15427   12395
   24261   35741   12388     964    6043   30216    3022   20659   25099    1511
   35675   23232    6333   13301   31611   36559   17347   36733   26687   11589
    7479   32276   23734   36901    7350   10039    6907    3821   11211   12810
   10667   16436    5484   36168   17200   12772   27148    5714    1512   22960
   34746   18617    7276   15232   32186   33652   12502    8837    9290    2637
    9561   34626   19122    9643   22823    2093   25969   13987    8745   32492
   23349    8197    2788   24182   36511   15880   25062    1912    9724   34132
   28832   15483   35364   15648    6623   12524   13094    8240    5101   36101
    8587   29754   28050   16705    7331   28736   28534   31715   23450   30043
   30773   11963    3493   25938   31453   30549   22805   22152    5301   32906
   21149   26540   25302    3047    2759   14134   21031   30865   14143   17435
   36033   31369   26740    2179     809   10497   31590     482   13131   29521
    7833   32140   31930   18987   28421   11501   24475    6582   24162   26820
    3682   33390    2620   14621   16421     876   32010    5312    4812   19379
   14490   14675   30412   14243   16354   13695   20570   12241    1220    4839
   30516    5770   10485   24364   14978   16209   35804   22793   32282   19441
    5937   31467   35187   21396   16359    5281   27741    5728   13960   29100
   35463   36115   32394   23833   32896   19859   32092   28351   12324   17662
   13316   15204   33025   24045    3322   12301   27040    8192   32194   16615
   17995   33010   27048    1597   30498   12851   31587   22290   27285    2939
   33506   18201   20740   32280   32488    3229   14582   14828    1955    7292
   20260    2585    5686    9723   25444    5573   17959   20588   22730   30262
    1628    2673   34868   30225   19854    3067   29529   35365   21414   13458
   11122    6326   34537   29277   34629   29909   27782   23062   12795   32029
   33476   30082    2867    8304   36689    2795    4785   32416   35755   19120
   24856   19765   22291    4105     834   28559    4141    2975    8465   23941
   27201   14895    3181   10287   31895   19603    6624   11552   19041    2486
   25006   15012    9169   16830   34573   28253    1166    7008   17295   21647
   20226   12446   23047    2278   23016   26960   14476   28810   17858   21963
    8072   24156   34570   35827   12402    7709   16796     676    8432   27677
     504   16529    7999    6796    7771   29466   32849   17115    5570     144
   35247   13541   11520   32071   14806   26507    1246   18665   29278   10311
   19215    8684   19138   20178   32558   22211     898    8243   28779   32617
   36411    5320    5846   11015   12939   15202    6777    3261   22894   17346
   30627   30920   24395   32528   12943    4237    3888   12823   13968   22502
   25296   16589   14014    3600   12330    2563   12849   22452    4020   35172
   28145   16393   35724   14546    7777   33695   24078   36025   25222   12610
   32608   23783   10932   26985   25807   12514   29279   16963   28940   20794
   21915   28348   14941   26558   15041   11413    8212   23377   22948    5072
   19478   33957   25330   14575   22173   26577   13785    7802   11037   11607
   20547    4629   34015   29699   17751   30969   17964   19136   28616    9339
      70    9559   18262   24971   28009   24624   25227    4224   10005   24853
   10375   16905   33133   33124   11943   23620   23346    9727   28402   13904
   28643    8777   13840    7378   18450   36945    8145   14029   11904    9055
   34475    3081   34071   11253   33090   32034   10525   30531    3417   34720
   28318   29068   29174   36071   32319   26086   13965    3280   11825   33254
    8136   32973   34473   12721   16486   26705   33055    8532   21636   34825
    2760   25545   10754   35982   18581   30888   21087   12587   27876   16948
    8722   23359   35191   26669   24636   11246   28239   22558   14138    6028
   29586   33730   26428   15184   22405   12913   35762   33582    9414    4270
   20055   30584   20820   15636   32204   32343    9370    3443   25205     411
   13500   34211    5047   31969     698    4537   33852   31010   19665   21391
     878    6401   10385   25297   20296   12622    2906   18130    4178   34051
   21055   20317   13028   17284   22513    5159   16288    9049     576   17029
   10086   32991    1774   21199    4463   20913   14161   21328   28392    1274
   33770   15753   12091     151    3934   13226   25518    8451   13407   12350
    4620   18754   19656   32427   32331    2782   33097   35528   26797   26234
    7610   23878   13276    3617   21239   35154   20032    8242   32378   17784
   33438   27420    5864    4681   25984   21959   23950    1072   34803   16086
   28939    9054   34281   35205   24358   14785   21203   15711   36914   22002
   22379    1804   24648    6297   27935   14396   15168    9285   32707   24677
   14746   17907   31462     877   24494   19877   29410   30979   29564   20357
   31095   12529   27658   12632   24083   10380   28833   29050   11680   36543
    3842   23172   20881   34731    9765   35059    4408    8158    4125   32145
   16252   10763   25587    1496   28064   14698     215   30595   30302   35178
   19034    8893   31426   31423    9369    2206   11813    8460   16857   35506
    2426   20203   21969   12416   14970   14108   29169    4435    3179   19950
   21179   25659    3287   17461   11962   17525   24959    2948   12636   26447
   33448   26463   29635   10429    4049   14939   12510    1419   10036   11801
    6190   12942    1340   15561   28569   10033   20029   28268   14465   14940
   22944   28226    5633     511   20104   26961    2506     302    5940    8920
   23713   18046   31114   15993   32726    7921     489   24422    4775   22683
    5097   14680   25246   13612    3356    7612   16284   23502   24544   36950
   16745   23903   22588   16382   33579   10126    6313    3835   21884   22261
   30670   10602    5141   29285   32032   34593   31233   25704   19306   30253
   15819   20861   31316   32907   27421   24802    8168   17627     348   35671
    9914   30486   33353   16612   10736   19728   18336   33658   23097   20641
    7229   22370    9769    5720    3688   14717   29815   19917   29984   31668
   10800   15233     760    7217   29217   18533   17216   23609   25339    5652
   30776   17293    7818   10147   32929   23681   14059    3879   31322    8050
   13411   27956   12874   32454   17804    6965   11528   15275   26741   29978
   12407   36289   23400    5618   21965    3196   30197    2106   25051   16199
   33029   10329   10582    3319   31470   29175   28820    6858   12860   13817
   20765   14503   24452   29781     261    1280   18068   17159   11314   14641
    1709   17622   22763   14012   19786   24235   10799    7581   23856   34427
    6085   28124    2333   10224     230   23039    6833   23999   10273   15598
    9952   22280    4953   20537   24436    5905   25668   27971   27723    5469
    2260   29283    2979   18447    8965   22798   27600    2295   16991   11715
   17515   29611   10113   27991    5754     406   13232   22934    9660    5713
    4752   27267   26595    9047    8277     449   35903   14390   21927   17037
   10275    6555   18383   19422   11679   32256   34989   30565   32082   26526
   26818   19722   17302   16459   36822   15876    6091   29604   29213   24631
    9614   22014    5719   11717   32223   23029   15269   30232   20726   34960
    3883   21945   14410   31825   31965   31767   28718   23340   26028   20488
    5298    3981   25715    6075   10434    1658   11480   31493   10692   26275
   13215    9568    4986   12367   28963   20482   26683   19772   26716    7950
   22787   24073   22192   19196   22974   21240   27889   20108    6692    4896
     728   28261   32507   22940    5709   24130   11420    6289    1478   11271
   15317   35029    2820    8592   19341   21955    6424   24088   30561   30240
   31610    8746   16566    2177   13260    3358   20815   29186    9500   20040
   34238   13111   16239   29305   36839   24789   23435    3282    3274    9144
   32939   31499   35757    1271    8455   32759   19263    1806    9715   20190
    1254   26314    2005     393   22954    2329    8983   23387   32301   31614
   26872   24451   28266   31051   24483    4682   24563   27353     112    5645
   25920     566    2900   36377   18867   34910    2640   16563    9284    2425
   23955   23461   25885   16035    4136   27746   21825   13640   35849    9402
   11445   29218    6055   23163    3073    4081   18855    1832   33700   27817
   28076   30083   11869   29324    6449    9178   25936   24518   15489    5715
   23152   22011   25502   22195   29390    3328   11452   18755    7925   21451
    9315   28519   29242   23668   28385   27073   14416   19879    8320   15300
   34689   22906    9773   11877   29214   29649    8486    3480   31543    1698
   28263   20137    4911   24199   13728   19495    7253   35318    1899    8616
    3498   14340   22973    3374   10881   22441   27664   16099   13631   20504
    2869   18076   25377   30681   30657   21038    3467   28591    4398    8981
    4611    8604   25718   20444    5111   14576   22076   16838   10802   36701
   24042   28214    9459   34212     247   27550    1560   10099    8390   12094
   25734   28066   23419   19025    7956   28248    2450    8293    2717   15732
   13648   36595   23277   24970   11144   31638   22436    1269   23561    3318
   32031   20906     420   27620   24109   24543   23392    5880   13690   31436
   26309     153    2248   23711   32523   32283    5163   12770   17057   12940
    1051   17195   32995   36372   29654   14402    4001    1384   28235   33873
   32323   26675   34471   21498   22265    8979   27143   22167   27351   25404
   13844   32640   29208   32146    2936   19221     757   12852    9551   25562
   18555   18324   35802    7523   14779   30512   15213   26431   32040    9007
    4512    8045   35415    5850   31942   32402    2153   13481   21896   20526
    7394   21150   20640    5649    1118   28715    2796   26216    2528   22889
   27890   30361    8534   21430   30466   36405    1655    2698   13467   33367
   32381   17460    8018   24695   24943   35663   11795    8591   14090   13116
   30367   11784    1674   22562    5999    8906    1034   33790   32357   23083
   11652   34628   20826   33357   12938   15547   17427   33301   36631   35525
   36939     359   18591   19556    5443   18811   24066    7419   15054   14065
   25540    5650   23860   20468   11686   25903   28959   19673    6418   24054
   25187   30792   28511   19641   26943   13202   36455   30229   12627   20358
   29123   16004    6395   25642   31371   22066   26616   14057   26077   10864
   33903   27643   13714     173   18028   19419   36620   23916   21753    7397
   24374   34148   23475   10959    9348   32720   22466   11763   18534   19689
     448   13287   29269    3098   27835   32423   32078   35975    4974   15571
    3399     773   20337   34987   19960   11255   16118   10046    3258    7987
   18486    1685      57    1536   31206   21861   32305   31716   34735   27878
   17931   27006   27064    6993   29102   10596   18757   17895   14821     802
    3306   22732    2497   36236    4810   20724   29867   19827   25962   19921
    5116    1971    3375   18845   33545   19747    3228   27974   25482     937
    4158   22264    2434    2649    1449   33036   15539   13585   21797   19142
   12731   25554   27843    7053   10340   21715   36152   17805   16081   22409
   17272   29579   10850   17097   13259   24967   15856   30667   36567   12001
   34390   17034   34559   28722   32511   20430    6458   10809   28886   34734
   24811   18927   35351   26034   11806   28592   12932   24511     705   25055
   21527   20299    8294    6968    1059   12747    5086   36365   18248   17228
   23825   21161    8718   32517    5975    1352    1041   15783   33807   11201
   28549    9235   12142    7018   34100   25983   29488   22961    8377   17331
    5059   24990    5617   30451   22336    8602   28764    7470   12541    9424
   28648   32361   36317   18440   22845   26079   21742    3233     668   11539
    3283   25997   16361   22613     516   19384   30510   32026   12151    7595
   17913    2017   33098   26365   28430   13727   13863   15330   34081   11623
   32624   24997   30207   29329    3902   25632    7150    6130   15712   14685
   17676   35419   34765   10241   29963   30964   35598   30554   33165   27508
   32996   27875   34407    7559   34935   36588    3665   19856    4431   28849
   30863    7487   22727   13584    4233    4332    2033   11224   23304   19100
   18917   26306     132   19824   19830   31108   17361   23900   22484   28555
   16631   19738      66   29681   34398   28962   36968   10562    3482   29637
     742    7659    2578   36214   13079   26511   14510    4145   10897   28809
   20750    3973    9569   25989   17582    9441   10501   30353   13597   33047
   27605    6230    6423    3170    2971    7673   21509   26549   18308   23187
   11406   18752   16977    3497   36512   14775   13049   32278   11595   29551
   33123     539   13431   26598   12357    5346    2082   15264   26880   24237
   17323   13313    6637    1245   24143   26563   33491    5406   19174   13051
   35337   24172   23844     382   25609   21408   19755   12205   13382   11006
   29369   19769    4852   36932   33426   18210   20519   20770   17370   22068
   25440   17950   21460   10408   29916   30058   17050    5263   13210   15928
    1875    3759   13656   24176   24547     462     305   32600    4232   19461
    5498   21281    6541    7842    8882    8538   20170   30144   14610   25507
   15858    3589   31182   27031   27200   31495   28174   16492    1904   10863
   15484   23930   20995   14252    9906   17072   31388   35275   32648   16012
   35580     559     317   31577    3924   33074   10202   12309   20087   12227
   13702    9266    6209   13135   25804   35604   18793   21130   22723    4500
   34524   11344   25102   35960   29061   18097   27881   18922   24675    5005
    3397   30138    9209   26953   33924   28768   23139    5724   21040   26584
     277    1181   13772   10111   20668   27029    6172   31275    4687   16057
   23162   33521   18519    9974   19085   35618    5740   17607   20465   16827
   26267   24223    8889   16437   27539   33432   10318   27716   13755   15502
   34014   25147   32619   10617   33537   29393    2324   17847   19608   24744
   14162     473    6605   27301   32179   22847   26320   13689    7303   13137
   18060   18872    9080   13261   22380   17378   17616   12897   27448   28950
   36642   36221    2969   17283   14211    8306    9505    8827    8453   10790
    3876   29057   26604   28073    5502   33024   34352   22903   25574   14550
    8795    1369   26403   27198   36947   25385   33099    1666   36690   11074
   14949   14604   34718   25509   15642    9409   11682   13573    3055    7017
   28973   10568   17608   20617   13386   12711   36687   28675   17106   31081
    4444    4084   17777   14866    9581   25694    6320    4762    3669   26358
   15751    5184    2038   29477     899   24371    3494   18852   12119   10657
   15901    1148   17495   35025    8829   23432    3717   22862    5454   23108
   35361   33670   35141    9683   12647    8272   21254   20081    6580   15436
     419   33210   11370    6966   21803    3908    2019   31996    7798   23230
   36417   18102   14672   36884   21733   25095    4255   35185   34166   18213
    5392   31064   16569    9221   33714   13557   16024    5014   19574   11223
   25742   26307   30777   10227   26962   14164    6678    9674    2062    1199
   32088   23724    3751    2101   31541   30280    2718   21315   32856   30047
    9462   20761   19916    5839   21009   10743    5010    3371   26423   20581
   32213   24876   17767   20618   23268    7906   10132   10289   29474   21407
   23760   31520   30081      73   31131    3244   13604   23919    5555   23477
    2970    8155   18422   13366   36913   13832     758    8150    2150   10115
     210   16666   33697   18913   19930   12211   31695   15568   17516    4057
   13883   14713   34899   32718   32182    4358     459   14953   24106   29025
   26013   11259     179   22663   30730   32125    3061   24379    1378   13888
   26270   10181      75   21731    9499   16204   34010   20221   31944    6429
   22294   25481   11578   22739   23605    4795    7066    3793   32085     214
   30537   35126    9549   22846   31943   10695   14107   29096   36436   22133
   15471   13788   28565   13317   29682   14419   30981   26792   31090   17842
   36672   29328      19   11437    9653   19162   13879   35516   17605   20852
   10108    1225   10378   29013   13811   18124    6382   25317   20231   30028
   31632   17986   20536    7287    9075    3832   10060   20920   31533   14339
   34224    1305    5382    8081   16898   30391   27422    1490   17382   20078
   28818   25198   19210   26305   19095   17631   36657   31418    6691   36114
      46   19527   18089   31281   17993    9018   17126   36609    2275   11966
    9498    2235   30275    8759   36001   25237   24897   11066    5170    5266
   10195    8996   15694   34507    2908   29047   17561   20452   21900   11351
   25598   11152   22298   36534   18160   27943    2080   21764   35447   13871
     543    2798   30922   28058   20697    2743   21889   33319   14894   14121
   23707   31955   11639   23666   19230   34707     612   17542    3246   33615
     480    8574     320   25068   26195    8908   25314    7468   24185    1090
   30236    5221   15467   32543    6824   33746   28157   17686   21748   17569
   25959   12985   20035    2605    1373    7952   11976   10087    1084   11181
   33409   11531   11140    2187     631   15415    2569   23742    5643    1797
   13807    7143   22350   13154   25543   18972   14690   12556   30915      65
    9538   30370   24574   11018   29956   32684   27673   30106   33843   11992
   26775   34313   18093   24378   35307   20894   24852   15509   13647   26735
    4582    2765   33877    1668   23676   29250    7422   30422   33212     848
   35514    3321   35646   35426   13535   10774    7534   27116   13575   18033
   32787   15763    6840   33612   33736    3571   19346    3492   14730   19763
   35551   36204    9951   23488   13835   25550   21044   11718   24972    2850
   11642   14809   23685   26739   35767   18268    6054   31865   30991    8124
   33463   35322   36582   18882   21619   31897   22734   15179    6282   35375
     395     161    9896   11599   32776   25209   12752    2365   29760    5998
    7007    7213   11625    9879   15262   20884   22534   33005   16833   25874
   32902   19290   34275   14187   18317    4480   30936    6989     525   18451
   35636   29645   29024    3476   23747   23222   20495    8267    5347   36696
   25688   13601   20326   26417   22084   16904   35350   22958    8554    9375
    9160    1584    1845   18233   24989   12237   16657   28110   19958   22168
   29313   20479   22346    5787   18426   24887   19193   10700   20259   12150
    4544    4923   21083    9493   34053   11888   28631   33851    3791   20467
   27457   24719    7926    6206    8395    8489   32242   28620   35045    3836
   23745   29722    7391   31738    4691   24027    3390   17338    3771   12455
   15431   19985   11704   18404   12717   12179    4997    9336    6376   29720
    5183   25843     253   29449     817   18858   17379   21232   26497   22283
   25219   35091   13989    3007   19310   31235    2490   29144   20987   13168
   15955    6089    5494   13108    7556   13970   12601   10691    2880   28350
    4781    4506    1442   24992   29709   30543   36847   34565   16702   36664
   26065   12096    9596   34405   35526   20591   13328    8396   15550   35909
   24243    9292   12123    5022    5651   16499   34760   16487   14189   23546
   34516   25513   24681    4004   32789   31112   18139    5703    4286   15251
    8694    3792    5215   15418   12250   29191   22757   29762    9443   17255
   16033   13615   33712   15328   16834   12948   11274    4427    9608   10874
     407   27942   26585   28160   23857   25512   18307   17120    8733   35152
   34648    2299   27833   20827   14764   32131    5473   31032   22924   29752
   20915   10271   23617    4155   32180     784   17473   17365   12729   11055
    4991    3725   17653   18271   31628    7700    6799    8236   25015   15257
   18994   19485   19959   32660   22838   29295   11380    7183   10269   22249
   29124   28259    4641   21122   23998   25680   28043   23589    8586   11190
   21625    1796    5283   23797   33075    9469   12063   33117   17705   33401
    3386   12658   25611    1165    6124   34647   28278   21909   30473   10446
   12053   29433   34827   10405   14104   24883    9205   36262   22278   21913
   31392   36070   33021    5287   29790   30479   22886   35203    1459    7122
   19678   14103   15622    1025   28357    3726   34928   15283   21719   20545
    4571   14651     967   21574    6244   10356   17221    5305   19963    9872
   24060   28916   36146    1085   29818     271   34391   28920   15618   17832
    2411    6492   25432   28300   18036   18991   11374   29182   15709     194
   21154   26975    9106    5565   31896   31477    8803     893   20235   16700
   25478   16954   14579    5177   14596    7335   11957   14245    2956    9264
   14016    4375   36484    9286   27773   13492   18159   31451   16173    2349
   13242     424   28234   21266   20052    7749   14202   34485   21188    3630
   28496   12545    1267   23037   16319     387    1570   28015   32433   11514
   21902   20837   12143   14946    1638   13938    4618   18276   17015    8070
     993   25356    4748    6633   31940    8851   12768   19699    6952    6235
    8051   26026   18231   29163    8918   17887   28721   22123   10813    3580
   33855   20554   20461   24142    9332    4761   15558   30376   19681   31410
     646   29083   15736   31238   34336   10082   24515   26846    5302   12067
   14925   10012   15791   31813   21981   34955   13822   15939   23815   22343
   32963    2871    2397   25948   10826   32021   24236   22994   12010    9083
   30431    8831   29944   33699     463   22952   15356   36665   17020   15786
   36309   19752   29268   25046   23877   22392   11496    4957   22449    3880
   14412   29004   10007   13437    2933   17572    3561   28018      16    6252
   32442   20810    3655    1520   32388   36507   11910    4336   23331   10732
   24291   20196   27400   32458   34180   34906    6741   26182   14996   25391
     423   24679   31379    2372    9729    5540   36452   18320   25184    2897
   19282   11915    2415   13556   26636   10621     759    9806    2688   15520
    1229   32437   34999   14724   12856   16223   11661   34823    9025    7127
    7959   33436   27584   32893    6911    7577    6689    1491   12705   25132
   23061   25321   15377   34916   11716   18013    9954   32863   28288    4475
   22858   12478   24444   31822    9886   24770   21463   10765   19909   20239
   30747   16920   21899   34077    2529   18063   26838   14297    8233    4258
   25975   36632   19365   29573    2846    8782   21465   15602   20006   22925
   27251   17267   22538    6960   15420   18299   24409   36296   27477    8059
   24931   30908   36431   31685   32516   33137    6853   28867   13507    4895
   24929     425   17537   16900    5316   12999    1641   11222   11783    7622
    9476   35261    4477    7502   33776   18177    6821   31521   26805   10775
   35354   10793   11524   16619   19634   35319    9400   36679    2376   28484
   28171    3936   16180    1604   14773   14511   23649   22876    8668   10771
   26323   11421    4183    2253    9087   11511   22430   28285   28690   10961
   14752   16485   30697   23632    2075     861    9636   20153   10031   30074
   16932    7695   18775   14441   23729   33262    5255   26207   32557   31782
   30652   14865    4012   27728    6776   18409   27530   22559   27365   12765
    1252   29251   31153   19848   26048   15540   11897   12326   35701   31431
    7318   10660   25996   15511   12214   25098   16494   31430   17672   17241
    8619   13691   35587   35353    3310   28681   14363    6171   30038   26849
   29157   18485   16788   24939    1583   34443   26380    8090   34936   36485
   31646   34754   19091   33805   33739    2584    4380   33614   35844   29052
   27640   25268    4712   29802   22884   20602   22656   22097   32620   18823
   20382   35162   25286   29136   21568   20796   25470   15900    3129   24186
   36869   29997   17140   23765   33813    8266   17894   16580   22132   10011
   32065   30204   15583   17397   18349   10626   11095   28507    8781   23396
   16339    8344   26139   28275   15879   22137   17184   35133   19415   30745
   17813   13770   14350    7158   33968    7972   14943   25293   12068   14605
   17394   13348    9675    4890   19698   23365   26257   20273    1416   24830
   31754   20592   13551   27447   15098   15893   10741   32847   26930    4970
   31394   27462   32271   36790   33599   19701    4242    8853    3789   33648
    8658   30639   14907   36501    1983   29066   15515   34338   23940    6430
    6107   17401   22936   23769   26946   30843   27233    3992   25214   23380
   18278   36922   24888   15342   32670    7430   29940   11473   22404   20642
    1236   29880   27806   31687   36755   22082   18277   10753   20384   32968
   21757    2400   32883   18249   34876   17947   24932   15582   31691   22856
   11150   23303   24654   35066    8336   22262   10995    7505    4278    2249
   16331    4045   21059   31133   30425    9034   12112   34210   12834    2892
   29933   28737   23333   30997   17366    6165   24123   12002   35993   16721
    2056   23776   20965   28022   35179   34123    4261   28267   13334   33610
   34206      28   13737    3676   12677   16609   19099    4565   16611   33643
    6009    2877   20690   23780   22174   25011    8967   12745   26227     950
    6606    5438   34887   22241   30862   33955   13733   23555    8246    1393
   30600    9275   32104   24412   21837   17360   10483      33    6013    3825
   12694   26555   27809     377   19750   16668   21107   34815   17217   22166
   10461    6769   23370    5755   10752    5982   21492   18739   20729   29002
   27731   26684    7616   24222   32662    6268   32005   16675    4624    8913
   12431   28677   16188    3147    2858    6842    8127   17477    4318    5120
   16856   11233   20058   12659    9945    8321   27735    6861    7423   13402
   10051   36429   11004   27495    2391    9792   25332   23250   29658   28379
   32685   34380   34137    1908     716   29378    1992   29062   20373   18732
    2431   25685   10737    7004   18374   23043   31125   25974   34896   13461
   14487    9606   27566   14365   26770    3593   22094   36396   26479    7097
   31425   35287     288    2891   15649   26698   11251   22330   17681   33556
    8667   26238   34314   10248   10520   19708   24298   24021   20408   24256
    1504   20939   34349    5551   14142   18454    1596   20905   20966   21142
   13014   34156   35697   25489   19295   33947   28129   32346   32596   22984
   25069   23013   19337   15999   33749   18849    1201   16293   12463   10073
    2890   25521   33407    4984   32178   16778   30689    4071   21377   13486
   24164   32330   13526   16245   22557   34441   19710   33734    4708   19270
    2219   26331   33775   14514   30614    6806    8148   11366    7057   33901
    5040    6961    5122    9682   33501   12740   28892   23926   24649    5675
   13396    5240   27416    1978   30950   13371   20758    4546   30992   12046
     275    1839    2758   32585   18433   14847   22814   34978   15069    6372
   17815   32414   33026   26374   16960   31198   14471   31022   13675   36936
   33146   28144   23104   13006   35378   36160   19144   13533   19400    2167
    2341   34751   29659    5234   29439   31080   34256   29330   23352   21189
    4331     199   35728    2058   15947   32485   36868    8426   15419   28284
   34041    6469   34775   16122   21637   14423   17342    3988   33620   24640
    8955   24635   23718   33617   32257    6544    6538   28443   36652   18939
   14486    9363    2723    1599   27332    1020   16749   21223   15132    6683
    1722   16419   34163    8278   26873   22073   25107   19116   12321   30724
   20872   31387   36249   24846   31313   33534   32335   16854   28735   34038
   13813    7087   30453   19163   11820    6338   24481   27139    3048   16803
   31844   23814   33170   19321   33759     328   30246   12994   29145   27957
   25579   30844   10245   19201   31041   22736   35173    1476   17367   20777
   12910   20638   23437   24881    6118    3402   10714   36094   26007   21137
   27480    2692    4207   33065   20464   34583   12570   14778   31569    3403
   26326    3064    4772   31705   13923   30615    4723   11106   13594   14783
   18925    8030   15161   28313    3860   27597    2575    3331   15423    6318
   29249   34983    6488   18780   26603   21783   36218    3347    6370   12516
   23826    8295   14464   36966   34961   12240   26160   19040    4871     621
   33419   26130   28729   32837    1735   11829   30267   22839    8567   20797
    7054   23638   20559   31900   16386   17990    5593   35308    2258   20276
   35602   17919   35217     168   12814   34778    6843   29406   15099   27499
   23219   27920   21892   23341   24350    8640    7553   17002     483    4549
   32099   28989   17761   30288   17110   23992   20563    6763    2026    9730
   15754   10572   36751    1771   19828   27985   18659   24583   12429   25121
   34979    2992   10498    1525    5350    3464   25552   12145   27333   10896
   28969   17279   24413    9649   18653    3024    3535    7740   29507    7500
   12978   36542    8244   25229   32181   11123   12074   11286   12225    8226
    6256      59   17362   23627   31867   36311   35893   15094   32560   25254
    2972   15831     948   15367   26344   19160   10545   21919    2190   32618
   28262   25848   19713   14908   26025   30363   13463   25091   14439    4938
   23738   33049   21917   34439     229    3448   26799    8189    2034    9843
    7521   30377   22767    2428    8761    2003   15435   15750    6715   22273
   24301    5495   26101   14251    7305   31168   25801   21300   16147   18985
   13652     755   33809    2671    8324    5693   19863   19208    1894   15715
    8887   27601    4754   12666    6681   28227    4104    1098   20304   16729
   21819   20566   27538   18778    9713    3944   22190    1184   12060    5742
    2242   20972   26547   20994    8879   13502   28872   15556    4849   27229
   28518   30075    3039    7411   26533    8004   24443   21893   34788    6934
   28749   28111    9545    1633   16870   16505   28136   19358   30783    2928
   21659   25231   29839    6809   15935   19994    6967   11142   22511   18777
   33526   11309    4312   10233   25054   28397   31110   15585   18651   13105
   35120   17178   32441   33933   30364   35522   34479    3971   11417   29608
   34093   21524    7699   22762   34245     978   30326   21725   19945   14061
   30467   15353    8518   24231   14146   34950   21868   22776   26050   18442
   32139   32782   21065   35149   24936   10516   28883   23015   22320    2380
   13547    3286   14058   16822   29000   27863   12412   27445    9972   21116
   24603    9460   26237    3293   24690   24040    8696   23404   21146   15669
   36075   14035    5028    6567   11665   16709    9403   36779    8247   20320
   36946    1270   17642   17045   32110    3481   18259   19309    8422   23585
   29589   20263   11405    2657   33180   11165   33568    3199    4660    7049
   33227   13173   19059     846    2842   10854   25047   19191    6517    5426
   16750   31140   20257   17555   13897    7755   35131   30980   30999   31921
   19065   31954    7994    5448   19788   32706   28328   18995    1738    8406
   29336   21513   18773   12177   12375   14080   28132   12392   24723   35139
   22990   17774    3544   29936   22089    7964   29421    4446   16688    2604
   36990   10814   21556   26816   28975   22279   16232   12187    6847   11472
   27946   33978     733   20804    7644   12969   25919    1258   16811   16978
   23504   15787   10993   15447    4982     551   14446   13643   11218    1708
   18894   20134   13869    1614    1765   34597   25929   10624   15256   23973
   33460   30955   24095   14303   20051   36469   26560    6433   29064   24831
   10889   30071   21718   26868   28289   23759   12975   11551   36933   18947
   31346    8447   26296   13485   16104   34977   15842   26602   25501   12971
   14010   19407    1975    2198   14735   30680   19226   18612   11722   29356
   13198    2642   27834    3741   32446   27599   36925    3504   15073   13147
   24724   29612   20088   25566   11591   30061   10156   36140    8869   25646
   10926     470    8635   35594   20667   24609    4765    3214   13603   11183
   11024   28661   22235   35202   24404   20783   28816   31360    1344    7991
   36699   19108   26910    3438   14826   21614   29125   27482   15951   21466
   29008    6096     829   30142   16378   24532    7739   35787   11937   10238
   12435   11198    3670    2128   26097   14306    1724   20405   31000   18393
   28967   28881    9771    5332    1934    5265   35262   26461   19952    4292
   18242    8902    3192   16665   34341   27913   26786    4836   30008   32645
   26313   26480   21432   12571    3083   27501   24420   35699   19473   19631
    9772   36179   35475   11248   13013   15331    6519   14341   31150    5677
    3620   32520   34684   12736   28623    9646   29209   22766   13019    5654
   12438   35611    9353   18528   11498    3999    5800   22773    3586   11051
   13212    8187   20687   21821   36563   19255   14066   23127    1349   34119
   10176    6711    2449    4627   18694   17396   32152   30570   24121   27070
    3987     139   19047   16263    9897   33400   34616   28540   26053   33035
    3807   15847   26155   21995   28864   20650   25066   12709   20974   35405
   11959   23324   10599   17285   34521   27045   33234   33192   24794   20911
    7038   30495   16053   21553   26929   16775   36961   27000   13621    9368
    7188    5829    2560   33766   31689   18760    9168    5275   29817   10403
   16506    9008   34445    5586   27650   10097   16737    9535   11194   32801
   14759   31021   13829   25125   25126   31036    5043   36230    2229   15662
   36081   26020    9921    3149   15250    3856   14141   14082   16157   15064
   12506    4658   20005    2876   35060   22758   20080    4505   25017   15048
   17332   17291   23669   21923   31258    9731   13227   14815   30421   35200
   21175    6142    9810   20748   21419   13195   19069   10222   26044   36663
     644    9066   22930   27578   21219   31981    4317   26627   13040    3612
   16583   12030   19718    9502    2100    4788    3137   14834   29377   35009
   31876   19027    7200    3840   25410   36497   31362   35456   10452   35310
   30737   13660   15811    4796   10305   15109   27191    4642   21682    2542
   30924   15666   29458    5818     961    6988    8444      40   25914   23170
   19219   10123   28933   13860   25092    8620   20232     235   18765   34501
   25194   35555   27430   35157   30959   19421   28871   36578   31884   27981
    4051   24454   23657   33268    7645   34958   20036    4095   23441   25755
   25957    3622    8861   31990   18990   32392   11518   19569     476   34196
    9836    2728   22228   11494   22039   14070   11600   14555   17294    4999
   24553    8544   34851   21681   35596   35870   16242     683   24673   15619
   10943   16082   27826    7528   10925   30508   19990    9041   20548   20238
    2558   32297   20245    3890   25392   33624   15000   32151   12265   30073
   35569   14590    4023   18058    6841    6110    6133     955   12569      41
   15937   33505    6994   14517   12251   35470    8527   15606   16648   32311
   36628   15599    9056   17611   23750   24517   14843   26685   36907   34235
    4956   12315    4492   19914   34109   10469    9841   11207    8962   20968
   25712   12044   29386   28324   11913   19382   17356    1748    3153   11001
    4834   11559   36130   30582   17405   24313    9147   20339    3216   28053
    5325    8770   33889   23509   17818   11268   16374   17727   21932   24524
   22326   18831   33177   27702   29581   26731    1093   22372   33613   35936
    4746   29429   34240     847   14268   19026   14877   35468    5973   10949
    6609   12508   30812   28829   20672   12093   26210    6479   33921   24048
   20779    3441   33642    2980   30905   31068    5799   20696   16572   16247
   34305   31077   36281   34829    7745   16013   34382   18832   30341   27655
    4091   15304   22828   29089   15794   36330   11694    7110    3991   10058
   33654    1939   22970    2459    1812   23086    3533   32379   21464   21711
   24432   28317   14135    3295   21162   13790    2272   32238    3185   29875
   32643    4108   23946   28427   14045   11146   27727   32000   32074   27343
   26000   12313    3072    2442   16145    3519    7774    6106   33372   33009
    8936    2404   27685    3059   34458   11584   15398   36316   12338   35286
   13685    3700   23787    1914   12149   21260   11618   30779    5979    5493
   28635   32449   22118   15241    7668   21035   23473   15450   15301   18034
   23864   10645   23317   23420   19090   10685    7509   21661   20546   16772
   19254   33089   19087   18544    2398    1822   12135    1787   10686   25526
   31645    8366   33247   13830    3314   10852   34105   10958   35136   34719
   19735   36658   16011   10442   10423    6928   11368   13536   11971    2245
   26756    7689   11983    3453   36989   32984   17943   22451   20953    6176
    5220    8116   12898   12476   30188   20105     171   21488    1033   15053
    3660   20960   15081   22178    2284    8048    4664   30150   22117   25710
   16728   12546    4881   20435    1547   29701   16848   12869   10323   20079
    5368   11425    1240     503   27176    3168   18473   15315   15008   16091
   17821   29204   26366   21631   13392   10593    8452   27186   32819    9457
    1079   35640   35276   25245   25460   15124   23665   14645     672    5906
   31181   34591   31037   31471   20575   28658    5625    3781   16736   16600
   16225    5571    8809   25823   10997   12230    4412   36974   22977   28767
   30755   26582   16670   18691   10114    6866   17962   13687    6431     276
   15698   23995   14250   16267   16836   14882   23800    5802   23969   31656
   36356    9175   18718   16735    8804   11890   29170   16559    5526   24424
    7077   36020   11944   12816   16677   15192   31550    6855   25411   12203
   35015   20063    9293   16477   26484   14551   25771   18118   19398   29898
    3962   32463   17011   35228   19412   16607   23448   29889   12955   24833
    1717   26539   12841   19057   20888   21095    1314    2819   14473   28946
    2433   33509   25578   11978   14573    3772    9967   13117   19235   35324
   23595   28931   11079    8488   36470   20447   12537   33397   12764   16391
    6419   32408   18719   32886     522     388   23025   16300   24722    6865
   11667   32602   14880   17948   23093   22236   13850    6618   36903   30410
    5977    2557   17908   34385   26045   31184   11933   24067   19150   17269
   36504    6590   15406   35836   23838   33884   28960   11863   18945   14342
   14087    7584   11141   15729   18613   25965   27615   32187   35919   23587
    9283   18470   23117    5878    7869    8388   29714   17102   31403    6946
   20776    9345   27543    4126    2522    2583    8593   31746    4670   14633
    5553    4310   17596   28273   35980   14738    9924   32159    8683   26807
    4736   21643   18342   27715   14126   23559   17090   30769   25200   17259
   23581   13849   13335   24375   17426   16627   28617    7672    1564   30975
   31991   34085   24542   25094   15986    6286   30875   19584   23608    9129
   32779   30420    9496   15963   20853   14601    2977   36685    2745   32076
   34540   15176   22747    8144   17073   33918   28893    8378   36201    8218
   12303   10131   21550   23740     492   20784    1554   33496    7763   24683
   19837   16674   27234   12007   22309   10595   26419   33255    6143   16952
   31960    1337   24781   25104    4885    1683   29167   22610    7520    5726
   21060   21599   24604   35713   12907   22647   31025   23532   17580   34162
    5692    6211   36288   19695   12974   22147   17994   29436    9982   22413
    4176   24487   24338   25232    1537   13096   34638   17578    8418   11382
   27510    2043   15527   16748     390    2589   34096   22515     241    6506
   22698   13009   27215   21456   36493   28673   36640   30282   17125   25528
    4637   12391    9238    4615   10659   20417   19864   25494   15180   17600
   23213   30967   28846   18523   34782   15524    5780   21132   32841    3614
   33996   36083   19833   11896   33308   15013   22399   26315   14468   29641
    4325   20786   32744    3871   16771   11691    6827   34952   36420   34463
   12023   34972   24704   15676   26299   32224   25697    6778   21943   25421
   14629    7214   17559   27521    1208    2824   35246   10032    3164    9224
   24817   22908   12052   28706    8285    5243   33886   24716   33399   24202
   24900   32572    4569   15235   19807    6531   18772   26601    8287    5412
    8134   21563   17726   17799     966    6854    3869    5548    8550   27906
    4402   36351   18588   30381   26856   33470   14489   15473   33445   34497
   19998    5125   24880   21405    4711   32033   27699   20316   33618     810
   11990   33018   13978    5474   16049   30059   26273   18802   18002    5867
     851   19591    8434    8973   16867   29619   28453   13379   10918   32652
   16808   10211   28057   26974   18686    4470   35963   25061     267   24241
   15818    9447   33847   12359   24488    9001   24848   32252   25631    9980
   30889   32865   33578    4824    9650   21604   19897   36894   13205    4656
    3001    1689   32698   30790    5813   17478   34587   34644   10696    1739
   31667   35301   32017    6389   28887   14578   32359    6622   21423   17028
   24421   36304   20705   18921   28257   29614   15760   16516   20413   23193
   27693   28004   32251   20523   36324   13193   34418   16402   30052   22555
   28326   26721   29907    3094    7801   14924   36975   21436   25880   22086
   32421    6895    2280   26752   29567   16623   21148   28378   20485    9289
   11723    3802   21890   15495   29822   17798   27628   13086    4804   18133
   36495   17260   15001    5381     174   10267   33756   23482   34283     457
    5492   33185   25907   14274   34915    5107   15657    9172   11580   13619
   16019    5512   29005    7313   28925    3461   10034   36194   15084    8876
   24912   16762    4144   26624   22504   23980   32616     401   24163    2778
   19357   28938   34056   26672    1911   11698   21310   23906   33141   26723
    7696    3659   18982   23121   31074   26651   28599   12972   27853    6000
   20434    2523   27368    7995   35929   24721   27868   12789   27562   28178
   22931   22092    4430   25972    4590   27001   24295    3450   29161    1880
   18122   35333   15083    2767   14144   12193   14776    6744    3658   17657
   26266   29116   18368   11840    6671   29583   27546   19355   26794   13764
   11365   31783    3377    2447   22712    3344   31605   13146   14294    9174
   14131   26409   10776   14537   34547   32848    4059    7086   10778   22609
    5241   31385   23251    3077   16546   19525   35359   19910   20844   28218
   36139    6593   19801    2440   36039   22446   29065   35624   18361   16080
   32843   35716    4705   16375    6631   31015   19723     163   16387    5078
   14368    6987   10655    2133   29885   18935   35570   25324   27081   35877
   28207   23337   19923   28312   27454   27282   18244   33740    6438   35446
   13279   23137   10214    1785   22809   25909    6069    9835   15604   35832
   13630   21413   36499   34034   31514    5237    9433   17127   25434   21235
   28562    6448   31851   34128   30464   18836   19516   27252   36607   18547
   10025    2549   13220   12542     574    3674   24064   24780   24523   18770
   10917   31549   17786   21512    6510    4294     491   19082    5181   18448
   15258   18957   36611   14525   19194   30952   15652   17916    3036   24706
   18347    1706   29877   16662    1143    2267   15516   30784   16752   10815
    3172    4461   32250   29028   19072   31439   11350   12690   32497    7653
   26129   13110   23312   10494    1312   28638   10883    6112   13206   25860
   25022   18676    9045     138   13951    1248   13464    9957    3569   31688
    8484    7242   10510    6183   14132   26031   28563    9930   32443   30672
   13151    4803   22402   17897   28896   32137   34076   25922   18018   31734
     458   16451    4253   11453    6899    1528     586   35382   13252    3811
    4377   27113    9196   25893   30427   22949    2071   36133   31335   34882
    4175   20117    4353   25529     607   36726    9162    6489    8416   33358
   24809   22047   36047    5749   27823   34564   34949   34759   25076   22111
    8850   36601    9905    8029    2435    4634   16967     573    1354    9311
   14840   25256    1863   13508    1062   24775   22327   34673    8479   12549
   20831   20046   11744    3858    3805    3020   27961    5873    7126    3031
    7124   24596   31358   28622   14036    7573   15815   15956    5341    5935
   32075   18427   27786   36343   12076   16473    5671    9745    1341     700
    6249   20072   10412   21528   11073      27    2930   15346   20264   28786
   16764   18595    7359   16779   15723    5708   36446   33091   28595   17747
   11880   20902    9089   28021   20027   17219   17185   24294    9484   32604
     481   10641   12213   33386   34288   28412   15049   23397   20582   10447
    9024    9770     701   34971    5887    7688   24558   30995   25322   21775
    8041   22305   26809   27553   32384   21994   27173   24503    3893   13159
   21145    2731    7488   35291    8942    1659    9479   34189   22635   16455
   13417   11647   10395   23072   10947   32277    3112   13862   15987   10693
   33904   11427    8751   13127   14040   12373    4484   19781    4265    5542
    3943   35061   17584   31132   24513    6379   22391    9874    6478    8251
   32798   20489   24044   27431   13505   12725    8264   27310   32008   34838
   21583     263   27174   26052   17929   14657   22257   35656    5699    5479
    1653    1902   27136    8269   18893   27036   30649    1095   25664     800
   13061    9817   23662   30368    6825   20862   30692    7583    9005    9117
   36329   18066   30696   11965   19170    5717   13911   18149   21855   24529
   12166    4495   30235   13546   19555    9539    8835   27441   17961   31578
   22540   21007   21052    7447     257   12467   27637   21352   32998    5015
   25705    8263   21741   26360   29276   19838   22648   16800   25428   29502
   32697   29823    4841   21989     159   11160   16025   19757   33102   21066
    1317    1445   19007     260   25274    1695   10998    7325    9916    4878
   13312   13544   27068    1645   16248   21618    3224    3299   25757    9179
    4943    5449   11918   20901   32946     957   31547    7119    3503    9762
    7070    6363   15742    1139   30712    6056   35039   33292   32265   35910
   30118   23492    7381    1441   19062   14959    8917   31652   18885   32745
   12822   21326    3827    9678   32868   30165   24601    2701   35945   17756
   26196    7129   22867    9341    5722   32101   13986   29334   36713    8156
    1335    3677    7855   10023   32457    4694    7654   13667   29274   21470
    8252   32374   21792     122   17025   14922   30212   16010    2149   26176
    3422    7314   33002   16385    7481   26523   15643    4309    5042   23089
   16212    5858    6772   27811   25365   30342   35682    1610    5423    4776
    8180   25639   31902   11815   26259   15610   35458    7068    4391   15388
   22134   12771   28991   13007   19469   20700    2199   27314   30499     396
   16727   33425   14470   11041    2866   18367   34632   35094   23310   18728
   20392   33587    9448   35595   25273   27189   11168     685   34357   31106
    4063   33503   26679   29811   17032   26482   20309    7835   13543   24348
    1435    5579   27560   29512   28102    5687   15920   16664   12192    3537
   17448    8901   18326    2315   18310    8487   15896   20569   36247   24091
    7698   13190   29487   28481    3019    9623   25878   21450   34221   35509
   18711   18228   34098   30153   18180   26793   27352   33870   15244   27844
   33514   14879    3964   14715   29231   18321     549    3766   25539   36449
   13462   16851    2752    4994    8923   15592   24957    7403    8701   18355
   36872   36712    9171   22151    3733    6475   35487   12413   11302   21633
   10383   29719    8647   32246    8014   28755     931     695   29791   24720
    3989   20364   12884     508   25956   34585   13175   14071   23130     186
    8490   10253    7061    5383     556   31793   16362    5630   13428   29022
    3093    1660   13578   26087   11184   28784    3657   18070     804   30365
   23870   35669   35752   16140   17105    6383   16237   12710    5179   19817
   33639   25263     371    4120   11759   17873    4366   14426    9313    1838
   34487   14284    8975   32667    9048   13611    7254   32015   29892   11446
   16953   19764    7849   15601    7625   13272    8328   12612   19898    2721
   18094    9907   21261   21069   24244   31531    3193   11731   34295   24434
   30716   13776    8502   36492   29153   22573   30763   17387    4048   27770
   11670   36074   31881   28069    6200   36797    6052   34714    9923   20175
   28005    3576    9406   22023   29890     355    8577   16440   15884   34925
    3517   19440    9918     939   31269    9214   24761   16216   21402   11616
   28945   23698   20760    4684   16472   18988   21205   28297   35418   20186
   25892   10488    5151    3466   15214   15123   21551   16947   29222     303
    4027   21850   29271   21282   16693   18235   32927   12085   29647   10220
    3645   34805   19470    2313   25670   26278   16163   29104   25122   21392
   30320   19011   30765   10409   10764   25905    2592   35664   32355      11
   12543   35314    5680   14737   26035   16968   18946   21046   10021    5186
   10000    2702   27725   35916    3428    9326   11148   13479     995    5889
   11922    8301   17062   18971   17107   16813    7759    2458   16691   26057
   24655   26969   16544   21515   30416   33961   28166   25884   17771    7960
    2902   31936   11819   35003    4928   19720    4862   23782    9279    5636
   26281   30761    7840   15605   33929    4778    6234   13664   21255   10505
   15564   22664    1444   11540   32217   31163   27523   30484    2546   19145
   32871   25284   21747   31857   36623   19972   15788   18664   11021   35653
    1898    7538   17831   13890   24535   35908    7241   35272   19383    8933
   15462   21369   29992   27292   28418   17392    8142   13073   30192   28118
   24599    5778   28394   35122   17565    7312   18099   27259   36172    4157
   12293   10757    4222   14704   18085   10847    8386     726   31253   23565
   28272   25028   13763   29725   18730   32200    7508    6802   23578   18251
   31679    9188   11597   11884    9962    7144   29275   29346    4193   10240
    2118   34456    1104   25474   27915   35521    7162   33408   10288   30536
   11993   28694     666   29546     671   20996   23773   36428   17843    1556
   19477   29360    8325   32068    4465     727   14694   27679   17083    5365
   33867    6080   14812   31224    3015   34237   31325    4076   31842    9060
   33818    3756   21225   32496   35047   22654   14653   22495   33435   32404
   23098   27606    9239   33916   13908   10281    1704    1399   17070   14115
   33594   33849    9950    7784   24079   24892   32049    7418    3009    2695
   16020   32229   35253   30120   22922   35483   21395   22242   10587   26458
   23141    9357    5389   31031   12228   15838   17210   19066   12436   17227
   13133    7467   31007   10669   10437   28586    3445   35584    4880   27083
   30892    9449    6322   14095    5535   24969    5353   34054   31982     996
    4952   14702   17630   24978   31059   14225   13235    8607    1843    5428
   34419   23135    6039   29632   20732   31539   26310    2074   17764   28753
   30327   31336   12043    9323   12365   26286    5198   33310    9272   26695
   35290   16534   15835   17202   15985   31138   10835    5927    7405   25618
    2756   27128   16334   16160   17713   30105   17590   28882   27996   24397
   26924     474   32824   19616   12702   22910   29211   12276   24418    9410
   21698   34974   11042    8111   14438   27085   28615   25177   11961    8877
   11436    9242   12562    1515    5267   11883    1558   32771   32083    9638
   30906   13661    2041   27758   20261   29767    5842   28085   36934    5679
   26569   28382   33768   18963    1865   26652   20110   16360   25981   31699
   30714    4555    7414   25492   16515   12815   31338   28526    9084   33630
   16410   31052   23495   23723   13550   30635   14175   13337   34679   11588
     342   36812    7192   31984   14173    4990    1207   28125   35643   26098
   13741    9246   25164   15936   30000    5203    8858   34323    7260    3268
   25453    3737   30526   18296   11347   35056   19417    9689   31941   19171
   14888   17482   13503    4138   17697   26114   28856    7574   32812   11529
   33381    4780   35420    2291    8211   11674   18243   20097   31406   18443
   13893   34890   36384   26884   25279    9548    7159   29020    4230   22012
   27682    3368    3197   10882   10335   13841     529    3300    9600    5962
   21684   25719    3084   23809    5284   11929   28510   29517   35571   22536
   27721   22585   26510   28441   36984   21420    9687   17116   14856   16965
   27308    3978   27657   12083   24906   20551   35727   31608   21749     266
    4657   19259     321   27137     891   18416    3433   20064   21766   18125
    5160   21050   11127    2562   27607   19432    4171     618   21956   12839
    6883   33953   36811    5637    6525   10387   31203   32567   21276   20496
   16124    3758    9073    4170   24891   26082   10045   32811   36556   26842
   26834    1929    5415
