   22834   36032    1630   29438    8798   15804    8536   31123   21412   17487
   30066   17352    9428   13017   17081   26536   31180     578    9501   28287
   31601   32003   32708    3584   10369    6814   35911    6856   10878   19214
   34574   13498    5030    8808   31417    7297   36603    7388   18897   12161
   25992   34440    3082   23323   19403   28696   36080   28155   14372   14599
   15075   14020   35913   28802   22679     467    8864   14628   23945    1801
   22979   36724   36258    8140    8517    1358    9127    2976   15421   17170
    3176    9700    9759   13724   32284   33186   28159   29051   23486    8669
    2594   10914    9331   14586    3382   34130   31422   12671    8217    2439
   10721   23771   33477     295   10063   11029    9915   35978   18619   31966
   16103    5968   22098   35905   23237    9356    5252    4598   22373   21702
    5295   18001   27129   14679   30912   35979   35970   26759    6384   23042
   28585   20432   19663   34649   24435    8440   26437   22150   11205   22782
    2602   19431   19227   18704   20200   24996   16408   21259    6117   15303
   24062     765   35845   35566   29787   11939    2740    7340   30662     249
    5888   27157   12130   24015    9511   31384    5083   25896   24266   20877
    7861   34392   20923   10760   14283   27534   15696    2794    8704   36378
   13765   18618    6746   30297     696     577    7199   17248    8661   28113
   36267   17827   14906   29518   31684    9619   19940    1446   35899   23472
   23538   26471   30397   31804    7965   14548   27502    7431   19705     427
    3830   13896   29955   20838    8895    9070    7433   21218   34572   12669
   16000   18930    7819   15222    9485   35143   14528   15277    5738    3867
   22156    7783   20014    7353    3548   19042   35411     691    2697   12616
   34104   24918   28281   13413   33919   19962   20390   27268   24168   16723
    7735   24539   31411   15449     408    8011   14736     798   34526   33454
   32527     805   34381    4900   15347    6836   16573   34801    5286   35648
   23894    5500   27665   26908    7266    5976   20767   18098   21952   20764
   18715   14074   20306   11212    6924   29505    2416   19624    3102    6409
   29600   34371   34496   27358   35170   33588   35396   36957    7334    6882
   14427   35372   34522   24572   36442   13757   29934   14081    8613    6577
   29225   35572   11587   18748   16639   25493   12477   22868   15647    8475
   20620    9027   32135   35258    3532   28093   33777   36239    5109   17133
    7851   36953   10671    1088   28590    6646   27195   11555   29263   18504
     875    3797   30506     593   16044   14643   27997   22631    5244    8132
   16886   20616   33050    8529    9582   33364   23863   21786   27089   32328
   17936   27270    5544    7316   26830   34170   28650    6205   26504   33422
   17056    4455   24287   34114   18196   16243   14140   33547    4166    7089
   24010   23708   33675    6016   31579    8657    8778    1277   35885   19146
   19587    4704    4190    4214    3955   31404   17410   10464   19425    8939
   32931   15555   18500   33092    5653   28533    9739   24363     116   10225
   14475    8207   18482   22655    2524    6659    4047   36604   13874   28778
   15040   17563   25851    1463   11950   30501   18848   33679   31758   28951
    4008    1670   14148   24489   22438   12782   33011   28839   23978   30247
   19318   36408   32711   35490   14398   17567   15503   23922   32342   21323
   35538   14089    6275    8963   36528    2466   23543    7800   34575   15009
    9579    1089   30233   15938   17325   35559   21880   33230   25210    8921
    5581   19437   33260    7667   30435   18615    3762   26905    8531   19180
   24536    6733    8032   30076   20775    3383   22214   17588   23407   29428
     128   34691   18607   20756    3829   24836   12278    9794    5932   17558
   33198   33296    9134   30102   10744   21417   23012   10820   35503   12988
   12984   12159   33249   33866   12442   29288    7711   23592    9361    3957
   25822   26857    5903   23518   19236   36104    1726    5313   24920   15542
   31801   19305   35393   28188    9902    3845   10930   32802   20753   32123
   25320    8152   12095   23829   10458   11832    3269   25035   20343   22738
    1736   34908    7021    5155   22488   31603    2222   34467   24216   28630
   10171    5124   23682   22881   30062    5058   31786   33745    6690   12583
   19442   14177   15183   26468   24028    2271   20377   17100   24772    4110
   19648   31660     102   24960    7875   19814   34646    7358   26412   19517
   28096   16638   16876   26516   22459   13057   31013   20892    7191    4692
   30407   24225   31707    6217   16075   29522    7806   12728   36720   20400
   20009    4665   31332   14955   28608   11159   21755   27591   36318    3297
    8909   10746   22054    6067    6818   32866   33087     792   10709   19557
   10964   17204   32128   20992   10687    5775   23381   26674   23798   34776
   11851   20145   19364   19377    7936     233     262   29312   19911   32294
    1115   13982   14255   18062    2879   11557   21560   23336   23063    8082
    7904    2686   24618    1012   35019   24893   19851    3913   30650    1436
   29397    7463   36509    9597   28163   13139   21496   25366    9193   29574
   21979   29354   25514   18183   27708    5088   28548   32839   23710    2507
   24275   26209    4215    1275   24923   11719   33539   12947   12848   14707
   16003   16446   26682   21531   23106   28137   16439   19887   24445   35431
   31079   19561   28792   16470   18908    2492   18979    1366   27749   33576
   27568   13940   25790   27629    3138    9328   10956   13528    9394   19518
   20324   31091   28027    6888   11566   30946   13451   22216   34151    7196
   18977    1769    2175   18206    5280   36006   35055   11467   27273   12051
   12920    3376   12348   35763    7279   27785   23802   21910   18144    8509
   10095   16774   22035     437   22945   27266    4010   29404   11084    1158
   25305    9287    7065    8159    4079    5591   16105   30127   12620   29598
   14380   25622   15673   25855   18789    1309   19127   28059    1048    6476
   20900     864    5952     997   25150    4903    5219   11630   22368    6122
   36241    5771   14265   20462   36166    8834    4414   20351    1790    9161
    3182    2446    4554   10698    4386   13588    3210   28704   15925   20637
   15927    6925   36327    2814   26815    2733   18606   25681    2243   15335
    1572    7685    5783    6393    4538   29960   13802   19613   29110   27217
   18973   28286    2308   14433   20205   27319   11814     600   22975   26806
   23704   31637   28377   19278   33208    2919    3186     650   14405   28632
   26649   30242   17424    6184    5440   34426    1238   35289    5084   16816
   10566   30791   36496   17849   22790   35450   33967   12183   33797   33239
   30799   21596   33543   30218   31618    9615   32772    2982   11942   35226
   13044     329   29109   26781   23624    4807    6101   22189   11839   12615
    6572   25991   13889   12116   26159    9901   34665   28884   31448   19925
   21817   14445   34414    1489   19371    1448    3644   15227   35340    7277
   27192   31643   16471   31676   19889    6713   14536   17094   27058    3469
   22516   23173   16469   20077    5073   29197    8085    3495    8175   28023
   13161    1345   13579   16416   16893   35722   16230    9465   18641   11204
   19169   18821   11895   27668   22590    8665   20596   12576   28198   17022
   17270   10581    6042   27037   25424   14725   21289    3545   30036   21924
   14893    9938   36765   28542   26487   10682   29351   26277   28243    4299
   16065   36993   10353   31873    2736   35104   30202   12317    4710    8431
   12070   22726    1068    7741   18696   35560   13812   17030    3603   35805
   26932    3566   10844   29149   18700   17591   17802   24137    1485   15253
   10912   34233   28487   36395   21727   32980   36964   30710   16817    8351
   35397   13976    4640   30434   26483   18044   25580   36827   32905   30237
   35329    2465    2472   21278   12900    7641    2225   29615   29865   20603
   36082    1654   26562    4147   18254     351   24255   28594   36719    6579
   21325   36598   14547    9421   12115    5773   24474   21294   10363   15705
   24470   11573   31785   11952   20669   35833   12743   31473    3058   23728
   27711   20142   28686    8716   30591   15964   29596   36921   29230    4813
     714    9576   35613   17556   10085    6108   13304   11002   21838    4528
   35644   16291   15114   16758    9436   26864   18491    7664    9248   15404
   11234   14180   19511   10539   13914   16676    5516   10761   22340    1185
   11448   29895   19028    1526   32993   29496   11034   24353   11800   26347
     735   10421   24031    6093    2955   22224    6656   16798   24356   34022
    7633   23357   35090   25033    9949   10646    4854   15678   30767   27039
   17841   31432   23449   26170    8678   20106   36437   23145   12970    6770
   28619    4724   17512    1328   35373   31401   28035   17309   25629   23280
   35176    2375    8163    7719   33997   33130   28409   30759   11267   16850
   13055   23005      34   12495   28232   10284   29716    6844   30200   28830
   20585   15966    1321   21737   12039   12697    2595   10217    3066   14344
   18610   36175   32983   29358   13297   21187   12105   24799   15170   15116
   10491    5881   15591    6186    9366   25037   18714   10374   19298   22182
   22360   13112   22143   15186   12589    1954   21996   29638   26982   27892
   27150    1877   15210   34900   31011   24362    8317    5366    6451   19562
     884   28339   27930   25309   10257    9775   13350    4413    6850   12531
    7165   27561   29639   35788   24840   18396   31280    3970   22109   10280
   15967   31441   20595   25857   10884    1110   15960   35771   17720   14568
   11085   22049   21247   20380   31438    8368   27734   14644   35220   13153
   11293    2681   22531   11369   30854   22388   36364   25593    8980   15747
    9748    6558   28011   28513   28918   14878   16871   17914    4320   14757
   32806   16855   33307   32686   30296   22311   25971   18942   25565    1931
    1226   12621   13704   32116   23849   23148   18335   12024     105   36899
    2205    6537   11523   34753    7456   21277   32244    6518    6554    6327
   20288   21272   22494   28349   29555   11500    4607   31841   30534   31593
   29776    2617   14328   16524   15912    6452   34525   10558   35680    8138
   26956   21299   22699   34934   24304   15047    6706   18114   10734   29556
    4449   27121   30305   11577    3679   16264   13665   35747   36513   26882
    9692   13555    9528    6749   29037   17197   21455   26718   15567   21237
   25451   10372   22030    2725   35617   27478     557    6271   23190   27899
   13309   33019    3302    3408   35331    2086   28341    9595   33086    8093
   19839    5936    4574   25138    9282   25923   15721    8417   11025   25522
   18505   25854    6639   20124   17289   14377   25737   16205    3416   29154
   18105    4529   14236   28983    6343   17909   24230   16678   33331   20236
   18726   23966   29431   17033    7854   24977   27828    4184   26154    9395
   36506   36402    1758   15958   31951    3649   33788   36253   12153   34279
   15797   26030   29705   16341   14740   17629    2996    7863    4142   30705
   14351   24468   32047   36167   26442   16669    9316   18644    6625   36670
   13080   24896   36828   24201   26783   23363    7823   18305   23914   25571
   19692   11050     589    9542   25323   36061    5949   34070   35335   34153
    3558    1716   31314   32375   33492   36510   16167    7989   19622    3976
     178   10628   24118   18091    7742   14228   32594    2622   12685   25808
   27860   27903   28574    6972   35007   17659   30966   13459   34136   28766
   11295   14199   13284   33228   18167   26005    8753   34495   14647    8300
   15189    2021   21384   13566   30751   29979   35489   24110    2102   35775
   10719   14242   28133    5046    8693   17311    9067    4300   22473   18354
   22091   35686    8129   13762   26104   24265    1615   28294   10331   28790
   20555   14977   16523    3859    6547    1318      98   32731    3518   14710
    5158   35626    2823   19746    4259   14100   33497   22792   23874   27124
   34519   15454   26754   32822     380   19947   22980    3435   11023   20949
   25772   12178   10189   34964   31557    3278   16176   32041    1719   18168
   14927    2464   36757   33999   28295   32209   29750   33278   28044   16466
   31189   12290     736    7016   16406   16169   32138     718   31484   10343
   32921    5983   33129   32114   30538    7117   35578   30559   21231   18025
   26285   10590   10711   19449    6169    1927   16380   23376   15291   21477
   12902   25429    8754   25671   32014   20577    8414   13321   15374   25864
   16349   32564   28894   28500    9593   19538   26276   11434    5424   17313
   34710   18084   30423   19590    5317   26662   28980    5696    5644   26625
   31443   16008   30505   18895   22914   11108    5928   29240   35616   16203
   31376    1391   29442   25706   11841   18115   26122    1313   36929   13345
    7294    4156   19092   19734    6178   18056    2942   15195    3559    4536
   14671    6771   13319    6684    7626   19055   34680    9151    5760     907
   15166   12054   12877   31071   31894   10439   35224   30210    6439     203
   26819   12325   31683   21811    8019   13369   23339   34745    6390    3013
    6885   17224   27883   24438   34208   24600   34584   20985   31733   11792
    3788    5166    8270    3774   36185   28693   12599    1055   12846    9719
   17234   34904   35024   24638   18380   23245    7149   12593    9312   10013
   14198   13254   14292   18041   19825   18621   16429   21390   21935   10905
     243   35278   30349   17275   18147    5114   25159   36188    7095   30166
    6504   35809   12720   33687   34099    5169    8448    2250    2394   20738
   23478   33516   12577   14062   24913    4328   19043   28787     741   14543
   31156    7822   19316   32117   14049    2489   22153   26232   33269   14442
   10004   24053    9592    6063   31288    4326   10880    2732    4962   34634
   33215   31781   18069   28522    1791    3418    6811     218    7832    3950
    2898   29950   23725   28929   29849    9942   33273    9374   16605   11135
   20383   18840    8000   16185    5690   34860   14400   16861   30869   14554
   11261   33488   36079   32710   18986   10890   27945   33194   22033   29628
   23548    2319   17539   31343    9784   14300    5335   31279   26300   13948
   35386   12218    7560   36802   21901   34351   33811    5796    2336   20191
     541    5659   10937   14217   21121   30103   19274    8110   23839    7197
   34500   12515    5964   36878    5634     265    1517   35856   35902    5414
    8907    9587   30439   24386   19039    8280    9602   33923   28709   11631
    3940   24857   30719   12234   18846   23727   31588   19195   36680   16036
    9039    7998   26617   31963   22061   25617   31158    8740    7421   20567
   33828    1073    8639    6979    5398   20731    7993   27814   13258   34758
    6337   32430    4701      14   20964   22860   12648   28664   33602   13703
   27522   26644   13895   26393    1761   19694   35092    7880   16656    2409
   34947   20213    1973   30357   24962   16055    7639     662    1320    9663
    5408   36622   15089   10359   22245   36018   18031   19640    4257   11131
   17211   26550   21131   35609    6964    6545   11386   29771   36333   30822
    8758    1409   34561   25106   19414    6616   20045   20166    1301     719
   15821   30684   33958    9176    3903   33974    4718   11014    9611   34331
   17876   23658   19685   19920   15659   20375   23886   13638    8951   20772
     452   27706   24909   17557    5096   33096   35691   24937   13264    2025
    5965   34431   34658   23716   36135   10282    3263   31617   33303   35707
   27019   32631   23651   15864   17597   27375   36858   12242   31507   25767
   20423   13471    5145    9267   23596   16151   22196   13102   33171   16864
   14697   15765   18919   35142   13346    3755   34299   22912    5672    2550
   25415   17755    3115    4040   15843    8166   36630   32240   13429    2354
   24531   22602   22217   14748   32289   15523   23647   29869   36577   21194
    3175   31816   29113   31428   22896   25818   19268   35327   18309   31008
   25745   35277   31899   26062   10500   21388   15208   20893   24870    6675
   18828   29642   20223   26452   31970   22921    9167   28546    6334   19660
    9927   30774   23272   24546   17768   26321   35466   13873    4491    1288
    9868   10350   11068   36366   32774   28365   19049   30048   15769    1470
   22996   28079   17345   32689   19243    2007   28860    1732   22691    6522
   19560   20774   31179   30227   29710    2641   33155   28314   27131   34434
    6111   19745   16077   19929   33681   36445   22100   23567     166   23641
   31236   36853   10636   30504   12893   26091   13710   16051   25040    9304
   10841   23161   36034   12623   29040   26258   25541    7937   31242   32156
   16084   26148   28389   16550   32532   25038   20258   19811   20720   16456
   11173   33256   20229   28117    7039    4280    2488   16258   34243    1480
   24101   18792   13929   12572    5098   14149   33664   11431   12445   11809
     858   19402   15076   32445   34799   14277   31155    4858   14602     465
   31002   10902   14920   14263   24850   25100   12486   16790   30720    9206
     456    6264   18506   26940    3237   21676   13388    6309   18928   34884
   24448     152    7539   25294   19644   22517   11570   16789   12640   10945
   27552   36209   12760   35357   36416   30748    6003   14623   19190   30803
   22008   23603   36998   14299   24684   10161   15444   27367   11725     460
   28147   30483   13290    8922    8382   31149   11060    4945   22985   21212
   26844   35601   10361    6325   17794   27965    3731   34412   11003   26100
   10164   31513   11320   31340   13901   18501    8570   35955    2008    1257
   15851    8322   33440   13010   28752   32293    9158   25215   20938    4225
   18390   32275   11297   13114   28120   15205   10471    6365   34138   15050
    2761   23429   33942   13680   28366   24820    5514    5924   29323    6564
   30004    6465   32630   24904    2818   27223   20445   29476   12964   15446
    5336   36244    9217   33803   13676    4510   10396   23960   22355   20251
   33959   35080   36671    4269   21508   29503    1437   29837   25447    9644
    9415   25457   13480   25698   26047   11721   13064   25244   30598   16708
   33374   32855   30891    4298   29261   15500   27847   23868   30133   33294
    5180    6076   21590    2746   23847   10040   16240   17027   25327   28030
   16831   17215   35890    8039   31478    3506   14881   20002   11096   30011
    1600    4568   24812   31312   26116     688    2330   34158   33573   32626
    1965   27926   33970    9483   20163   15537   22239   26061    7190     160
    4352   31861    6030   32057   21410   12581   35211   19742    1828   21168
   35288   13065    4181   13969   12465   30414   20660   34567     162   14130
   35298   10730    8903   21857   11532   19873   36156   11581   20662    8700
     224   28990   10550   22144    4792   33607   30336    4535    2561   30304
    7445   17131   20314   32476   33574   16845     990    5068   28483   27009
   30590   34219   23099   19907   10766   25114   15822   34421   28805   30951
   17744   23947   31259   22883    8411   33494   29049    5597   19474   30493
    7866    1290   29673   19010   12394   21003   14356     882   34450   34957
   14241   32214   19667   20986   13672    2097   29445    3130   36560   12826
   11735   35093   16531   35612    1897   22427    7707   27572   25218    1834
    2445   11729    8334   14053   15989    6040    3231   28544   31845   27446
   11948   17518   23883   36558    6828   13457   34568   26150   23049   35657
     225   10794   12675    9754   12613    7808    8734   35635   30217   12654
   11459   22785   29746   20689   10050   31500   20612    9707   34659   29838
   25942   12120   19369   25165   20202    5457   11012    5411   34645     501
   29666   14859   21245    3852    4383   24734   11924   20469   31522   16381
     200   23403    9512   30835    6717    8413    7715   23215    9344   33293
   25439   11530   18053   36644   29284   31745   19749    6269   26645   24465
    4077   19635   18620   18359    9486   34092   26019   21078    1892   30035
    2246   20287   31437   17878   17462   14998   15687    9852    4434   17258
   31869   18981    7778   10556   20230    3814   31111   19457   25311   17983
   23305   24828    8259   30568   27973   24653   13399   25416   29497   25471
   22955   19607   10631    5422    8496    1621   14415   26552   35652   19815
   36753    9722   28094   23356   32495   14884    2705   14122   20898   19906
   27390   25616    8194    3248     545   31619    2793    9701   24381    8814
   25406   33570    3515   15425   14270   35198   36849    1361   24076   36017
   33132   25600   32389   29078   31024   24047   26039   29777   23689   27865
   23611   34102   24495    7323   31482   34985   30954    9913     185   25409
   11823   35891   24672     433    1788    6070   20327    2775   34755   15990
    1872   23030    1204    4018     297    9068    4963   20912    1205   34274
    2491   18829   35703     248   22059   34230   10160   11040   35401   32401
    9204    4942   20098     930   35439    4098   12982     582    1082   19731
    2339     702   29189   18559   22103   36279   29655   26434   30552   26280
   18903   29827   35422   22579   20483    8399   24793    7028   25041   24688
   24009   26250   19773   15639    9318   14749   12403   21695   15545    4329
   27397   23881   24215   24527   10866    5737   20210    6068   15272   12064
   30115   18185   17997    4584    7828    8241   33100    1629   10044   21928
   22431    9112   32791    6611    8473   25455   22165   34290   12297   13562
   18109     892   32877    4898   36122   29622   34126   36448   31854   25915
    9571   16604   34532   32550   24597    6908   26333   17303   22122   18974
   21843   19690   27427    9760   34225   34251   29314   24274    2352   36212
   17429    8316   29928    8049   11956   35668   30713   36531   16673   26338
   20649   36738   20593   10355   14668    9299    7450   27515   34232   14085
     684   21210    7404   16376   33459   22444   28824    4031   21096     725
   29259   29435   36059   24398    2910   33108   17866   36651   15006   28890
   36453   25417   29212   27194   11481   17300   18901   24046   18742   30034
   23972   21244   19061    8462    9212   31815     485    2188   22741    9271
   33328    5299   18679   16535   17183   33126     879    9482   32263   33758
   29958   22705   24212   36186   33992   17703   24039   20836    8836     927
    9612    5576   12122    1705   10404   23493    5174   21967   13050   26260
   28292   10138    6534    3128   26399   23873   10010   33115    5385    5569
   36850   35785   35342    3917    1381   16002     743    8638   33023   30110
   16433    7161   14469    7455   19630   22323   33823   24792   11110   30629
   10001   35748   27713   25476   13143   27855   31532   15701   17532   14275
   35105   17829   27776   34552   11415   25204   20685   21008   29411   23654
   23179    4876   23247   10390    2121   18192   24986   27381   29778   34415
   16043    5129   26371   21447    1103   32647   14307   36619   14520   16928
   27613   21537    9407    1443    6417   17968   18623   36940   15895    4659
   15206   34773   24824   10969   32314   23491   24297   12550   22200    2647
   24545   26760   27490   24581   25467   10420   18499   10430    2541   12911
   34670   33118   18064   23875   17665    6317    3074   22263   22284    7355
   12172   20148   16415   13930    1505   18360    5488   17469   32589   12360
   34895   23318   36341   35825    1117    5583   11466   32367    4749   26557
   33760   24502   19094   26372     825    6461   30413   32127   26084   18413
   36627   10910    1684    9452   26253   28655   12896   28572   22204   35659
   11401   12032   29307    6427   31427    3625   12683   25741   31029   23655
   11749   11447   26553   16679   12323   31644   31986   28051   36338   35115
    5926     127     307   35221   11586   36715   31176   24709   27634    2748
   11208   15923   28738    2667   12966   32158   12353   14538    4859     767
   21120   26424    2010   34975   36554   33524    4519   33533   29876   21134
   25828    2307    7804   26042    1627   33078    4361    6104   12501   27761
   27527   11858   13052    4922   11769   34717   25917   15038   25466    6628
   17941   13365    3689    8424    7824   25287   34143   19737   17322    4906
    8686    5029   22140   13268    4921    4421   33484   12171   27496    5018
    6321   34749    4925   15088    2266   24740   36919   35328   24439   23426
   10855     542   12128   20266   11266    4977   33850    7320   29587   20606
   10544   24790    1112   19504   23805   27079   29506   13922   24711   15113
   30270   25445    4947   18373   26094   13768   23035    6859   18721   26870
    9308    8617   28844   22034   25910   14437    5662    8174   25731    3686
   17796    3360   28891    6083    1332   27182   18187   24911   30186   29609
   34366   13814   29544   21222   26659   10465   26605   24868   24024   22583
   19420   21503   28498   21611    3166   12504   15188    4851   15092   17660
   28700   16270     124    2742   31752   12331    3465    3452   34534    2065
      72   28531   28020   34470   27752   15487    2674   14719   11640    2845
   25561   18786   22394    9882   13977   17454    9044   20436    5420   33751
   29792    3208   17129   15532   34273    7001   28828   14501    4612   19546
   29965   25740   25315   28627   30528     513   10373    1755   28192    6128
   21348    9946   12668   19901   29549   27125   11917    2576   21564   18596
   34481   24102    8088     585    5273    7932    8775   31486   36967   15417
   33567   29633    5378   29740   26629   27010   29800   30331   33104   18920
   35900    4889   31324    5861   31757    3646    5868   25531    7512   19571
   24975     553    8356   28162   33969    7598   15093   24614   22774    1360
    8381   22251   26192   10674   35921   16530    8345   22155   30168   30956
   22154    6214   27627    9380   10262   30369   32795    4363   34610   29498
   20111   16475   27443   36038   14936   33944   17193   15573   18859    7288
   17969   36252   36759    5413   24578    2462   24061   15097   19855    7720
   32540   34785    3695   14205    4595     597   18634   33259    2045   14883
   22238   10170    3633   13253   28669    4636   30872     298   20414   26009
   15910    7790    2353   32743   11617    9618   25727   29357   25594    4989
   12480   35155   35165    3549   25689   11352   25588    3057   35933    6004
    6703   27999   10414   28089   23660   25319   34836   21071   31472   33289
   17012   25367   34490   22584   24726    2690    2862   10158   10502   30003
   11238   16046   24682    5866    3220    9926   32828   17344   10194    4469
    4486   29172    2410   22299   36656   29042    5384   17823   16189   28158
   28840   28647   33637   25113   36367   13876    2860   36134   26268   22083
   19870   15153   12048    9520   16093   13245   19919   34842   16878   31252
   32196   36049   20811   31042   17013   17708    6962   35708   19539   33315
   34222    5199   14119   31997   33196   12141   16397   13740   19008    6959
   28445    1870   36174   19973   30743   36576    7304   22285    6277     795
   24859    5531   25058   16348   13047    9247    3886   19944   31739   29563
    6568    3870   24579    6057    4527    7352   23354    6871   11646   15284
   31327   22728   10772   32398   27261   35897   15755   29054    7094   10733
   10618    3822   21970   23033   24403   20847    6981   16931    7141   20369
   32739   31918   21301    5079    5060   15979   22286   12788     610   25075
   25537   12713   29588    9998   19107   17207    9319   28256   31087    6402
   13902   32951    2209    1772   25729   26626   35996   33083   23388   36263
    6723   31893   15948   32575    1651   20931   24179   23756   18584   12855
   17411    6620   10849   30695   16309   30134   10982   36682   28172     938
   33698    2924   22997   19385    9053   22329    9796    6983   14004   30782
   31562   28703   26976   12258   36132    1492     294    8262   22069   28439
    6596    3850   26128    1014   21418   34588    4025   11796   16355    9200
   28977    6997   32286    5990   32960   34171   20152   12368   18993   12274
    8154   10859   36636   23695   32955    5563   11549   16501   13607   29943
   17239     134    6114   34282   13682   24406    1458    9585   32638    8515
   11107   15934   13472    3267   18082    8353    6915   26355   19797    9519
   31992   25944   22895   11899   17479   31553    5034   21966   31454    2436
   16759   19468   25695   34016   36798    2508    1306   20634   36128   25988
   24140   10270   21895   22177   30485    1402    6775   16766   30298   23060
    3523   34555   36637   32628   30415   33783   27205    6407   17998   24327
   17122   30828    3150    7401   31177   13539   21627   32253    9014    8309
   24090    9131   13023   13269   20374   33164   31317   28769    6528   28904
   12056   34383   16936   24175    8904   13247   33542     170   19083    6753
   25267   14917   34086   21602   10438   18495    7036   25127   22121    4872
   25418   27505    5251   19002   13981   14944   26640   10791   26937   32870
   18716   17692   35541     603   12960    7619   21380    6863   33633     109
   31319   18502   29207   25153    3567   21839   13101   33941   18224   16027
   36979   36375    3460   12673    1074   27988   15027    5150   34550    6731
   21610   27810    6663   10551    8805    2984    1015   20218   13250   35464
    3211   12418   17203   11626    2018   21929    1509   29179    7201    1740
   12383   27061    4022   21521   21399   19157   29376     183   11036   32903
   28799   21018   25260    2917   29723    2821   15068   16234   20834   35084
   14239   23869   12630   30993   23246    5919    3961    8870    4825    9543
    2737   21722   11193   24221    6301   30682   24748   29072   19297   36390
   18171   27077   23020   28536   31642   24370   21808   34048    9976   35121
   33600   15203   23672   30541   19052     223   17231   21472   21672   22521
    7408    8568    6546   30211    5002   14000   20194   27861   11289   18465
     874   34408    9306   20453   17538   33709   11210    8618    7961   31726
   16052   11733   32901   22308   13581   23962   23958   14903    9249   35666
   17307   36574   11669   18808   10580   36736   21914   12925   25798   13496
   27158    9573    3843   30798    1387   29761   10810   12981     418   22770
   33798    6210   13743   31774   20763    3712   34021   36118   17430   13022
   23058    1136   25462    3634    8960    3553   20619   18896   17440    1424
    9291    6437   19564   26891    8943    1588   19202   25334   13808    5958
   18431   29095   33591    5380   12425   26038   20502   28336    1699   32464
   19404   31188   32830   11921    8198   11375   15660   25381   11154    2582
    5705    3163   23423   10591   34715    8622   31753   35336   13659    7259
   21190   12949   21303   24832   23792    8729   15596   29871   23207   10477
   33621   33691   32079   34879   22187   32920   13000   25005   12343   25906
   29922     929   21696   22276   12891   14642    2115    6295   24400   20033
   29241    3253   24657    3499   22338    8080   21796   29559   36795    2753
   21933   31072   12878    4572   16479   31298   36844   33799   35001   15758
     141    8361   35746    5205   17084    8735   31956   17787   36621   20008
   23911   36137   33622   11323   13048   18520   28979    3621   30671    7753
   13941   32306    5013   27260    7251   30750    6513    7474    6712    9811
   24017   15922   25795   21497   15296   29986    9960   11521    5766     732
   20059   31272    6963   14247   34531   30609   28952   12332    2685   21565
    1209    3767     669    9276    9776     780   30409   19519   23023   10643
   32562   11048   31202   29756   24278    4733    8976    4769   16707   29825
   33073   20182   26647      18    8061    5712   12430   36376   31623   25285
   19476    2552    8073   22148   35189    3838   27228   24446   16718   24608
   18912   10002   27807   33631   11091    9079   20527   17732   13548   15182
   34187    1767   22240    8959    9864   19533    2530   20873   23507   23890
   26120   19430   30768   19700   28885   28639     374    3353    8036   18816
    7816    6576    7820   23465    6604   12466    4282   26386   22317    8944
   36606   24131   23240   33272   19615   15261   34049   16949    8947    8467
    8999   13760    3266   14408   15382   24174    7529   29525   19451   30029
   25143    3929   30706   30346   22015   30443   25946    6241   31256   33468
    5256   21713   24032   12904   36770   23748   11182   21416   27952    3205
    8948   10640    9110   32486    5360   19703   16121   18328   26340    9416
   17570    1153   23345    5665    7489    7609    4533   34922   13122   21554
     926   16880   31625   13236   16860    5053   34350    2643    5282   36046
   24589    9767   31415   28926   21538   16037   15217   13777   33218   13608
   29896     538   20856   10316    6086   34529      95   14732    4995    2839
   24562   28541    2412    2098    1749   31905    7221    1858   16571   14231
   12959   13946   30800   29774   16041   33780    2835   18681    4396   10597
   31053   19152   25796    4073   28459   24069    6569   31466   16894   14329
   11450   33864   22917   17233    7725    9208    7155    1995   11202   15776
   17740   13129   33379   27885     813    6867   23566   36432   35259    2916
   36422   23390   23459   34877   21033   18096    4197   32472   29335    6436
    7383   25251   22401   19001   24410   32288    4365    3798     562   30293
   36182   27062   28242   35046    6065    8916     745    6139   34859   14403
    7136   36675    9702   21804   13718   25717   33845    5227   26822   18539
   19375    9270    9473    2124   27436    1857    9891   25748   13707   26708
    3817   15442   21728   14007   19106   21039   13950   16939    3511   31585
   15221   12611    6358   18141   34781   31277   11422   17834    7758   25196
   28473   24347   13336   30228   36694   23424   24365   16579     349   18216
    3243   32573    5537    1239   35830    5884   19904   18889   29273   31113
   23775   35208    2668    1650   14183   27992    3090    2661   10795    9777
   33093   36466    5182   25342   25241    9329   14331    2727   26700   27571
   26121   33938   17456   18910   22703   10463   11492   32203   23102   34337
    6361    2287   35041   23138   14921   19604   15432    7682   33427   32519
   35999    5817   16719   30347   20947   11986    8290   34676   15439   20978
   11125   14158   16826   25567   26058   29202   31892   18552    7973    3359
    6520    5578   15671   33276    3687   20256   31402   34111   13974   31003
   21802   11988   18090   36568    2385   23239   34867   26505    8299    4442
   28458    5467   15726   36302   19232   19350    1237   30856    8712   17647
    9230   26714   31538   21346    2912   12799   36613    1853     289   12653
   16283   30371   29286   15512   19792   34067   36807   16062    7178    9377
    8849    3207   22085    6536   36821   24401   11440   20749   35928   36814
   10609   22915   28879   36698    4187   23270   31934   29206    4130   26117
   27130    9222    9970   25303     783   34024   25375   29265    7363   15015
   19423   30935   22422   21870   15316   17162    6174   22252    5279    9679
   18352   13767   23952   20921   16853   18820   13468   13577   11874   15526
   36555   19455    9256   16373   22641    8239   29973   25572   20429   15588
    6607   34155   17817   15365   12031   14406   29923    9324   16438    8103
   25362   32569   34620   12726   34737   18055   27808   36686   10175   12872
   33369   29223   23167   11294   12503   30351   13924   13670   21271   13780
   19687    1071     866   17023    2448    2030   22620   15460   15171    1940
    1298   17324   28330   31367   32846   36457    6792   17186   23046   15219
    1255   10759    7756    6634   27458   13104   29152   13996   21650   33549
    3363   17004   33442    8130   28426    7813    1569   26590    1111   27895
    6123    4283    3552     284   17890     468   17612   29757   28642    5602
   11229   28877   22552   16302   22233   29422    5136   34247   18327   31843
   19499    5997   20981   19534   16757   13804   21158   34029    8631   25186
    5117   31326    6175   26690   16257   33593   11470   10731   17792   35795
    5733    4643   10860   10279   36196    5870    2993   29735   26862    3373
    9735   24964   35389    2553   19637   26327     373   27376   31811   14006
    6496   14127   32872   18462   30625   16528   14873   31882    9847    1214
    2861    2554    9940   31310   24872     147   22751   18517   19544   18550
   29247   23517    9988   22020    3522    8614   23153    8165     570   25396
   28835    5293   20982    9071   13591   26329   20941   15380    3361   24633
   15861   33174   24127   31806   11032   15151    2901   24665    3721   36505
   18687    4547   31151   23203   29414   26088   30805    3790   34080   20959
    7782    2116    7915    9666   16016   27982   20580   28153   34700   26502
   35064   20128   14178   18558   34472   15536   28154    3636    8737    8717
    1844   18415   13278     905    9114     197    5258    8610   28135   34328
   35395    4931   26921   13087   13552   34703   22665   28976   30194   17355
    3889   19175    9359   24577    6912   24663   32702    7692    4892    2473
   24262   12264   16488   18508   22676   17264    1244    7341   32377   30564
    5080   33138   19329   33743    5769    4395   18023   28593   12474    6188
     488    8454    9955    1423    7103    4209   28758    5425   34563    5465
   28087   27096   26869   29528   30721    9376   18311   11777   33625   26713
   27969    8679    8210     946    1018   32016   12168   17634   28618   12277
    6900   29345    9657   20066   19253   21886    4307    5851   31650   18782
   34438   33528   14332    7290   15724   31240   27670   16533    3155   22956
   32975   35994   16218   29602   24968   36225    2520   21829   12248    6145
    4864   30124   30907    3409   32724   23827   25768   32341   13373   10411
    3941    8183    2750   21666    9153    1096   19005    7969   36092   21290
   15801   22725    6265    6846   15805   36635    1679   21501   21561   13892
    2629    5197   27624    2256    9411   33983   24141   21129   14747   12346
   36991   11668   17414   36734   33835   27848   15474   17044   20680    5099
   12025   13359   18123   11862   10143    5209   13344   24560   23007   31613
   30793   32805    9953   31741   33581    3291   13534   17648   19079   14011
   11926     836   28644   13452   31732   25064    6702   11583   36216   30797
   21849   16006   11516   13868   36089    7892    5340    4281   25115   30640
   29539    3140   22780    3035   22799   35523   21657    6831   33244   20752
    4086   26197   36461   29980   10332   12712    8084   21950    9391   36959
   10482    6332   32406   23674   22575   32751   23480   30089   19179   10151
   14181   35435   25207   34289   23804    7485   18593   19987    5587     402
   17223   27520     807     687    1405      25   28657   13130   26954    6243
    9288    6299    7638   23987   35225    9747    2421   25282   11019   26450
    9881   17499   31928   26255   17064   15066    9302   18174   30916    9013
   35915   13926   12146   24921   12267    4111   33404    5981   29205    4935
   27361    6985   32555    7225   34506    6926   27503   15978   24717   16682
    5466   12249   24650    3761   14769   28698    8931   35535   30383   35972
   13419   15386   29989    6941   36580   19768   33168   34168   29657   28842
    5421   23287    8530    7203    9310   34372   27518    4389   27218   25124
   32347   21598    5391   27212   36022   34986    7809    3132    2369   35914
   25787    2012   33529   14449   11594   13199   31887   22475   15653   13721
   25640    4768   23541   30673   17471   29652   30669   23866   20034    1874
    7563   36027    4373   20297   22533   17047   30741     862   35922    4581
    8992    5066   17760   16578   18258   28942    1960   26600   20278    2087
   15718   26158    4322    2181    3292   35718   23597    5747   19352   28435
   12406   18590   22102   22506    4101   13214    5253   17229     443   10174
   34692    3530     196   17624    4290   29856    4730   13984   30476   22661
   26784    9390   14638   24081   28231   26720    5289   20688   34367   32926
    7912   10742   18330   30478   22885    6273   21079    5233   35513   17528
    8982   13560   16187   22942   25111   20507   36055   16092    6815   33084
   16649   25690   32169   14761   25783   15359   27542   11748   19018   13039
   14762   29331    2001   24613   20608   20654   12134    5126   26439   28662
   26697   11133   31028   24940   29523   15681   20144   17586   16567   25014
   27449   14608   23159   27954   11128   20132   10527   29510   36052   15837
   14444   25802   17891   27018   19775   13855    5269   25960    3663   20929
   34181   13410   32959   31833   17010   14913    6694   25170   10198   36912
   22706    1883   20460      32   19109   19948   22220   26446   15954   24685
    2456    4268    8222   10986    8848    7623   36747    2066   26103   27544
    7704    4080   16840   35391   25599   26457   19581   17999    9506   29708
   10431    3046   25557    9327   33392   27733     451   31502    9437   23006
   31735   17373   12390   35739   10979   34011    2141   32680   28731    7532
   20857   11329   32622   15992    8342   10212   10251   36969    2680   12079
   16961   15727   27394    6857   10603   10575   19124   12933   36308   26261
   17447    1265   36315   17071   10067   14389   22957    1721   33223   30067
    2006   15892   22959   13629   17209    5988   35196    6371   13426     345
   30911    4882   34368   26545    7193   29264   26335    2113    9454   15739
   30156   30679   23264    8001   32424   13927   24319    7434    4213    9925
    5477    6975    4586   18791    6501    6873   28130   35390   14961   18318
   20197   28712   35037   20973    2311    5641   14216   32094   33150   34655
   15045   20944   12945    6992   23895   14078   30515   32165   30450   24632
   28193   22920   27547   18429   16063   32544   11621    5478   12176    6471
   11969   29380   12567   10768     169   27193    2985   28362   25816   21365
   31709     656   34604   33827   15544   24707   21510   16942   17319    6247
   16973   33824     854    2882   34417    1129   16558   10476   34996   24505
   32749   30264   12201   22055   22529   32391    3782     781   20074    1980
   21578   19724   34335   16959   32171   28745   36941   13219   15767   17733
   13323   35783   23705    5863   21027   22105    3728   15886   31604   16318
    1262   10187      97    6144   24694   30389    1529   10441   31102     356
    9894    4879    4920   26422    7601   11463   15908   25123   35177   28775
    7589   21847   19868   24246   22608    5825   16064    6927   22673   34687
    6109     590    7646   14343   17721    7003   12102   11112   30762   28505
   29862   16112   13636   36111   17886   12061   36147    6913   29770   24111
   32465   35796   23726   23422   14753   29696   12114   19322   22314   36541
    8806   10942   34200    2064   33462   24074   24945   26715   36549   33876
   17299   32949   22293   36193   33693    5106    9978   16423   25423   29361
   34845   26485   27822    9260   19397   26827    9536   19014   27034    6245
    8769    5532     909   20222    5470   12652   12190    8699    1140    1454
    7590   14124   32002   33157   27206   29079    6105    9640   22721     259
   26900   29543   34068   34066   21525   19021     914   13072   20246    1799
   30756   11761    3043   21308   36756   16088    7726   33429   23295   12719
   16102   22259   28424   30026   27577    4797   27556     264   18540   26361
   18417   34980   20565   29033   27470    4114   36091   12186   12487   12164
    3421    5533    5193   14150    9480   27579   14692   23364   28052   31292
   16495    8214    6375   22519   26514   27592    8461    5208    9152   29459
   34353   12628   16596    9991   16166   18699    1004   26621    8866   17812
    4249   31727   20388   26254    6991   22201   20406   29392   19123    7498
    1227   23054   30729   26506    2781   20099   33054   24779   20865   35036
   21543   14727   27788    5899    2015    3092    4118   11871   31347   12952
    7533   11138   29524   19957   13194   19131   33976    9867   24592   36800
    1613    7179    5732   32292   31772    5035   35123   12987    8911   13634
   14902    8508   20681    9865   35826   15530   35038    1903   26527   21025
    7130    2480    4508   10976    8337   17846   11773   22989   12236   19831
    8352   36910    2104    4083   12337   25777   35107    9630   30778   35745
   12882   26189     601   32962    8196   16806   15848   11485   30223   19964
   31161   27488   35765   13657   23512   26952   11842    1028   28233   28739
   33490   17459    2148   19874   18256   27396   28148    4735    4770    2784
   35715   34713   25788   18589    1533   21293   19970    4153   16412   35574
   30030   35940   21944    6897    7976   11853   13955   23269    5455   33329
    6291   34121    7766    8091   27827   10325   16371   18629    6754     244
   35193   23789   17196   25708   21678   34217   27703     657    7299   12738
    8100   15178   22493   23520   14169    2270   16425   24135   18260    5995
   28347   20721   34103   19842   21273   15918    2868   11228    3101    1178
   21304     640   17742   12787    7710   16129   30382    5610   13717   24759
   25845   24765   15028   34846   25674    9057    6155   35500   28138   20928
   35904    7407    8767   15453   25436    4760   34893   13559   13376    8897
   16219   10367   36704    9444   26151   19818   35807   11383    5254   20878
   17535   24218     682   17431   32714   23143   18140   12708   15909   19212
    6970   17715   18375   11281   25657   19553    3770   26686   30022    3942
    2408   27050   20179   35628    1150   12086   15931   14531   31763    6672
    9297   29860   27796   23412     744   25653   23965   20876    2712   13681
   10129   21359   18690    6891    8208    1057   33502    3851   30587    2764
   35539   21651   17633   16517   16366   16197   31365   21856    5567   24742
   36948    8275    3405   17277    9669   23593   29665   32934   35740    4669
    4189   34393   13906   23639    5683   24510    2401   24559   20828   31697
   24355   12077   31023    6832   11195    7708   15799   12927   15125   29520
   21535    4649   36178   36610   33694   21624   18188    1475    2318   10592
   21446   27335    9507    2054    6660   16282    6918   27178   14876    3713
   30177    5898   15172   15026   19645   35442   12735    4579    6748    1008
   22510    4330   20562   16621   15156    8941   17904   11727   20648   11726
    5339   27756   33754   22423   20579    4988   28782   21181   31170   23259
   32390   27132   16021   14353   19819   36476    8820   14565   10901   31447
     306   24005   36517   35886   34643   10989   23795   18207   16146   32682
   34923     413    5963   14188    9062   33717    6324    2525    7827   35882
   26671   31790    2103   17854   12174    2468   10808   34395     690   18950
   29887   28404    5668   31696   13482   29618   35759    2738   23299   26597
   34113   27008    3599   31552    5753   11327   27563   26350    1377   25469
     677    3414   10811     383   31142   12458   20463   31976    2254   33140
   23191   28807   22879   33914   15631   25313   13592   10994   35128    7872
   24354    8332   15306   12631   19847   22310   13164   17628    8248   13931
   14552   12049   22289   32315   10030   27784    5278   33676   26449   26814
   25500   14813   26249   18546   18138   25149   18826   15082   23010    1499
   10038    1163   32974   21694   19736   22890    9648   17508   29819    7670
    9755   15693    8978   35044   14600   29537    7549     896   16751    7369
   24757   25953   21866   29462   22865   17706   36464   31671   17498   10345
   20501   24926   36593   19225   34728    5342    5121   33868   23733    2579
   33385   16208   23983    2708   11790   15546   26757   27389   13450   23151
   27110   32064   18553    8314    8108   12165   10221    2389   18402   10027
   32316   35673   36980    2109   12215    1053    7686   17984   24399   26090
   30882    7361   18996   17550   34817   21126   25778     885   30520    5291
   19089   12672    3370   28224   35227   28583   11893   13352   13992    6167
   30606   34145    4972   16241   27126   26499    1481   31033   13107   30636
   21778   32339   31105    3763   26964   12340     959   10389   23456   26283
    8738   16511   11648    2217   32365   16460   15293   19356    5961   27975
   12919   33705    3178    8177   20114   12243   20708   21674   19912   20172
   26803   20538    2837    3190   23549   23470   11273   29266   14795   25761
   27710    2108   36169    3651   36357   29759   19961   36860    9438    6021
    7211   20345    2351   15428    3512   25010   24777   36594   12977   33287
   33872   33550    6385   36870   30738   12252     211   32385   14064   25137
   30031   29058   14491   30248   10594   35454   12651   30053   16522   13222
   16776   22328    2509    1253   28352     505   30788   22500   26448    1810
   24905   32051   30642    4646   23182   31329   20173    1811   26185   28543
    5942   30460   12381    4606   10247   16502   14120   27460   26802   17718
   10117   32734   36151   28645   11931   23284   32053   30475   12792    5224
   12538   21177    4065   18579    7026   36382   33894   14870   15226   30897
   33817   32860     206   23113   26075   36917    7642   31264   31823   11505
    5608   17040   11419   13742   14494   16832   31160   35049   14636   31570
   29239   24306   24273   11995   25679    5326   29494   15455   14544   20439
    5333   34358    1867   29519   22037   25686   12649   10523   23120   35223
   15874   33920    4821   20623   36776   26712     889     872   16509    9659
   29115   19996   30984   27281   12776    8702    7286   25797   28628   20422
    3692   36832   32821   18030    2107   19265   12494   16005   13455   11430
   36843   24950   20999   27331   15559   13769   31773   36369   27586   11636
   34055   33910   34752   13944    7893   25057    5123   23749    6951   24898
   22887   34965    8537   14015   19510   13441    6725   16394   27536   11550
   13966   30005   21092   23985   16399    8335   23044   14505   32642   28368
   13563   27870   22662   36359   27109   31803   15215   36013     580    6034
    3882    1045   11114   36557   26230   27027   23075    4525    1042    2559
   13497   33326   14831   12808   30727    1920   34429   23322    9532    5904
   10244    8894    6398   16028   15085   25873   19258   31216   19886     697
   10089   28280   31391   28340   27439   23263   15525   31372   10397   18812
   19380   33398   34259   22527   33178   27585   22560   25615   15345   26875
   19849    2240   16726    8006   31353   11708   22321    9349    9652    3854
   14488   36705    4241   27718   28935    7364   10933    1145   31088   26571
    7624    3694   30986   25872   22571   10653    6803   24979   17927   34344
   28611    7730    4720   16144   21085   11527   25826   30618   24662   35688
   19834   15541   20599   16251   21274   21975   13171    4883   30563   19508
   25925   23077     831   29177   30199     811   11262   34190   18116    5402
    2358   24987   22051   27051   16520   20741   14639   21761   12742   13370
   13739   19105   23923   31374   21605   30385   18788    4238   26984    7829
   28780   21547   11507   21093   35282   15841    2651   16465   24646   12750
   24935   33683   20154   29981   24567   34287   34321   34853   35022   11515
    7967   36482   34106   36608    7080   26653    4210    1818   16692   20875
   15426    2368   25577   32086   14794   27772   12310   12843    9231    1625
   16407   25448    3165   31764   22998    2669   17960   32459   11762   30555
   29367   19181    5874   21646   16590   33466   26850   34178   30834    7223
   21571   23144    1261   18602    4160   17172    3440   33930    1155   18956
   23351   35932   28944    7752   31669   29831   23384   17254   29692   35452
   36110    1190   32312    9578    6767   25927    5892   16452   11882   20733
   14607   17058   29694    6368   35180   23598   19324   32820    5140    9647
   30626   31566    3327   18436   32043   28112    5223    2763   27316    3157
   10837    5039   35072   13853   23386    2739   10499   19206    4507   22060
   32554   17688    9904    9846   30231     720   32796    6860   23140   33892
   36803   22943   35964   17369    7684   32625    9125   27406   29994    6305
   17001   29027   30931    2808    1707   30641    7674   26369   20129    3899
   13641   15853   33056   21020   11624     633   11875   19177   18346   26251
   23009   21820   12976   19031   16326   19905   29967    9838   18662   14467
    5065    3931   16990    3810   27984   17728   25275   16292     336   15231
     154    5442   17694   36918   12551   18538     131   31765   33722   29572
    3459   13341   28607   31717   33984   11067   31567   36187    8599    1113
   31339   20143    2545   25495    4418   33424   33403   21845    8435   33113
    4939    5547   21934   16235   11657   30126   23831   23249    6154     386
   34127   29451   32833   36450   31575   22603    5464   32067   16556    7557
    1568   18432   21555    1840   16912   25080    5156   20542   32674    4910
   23373    7037   27409   22880   16059    8680    8650   18783   31830   32136
   25036   17838   32030   16777    7428   29575    2125   22146    4390    1847
    9709   36180    2931    2503   19588   33384     709   25912    9610    5992
   34578    4668   32369   35413   11240    3437    7055   16409    8627   29985
    8066   34618   10710   26866    6603   31791   31509    3240   16332   30883
   15392   32273   21768   21220   20335   16927   26543   15351    2040   25084
   34744    8548   34292   25261    2147    1060   32097   26824   33359   21459
   35696   19154   17465   11307   28343    8037   14367   13393    4220   19019
   15096   19159   24661   15407   24426    2165    3579   28503   25382   17811
   33396   25849   26149   35103   25749   25129     311    1781    8094   28932
   21099   20107    4638    8477   35858    5321   14972   32307   30757   36142
    4739   23848    5663   27265    8146    2407    4327    1326   23408   15577
   32142   21798   30214   15613   36062   23032   12261   10788   27199    3588
   16155   21920   13155   11290   33575   33888   34297   36971   16914   30717
    1173   10825   11062   12865   32063    4102   23045   10684    5933   13842
   12496   20012    3965    3113   22480   28123   11497   17957   33561   28184
    6026   23415   21238   35482   34937    9844   30241   27509   36268    6722
   21794    4348   19577   28260   23702    6062   32324    6136   21699   17918
   33183    5626   19165   22437    4228   34266   13435   34025   19399   36123
   33116   13593   16034    2907   33464   32514     129   13265    4485   35943
   10577   28732    6524   31060   31055    5296   24556   22244   18943   14942
   29929     605   35352   11705   15290    1299   18016   16295     442   19528
   18582   11803   22874    8953    7237   28825     762   35067   26676    8585
   29592   31949   23871   25398   24293   16434   35263   25658    8516   12217
    3257   34461   13910    7812   21649   32703     821   21628   25364    5838
   12767   21270   29219    1406    3463   11710    8952   22440   26328    8427
   14417   31878   14581   18199   12017   35400   13475   28013   31874    2452
   21109   10634   14572   12058   28861    1900   19934    9090   11129    6416
   31229   15914    9470   25773   13103   21486   36403   12774   13799   30060
   15627    3462   14816   32066   27154    9294    1495     654   35953   16227
   13098     314   35088   13980   20644   13342   26376   17317   34539   14627
   31728   25197    4773   21045    2251    3904   19464   33692    2105   30940
   14287   20940   21378    7462   28525   13387   23040   12345   17780   22783
   22849   11734    6103   19992   16170   23177   34459   11151    7012   24980
    5331   25044   26264   13305    6837   21144   30593   36355    3425    4750
    1514   30463   21160   18652    4983   20437    1836   22096   24384   24605
    6862   15682   24303   22680   34612    5344   35732   14466   12118   15052
   17240   21329      45   31748   27074   18435    3068   30524    7409   21305
   22811    1372   18078   35780   28759   36904    3003   25570   28416   33420
   25867   25693    9665   17606   25678     908    7025    4123   13224   15494
    8766   36184   19405    5790   19333   33314   16418   31393   14709   15654
   26440    9258   26774   28400   31263    8749    4205   19659   32715   30542
    5826   23893    9787   11565   31639   19802   25760   31909   24841   22362
   31946     942   12554   28345    1032   27570   27987    7250   27408   15773
   18507   21615   15338    5947   12288   21940   24359    6127    4368    5702
    2547   23851   26925   22564   13466   24082   34841   21024   33779   19593
    3896    1433   15865   16881   13233   20168   16823   28370   12289    6194
   36183   28601   19242   20026   15802    4092    8594    4625   30836    3643
   13975   19715   22443   22349   21014   14290   18200   29325    2312    6413
   19368    8089   27918   27900    7570    1563   29693   34302   28383    8282
   20279   18625   19598    8797    8938   17972   22095   15953    2658   10981
   28109   20936   19653    9186     450    2395     632   15863    8645   27696
    3608   15609   22568   35274   12923   25078   25049   11572    8552   26308
    4667   29455     906    5379   30976   21184   21383   27998   28637   33982
    2221   31005   18763   22634   11088   14857   19554   24763   34453   33202
   20817   18297   34112   13858   10140   17041   19804   28338   23709   25443
    4229   32961   25624   23951   18334   34135   11605    7935   14096    8719
   23640   20622   25082    2049    6695   32606   36550   36084   21178   23048
   25753   27152   28269   33911   19776   10555    4350   35985   32380   22633
   35356      63   19823   25980   36265   31049   22941   36494    9655   22458
   22622   18515   24549   23714    9156   32775     712    7339    1687    8871
   19332   18155    4044   12809   24747   23601   15629   12200   27155   25133
    9191   33428    7881   14176   34293   12127   21911    6339   35440    4833
   15691   26823   26239   12548    3011    5272   25882   32948   23438   30653
    2195   30781    5865    2961   27025   30292    8863   21801   18692    9325
    7302   33564   27404   28539   26858   12990     729    2689   12387   20744
    6240   24595   16168   17130   20598    2825   10092   10770   27243   31208
   11149   33917   21791   26777    6801    1259   15535    8625   20746    7608
   25743   35184   32678   29430   10509    8133   25283   26825   17520   18405
   20990   15998   13246    9490   34327    3673   36638   14932    7887    6353
   25403    8583   15242    5697   20348   14262   15889   12447    5285   13448
   16754   26574   21389   31554    5300   19953   17318    2744   36722   24035
    2618   23367     822   15266    6819   35941   21942    7716   27312   15840
   29809    4107   30624   24501   30607    8330   35983   16998   21998   21215
   36480    7856   18626   12625   11547   21115    4592    9693   24838    4916
   25042    3037    5194   20334   11747   32438   25024   23350   36530   16143
     843   13532   13088   13745    7621   28528   15102    7979   29656   14387
   20057   17874   19237   19452   34757   13705   10354   21542    5249    8812
   26750   31927   32808    2772    8706   11411   20346   16249   14593   36862
   18358   14281    9365   19931   23885   14166   33188   23671   30433   34403
   28180   34267    4150    9515    3334   36488   18888   36583    6349   12089
    1882   32236   30187   17587    1233   25234   30571   36709   19012   14256
   26707   24566   10026   26137    6957    6665   18457   28364   10797   17830
    9603    8117    7743   18022   27093   27659    7894   19084   18245   23913
    8840   29443   36406   25412   28095   35018   21669   27309   11638    8107
    3578   32656   32607   10622   24165   18838   13412   24671    6480   11860
   28922   30182   11488    2091   22861   29593    4941   20277   13266   11075
   22266   20433    4779   33558   16527   34430   22625   30841   28888   18263
   14376    9215    4558   33645   31584    8557   23241   30928   28876   14197
   12662   17408    7815   22835   15570   14504    8664   35495   35204   31980
    5462   16324   10418   24534   25344   22163   16624   36729     531   31192
    6521   27118   19314   29995   21475   21968    7569   22383   27595   28006
   12298   13283   26269   28203   25426   11634   19782   23107    7301    1283
    1386   22754    7499    2747   27608   10365   25272   26583   30315   24504
   25292    7799    5093   15229   26865   18891   29531    4741   20922    4288
   25090   18998   27768   33795   35083    2453   16872   24473   28398   36659
    2135    6001     779   34270    5941   35880   32851   23887   24854    4567
   11545    9705   26508   15103    2937   14285   23479   21835   17864    4782
   22454   30517   15695   19058   32999    3180   27928    6425    3777    6442
   11818   31167   12062   19070   24916   24260    5345    5100    3184   25973
   32493   18886    3449   13349   28947    5050   32762   28614   16281     740
     856   12372   32728   11736    7548   29514   22225   25175   25536   24930
   11908    9574   33226    1376   19542   22642   27924    8439   32884   31848
   28413     337   16940    7244    5946   13805    9207   31399    1094   35924
   25902    6940   21493   28914     477   12369     363    9035   30961   33744
    3800   17746    4742   13180   29857    6945   31932   10454   17638   35736
    1315   23348   11389   36616   28770   15340   14391    6876   11476    4017
   19993   17782   20494   32513   32659   11377   33044   25899    8606    1910
   14899    6936   15620   30557     273   27980   32309   15146   17480   10130
   35869   24169    4448   24800   28734   22688    3672   27364   26014   15873
   33076    1076    5685   22169    8752   29990    6156   34991    5908   28323
    4816    3350   36108   25390   18766    8235   35467    7579   16379   20282
    1657   10468   15352   19200   17546    4998   28502   14964   35048   20533
   33644   21265   14801   27052   13425   30521   32807   25380   26478   28303
   24328   19524    2960   23444   22919   18083   30896    5115   34861    7362
    9514    1999   25185   31518   27737    8662   23258   16537    5915    4479
   33674   19658   23684   10895   27977   21978    2374   12785   35106   28747
    9478    1946   10475   36136   25357   16154   22909   36487   34791    2570
    1715   18672   12026   21726    9036    9322   11866   10543    8359   12320
   21735   33341   14967     300   22160   22130   10101   14050   35760   15748
   25673   19726   12552    7171   25770   10388   17699   13734   12399    6038
   25174    1635   36102    4689   23591   29281   34889   18624   18469   31468
   12807   14506   22580    7195   18230    7399   35212   34997   32428   26492
     209    1065     960     973   34362   23891   33981   24299   30269   33793
    8468   21511   23976   10927   15288   32970   15025   10726   34059   22714
   36727   26992    3984   16181   24428   30017   21971    5621   23285   34157
   23372   11672   15510    4884    1789   18853    3050   32668   35358   22565
   28391   11487   25032    1374   12443   28199   27012   15828    1820      48
   33225    7871    8485   23568   20120   11442   15607   19808    4869   22464
    2586    9101   36297   12718   13625   33962    8232   28407   26811   31491
   17188   12914   32134   33363   35402   27618   15519    7592   32561   29267
   23867   14313   16336    6708   34729   24392   29621   21772    2136   28726
   21019   17601   26612    5355   11092   10697   30988   10612   21823   36412
    3720    5377    5439   16807   23147   29971    8634    1555    8027   34457
   13583   33899    6078   12724   29691   20007   22569    6266   15274    3301
   18545   31666   23185     982   16047   21976   22366    7721   12411   34878
    1189   32349    1350    2460   19354    2709   19325   23820   34993   27133
    8998   12073   30469   17533    2377   35811    3154   17096    6553    7757
   17235   15020   27437   18874   27297   28225    4173   36573    4672   11119
   22742   11994   26096    3573   17560   30020     181   18257   17617   20253
   13749   34800   27247   36161   12584   27334    1170   19865   26899    1486
   18571    4134   14495   18733   36463   24497   12864   15551   35920    4685
    3986      69    4304   35879    5730   25045   30838    3396   22492   16844
   11402   25675   31636   18915   28249    3568   10876   26295   20500    9521
    9102   26971   35751   13520   11712   30317   32318   28827    6228    4096
   14206    4837    7464     922   21670   35689   24264   28908   35312   10192
   25206   25103   21138   10604   32853   30709    6290   20037   14212    7751
   17741   12464    2230   19086   14289   20601   11433   29118   16824   26421
   22272    7618    2159   36823   15387   12409    9629   36430    4460    3995
   26734   16975   30578   21812   36451   22003   28134   26346   26500   10573
   25634   10738   17577   11011   27241    8838      96    8112    8655    4522
     803   28900   33972    9000   21770   28105     410   34510    9097   21236
   12511   30876   20803   22161   35102   26576   21258   28494   33316   21473
   24322    4917   11429   13036   25517    6378    5971   34437   14782    3861
   24001   25613   18911   17263   21443    1186   31445   19390   26289   19785
   30472   10706    6826   13211   11319    6973   32976   22183     466   29799
    1942    4886   25750   10806   32154   31201   25869   34662   15634   30295
    3429    1356   20301   16458   11357   28206   26074    6566   28711   14238
     343   14260    9858    7096    2231   30574   15578   34484   11482   11881
   13406   12125    3853   18881    1956   14051   20398    7966   36305   35069
    6626   24627    4151   36275   11387   36352   30678   31456   36129   23744
   20703    6010   32852   30437   19456   22875    9560   26284    4411   28282
    1058   15101   36900   31460   22821    3222    3795   27687    3446    3563
    3595    7347   29794    9317   10259   20243   33391   27345    2817   12358
    8732   30169    7230   36041   34888   26537   10190   17055   33205    3831
   20451    6629   29382   31046    7550   30208   30917   16785   18497   26967
   35888   20308   20252   32778   23615   35806   18844   21309   22018     558
   17996   20778    2973   18475   26063   21685   15656   33062   18331   15740
   17808   36235   27864   28042   15361    7372   23542   23059   29672   25832
   21165    6405   35034   12827   11230     331    9430   16259   35410   21421
   28466   18397   11381   25162   23335    5860    5173   24190   33077   11919
   31706   30857   19661    2518    3016   15553    2417   12296   23801   28730
   22424   27750     835    8576   32429    7062   26152   34508    3311   36010
   10199   33063    7898     158    8181   29919    7029    6852   33508   35140
   35315   11109    4678   24822   29400   33951    9599   30311   27535   32225
   33250   29884    9259   13646   31348   13454    5789   33848   26528   24335
    9941   36394   31416    8826   32681    2596   15336   16454   19567   26668
   23155   32633   31690   19360   34767    1991   31239   30503    1157    6937
   26622   35032   23256   14235   21867    4576    6673   27055    7805   17187
   20307   21789   12513    5797   23994   21102   21732   11558   13994   30337
    1462   10312    6793   15839   22312   14160    3091   30100   15128    6132
   25949    1943   18904   25789   29664   17837   32480    4419   14384   31143
   18398   29365    9405   12670   27955     270   31891   15148   15286     890
   12019    5883   14646   16694    6574     205   36014   35956   36986   35692
   10481    9979   14971    5821   19585   21700    1488   10928   33368   19340
    7734   18410   23302   11517    9197    7045    7006   18264   16858   34660
   27075   13056   20174   30654   27250   18173    8521   15562   11098   35129
   24011   23014   25347   11660   14659   17949   24417   15334   19933   31349
   36519   21206    6627   18708   26002   35593   16588   16507   32651    2512
   29228   19799   16142    3884   13674    9554   17407    4666    6612    3846
   10781   16842   21888   23942    7328   21714   10424   27666   24985   21905
    5056    3693    4850   33423   22819   32070   22918    3865    1868    6366
     441    2203    7020   36293   33348   11601    1786   21858   32766   28480
    3678   25897   36890    7329   15239   33418   20328    5616    4333   35098
   36909   16810   21440   19550   29775   21957   18461   16134   32611   35770
   21762    3454   27636   12863   31910   18999    5681   15281   34793   14362
   28189   11522    6956   35078   13354   12754   28687   31870    8541   36479
   22553   17513    4843    5600   14833   32898   22595   27821   19454    8774
   32195   20041   12295   28061   29736   22313    4875   11512   32188   17242
    2684    6336   10479    7345    6839   36926   12219   30934   12257   16123
    7285   24705   19880     327    9797   11653   33519   28873   28629   29080
   25503    9251   25763   24029   15424   36379   21620   16962    6787      10
   20780   26772   15498    6780   27114   15906   13537   15971    4973   27707
   10265   14165   30266    6195    5318   26768    2865   12944   34097   12888
   26008   26125   26656   35709   27645    5306     527   36371   34621    5886
   20806   20919   18021   24963    6939   20244   35383    7795    4702   26570
   33994   21331    1468   14136   30977   13383   35860   13118   34329    3877
   28072   15877    8807   12532   25891   12557   35665   16634   12573   18049
   15167    8380   28204   11751   27238   12564   35294   10891   34169   21439
   18600   30631   28098    3666   11056    3259    3033   21557   23463   31971
   23712   29282    8637   36792   18616   20140   35977   25034   19674   32412
   33820    3104   36781    5147   28456   13821   17391    6512   31598    1524
     376   31197    8354   26085   17885    8825    2625   24270   29461   35817
   21307   10838   15860   11105   21502     949   12876   12645    1434   23974
   34920    2302   15862   19491   24525   13732   19483   23569    9711   18106
   33522   24598   28070   36673    6187   26654   23204    5446   35043   13570
   27164   16304    7571   34269   36783    7953   10990   12525    1250   32329
    9995    3200    8632   10121   17930    2810   11835   15595   29685   26895
   10987   11089   25535    3341    6707   29221    2946   23134   33360   31596
   16202    7298   31907   27111   17190   15194    5856   16599    1856   26202
    4751    9396   29192   36597   20039   12921    7417   22001    3570    4445
    7891   19778    5871   21499   13875   31784   17519    9944   19620    6632
   35965   13609   17541   25289   35460    5212   33619    9455   21707    9229
    3298    6473    4949   31544    7227   19758   22820   19307   15061   34413
   19134   24541   13677   34664   29198   15079   31563    4614    8796   14966
   35096   24153   34227   15443   24263    1027   17343   20956   16783   20983
   12133   33826   22831   10845   36456    8600   32542   30025   22740   29534
   26942   29568   23024    8723   12881   22878    4082   23850   30851   29764
    9059   32677   17155   20824   12847   11362    7170    6745    2895   10304
   27824    6050   32664    4216   33017    6817   35957   12195   34818   14995
   12980   19675   27293   15280     301   27080   24593   32844    2806   31597
   12600   30091   21081   19949   17579   21334   30054   10827    7451   26410
   11970   35388   14157     430   19982   35884    6768   13398    5504   16358
   28517   21613   25252   17389   36887    5592    5529   30881    2957   20571
   16110   23002    4456    4314   31729   24999   31144   25663    7540   23254
    2044   35347    3546   10630   36906   14858   21330   11838      55    5525
   11779    2577   12858    4877   14118   10557   16294    1656   26923   34939
    8644   16481   18512   21213   30049   13188   33125   32945    4033   31794
   33586   29670   27879   14249    5026   18677   18997   23757    2110   27030
   33702   16277   22364   10663   23329   26405    2786   31674   24942    6958
   24803   14519   20651   23394   17809   15422   30487   31492   32201    5297
   16384   24571    8209    1538   32826   15087    4301   10266   27165   29843
   26188   24026   17712
