    2187   12878   13863   15405   13693   15326   20004    2678    4088   18235
   19049   12394    8197    3273   12572     570    2539   11355    4631    6478
   18616   10135    6022   12013    1691   10035   19025   10196   11993   16448
    7189   12022    1210     426     986    4212     554    5277   19032    8223
   11557   15392    4644    6110   11676   16382    1436   12151    5879   11062
   19462     476    8550   17130    4322   16088   19662     277    6565    9543
   16422   13345    4928   15087    1625    5744    9848   10632   16276   18185
   13890    1516   19971    1595   16652   16047    5308   17832   17421    4457
   15878    1199     511   10660   11409   11584    2680    2792    7111    5368
     184    3692    9754    8192   11645    7765   12523   11094   13883    7587
   14336    1692    8551    3285   15456   16893    6551   16714     789   14032
    9895   16830   17610   12011   19489   16978    1374   12091   13000     969
   19486    1745    4349    2856   11035    1643   16089   12332    5418    7855
   18766   11673   10631    3686   13548   17536    6980    7673    7231   13081
   13295    9405   19676   14207    7393    8977     169   13118     211    9745
   11304    8601   11130    6307   13016    9663   19663   15536   16331   10607
   17489    8237     347   15919    1060   14130   13213   15343    6952   16147
   19777    8525    9268    8228   10302    4576   14797   17005    8034   13554
   10010   16034   16391    4784   18687   18283   16193   17341   15923   19161
    8852   11523   13182    1449     398   19587    6443    9898    5593   17681
   19639   15679    6570   10249   15073   19896   18818   19690    5197    3474
   15383    4654    2115    2531    6112    2867   12456    1162   16091    2229
   19135   19823     856   19983    5992    8179    4492    7030   18946    6915
   15571   10656    8733   11797    9550   15812    6024    3430   14855    7705
     534   17370   14570   19956    3152   13410    4131   11447   14263   12190
   12753   14282   12760   18212    6422    2654    5546   11264   16334   18031
   11915    1905   18985   15090    5582   17651    4660    5061   10618    5131
   18694   16618   18199   18913    2899   17619   18252   19320     214    7396
   13048    4582    8968    2065   17228     672    8536    7503   17954    9279
   14458    1938   17246   16335   19233    8932   10268    5925    3342    6997
      83    6781    7972    3281    8144   13441    6111   14248    1460   16671
    5817    7637   19732     635    2138   15160     157   16667   13807   17969
    3250    8694   13439    3621    4046   12093    5580    7843   14346    4330
    4688   19531   17336    3399   19403    3391   16245   16859    5974    7694
   18139    6718   18790   11744    9282   12361      56    7288   18739   18441
    8112    4203    7210   19290    2700   10899    9108    3831    9208    1057
    2620   19619   11213    7299    7222    1096    7084    4257    7782    3425
    2185    5599   11723    4897    1158    5031   19733    4334    4813   10307
   10918   15474    3284   17959   16549    6037    1864   16032   15168    9642
   15118    8397    1277   16525   18498    5674    6404    3351   16444    4809
   18220   18828   16029   13959     607   17154    4455    8318    9963   12518
   16296   17225    9494   15276    8150   14243   14917   13142      81    2888
    1549   13525    5241    7933    6138    8794   17618   14649   19915    4636
   18711     390    3529    8640   10195   12698   19715   15330    8866   14138
    4168    6941    8300   14334    1264    6790     807   10300    3298    3500
    2134    9953     517    4271   18891   16244   11359    9535   16252   15248
   16972   16554   12003   19525    9836    5390    1517   17465    3195   10162
    9030     180   16705   18513    5228   12381    7892   12937   15656   14879
    3887   18613     732   10890   15698    3247     229   18093   15492    4635
    5235   19944   17108    2374   17984    5453   19499   12872    8399    9747
   13542   13632   18378    8596    7872   17420   16208    5682   11268   18575
    8788   19970   12488     952    4199   16921    8049    3416    6986   18255
   10648    8860    4498   19343    9786    8148    3514    6476    1645    9864
    9049   16947    9481    9770     437    3655    7318   16599   14267    4398
    8799   11117   11296    4886   12998   11383   14311    1208   19719    7957
   17385    9277    4601    9549   11847   16596   16521   19503     965   18871
    7074   13961    6697    5392     825    2123     424   17725    1150   13537
   14992    9306   11160    7234   16263   15883   13430   15425    2775    8990
    4732   17094    1055    7893    3321    5649   18922    9827   12172   15431
    1482   10582    5469   14628   11421    3366    1602   15902    9678    3782
    2881    3840   11449     406    7678   19591    9850   12368    7857   18104
   18784    6643   12830    6505    7572    9720   16458   18551    6290   11818
    5479    7946    7584   16771   17581    6981    1414   15367   17579   11115
   17028   13377   18940    9768   16333    2653   19060   11014    3767   15612
    4044   11570   19494    3611   11653   10819   10696   15509   15722    1846
    8590    7392    8622   14976    9493   15890   19620     674   15480   16600
   10905    8833   20009     780    4273   12126    3745   16271    3261    2074
    1531   13381    5315   18534   10502    9849   18936   10922    9775   19361
   13574   16277   13695     900    9232     862    6894      55   13952   15654
   17529    7232   16325     819    7095   18435    8025    8205    9227    4048
   16484   14124   19390   17768   18084   18618    2171   17850     763   15624
   16968    8546   15970   11002    2129    2848      91    7740   16789   15752
    5216    7525    9400   18113    8382    6564   14278   11407   13579   16036
   15998    4408     330   16312    2809   11183   10853    4891    1915   13842
   14145    7600   10640    9477    6806   16936    7093    8856   17621    6053
   18482   18915   15783   17718    8497    4490   11762   11611   14901    7585
    5331    2545     115    7149   18276   16369    2525   10397    4278    5504
    8158    1079   16943    1333    9076    3882    8789   10167   17966    4899
    6416   10343    4186    7877    6241    8790     394    3427   16565   10676
   19251    7670   16918    2386   16053   12896    5138    4674    6612    4270
    4872   18634    3864   13443   13747    3853    8998    5431   14237    3087
    6250    4552   13465   15231    4754    7707    4180   16381    9295   11155
   14291    4350   15303     207    2330   12009     453    1512   11593   15997
   13123   18373   16849    6532   13021   16700    3775   14085   10064   10614
   18024    3340   12569   11824    9456   15148   16405   11250   17936   16661
    8472    6256    6165    9267   16339     477    6180   19118    4280    1805
   13150    4685   19737    4586   11743    8838    9664     907   18433   15083
   17391      72   11992    4858    2140    6903   11033   17077   19284   16291
   15145   17093    9773   14955    1168    8850   17843   16119   17046    2350
   10205    8548   11377   17741    1778    6324     142   18504    2030   12882
    9910   11480    5230   17732   10154    5140    4031    6512   16021   12787
    9436   12583   15208    5719     726    5785   11235   11869   15312    6192
   19840   19917    4213    6606    9109    9145    9068    3239    5520    1835
    2729    3693    2222    3162   13704    7790   16826   10707   11541   19378
   10092    4424   15271   15548   12766    8105   19154   11210    6834    2819
   17823   13264    7488     237   12554    2831   13948   17214     953    9396
   15165    3111   17958   12271    4261    9515     494    1230   17728   12123
   12510    1913   17184    8200     349   19736    5217     408   14201    7960
   14232   17326    1215   18697   13701   15114    1794    1339   15214   15428
    7018    4883   17846    6185   18540    2561    2513   10108   11090    7802
    1410    7399   15093   18182     156    1246    5919    7087    9676    4972
   11675   18654   19148    9690   11942   11274    5774   17854     968   18120
   10192   10421    6950   17955    1102   16798    9197   12701   18923   19413
    9570   13457   14744   13570   11132    1013   10448    5727    3959   11193
    8264    7373   10179    7290   14127   15151   16469   12891    6964    4606
   17629    1116    3785   13977   16743    9469    6511   17660   17639    7271
   17354    7056   12791   13284   17224    7206   18428    4072   17550    8055
   15940   16812   15934    3561    4593   17803    3286     891    7188   17916
    9503    2064   18351   15437   19110    1063    1438    6498    5354   10049
   11689    1195    3124    7721    3792    9367   11710   16938   13997   17064
    6676   12435   15597    3476   11801    9808    1009    7908    4185   18988
   10836   16006    7833   15452   15147   10011    3635   10422    1899    2217
    3954   14573   10683    8895   13512   12349    6562   18935    8826    2676
    4623   14912    9769    3203   19495    1427   15714    1214   16579    4293
   10298    7601   14948    8972    2267   16178   16418   13516   17979    3300
   19449   12078   10866   17481   11596    5263   12700   12052   15062   17706
    1993   12482   11054   12212   14190   16720   10792   11472   18328   19058
   19464    1184    8644    3526    7005   18729    4201   15560    7741   18325
   13857     409   17548    3022    4640   16009   19182     578    2740   10855
    5788   16313   19946   15227   19585   13106    1155    4565    6996   11306
    2708   19283   16751   11952    6893   13089     797    8576    1509    6115
   14599   18372   13446    8757    6987    5275   17200   12288   17613   13555
    2221    3701   15179    9645    3858   14831     771   17171    6727   19371
    9923   13413   13919     108   10932   10272    9774   13947   17473   10557
    6199     886    5155    9360   19987   13895    8652   17056   13096   10210
   15761    1790   12259     542   18356   16733   18159    5398   18089   14343
   11185    9318   15882   19332    7150   12591    5467   18675   16180   17799
    8905    4968    3753    3601    2658    4572    7029    8691   14265    8067
   12717   10798    1340   10378   10818   14447   11500   18926   19664    5059
    5885   19779   11139   10536    8329   10190    2250    6991    6396    8308
   18258    3255    6370    6025   13578     706    9908   18810   16330   11696
    9017   18574    2979   19743    8310   12174   12803    1851    8609   16161
   17444    2473     833   14787   16574   19940    4718    6131   10608   17628
   14791    3737      76   13223   10418   13279   14914   15804   16482    7686
   18278   11350   15962   11042   14337    6681    9375    9218   16188    2024
    3167    1760   15089    1391     873    3597   11164   19150   11328   14459
    9735   15494   16379   12815     875    4378    7365    1238    2826    5207
   18560   19958   15916    9744   13544   16354   11204    9343    7211   13259
    4411   15176   15152    7010    5177   16986    6417    1196   10572    2233
    5336   17353    8031    1526    4021    1419   10320    5793    9211   12047
    2546   18105   19369    8183    3188   11955    1245   11666   15270   12234
   16340   15920   11793   12907    9657    4884    7214    1194   11783   17286
    3551    9327   11028    8402    3740    2782   11591   19873    4755    1764
   14252   15347    1849   17359   16765    6838    8256    2773   13159   11486
    6533    3363   19833   17380    5608   10992    5248    2772    6017    4539
   13001   16694    1047   14662   11064   13376    9870    5500   18066    1479
    1855   12191   14898    4980    6853   13957    3817    8036    6634   19692
   18668    3870    7374   17439    2249    6740   13696   18222   11317   10888
   15967   10678   15385   12903    2689   12421    9785    3652   19508   16169
   18896   16215    9594   19951   12541    2183   16753    6308   10693   14160
   14856    6367   16230   11197     344    8358   10097    8164    9993   12580
   14804   11761   11819    8951   15212   18426    6066    2939    5668   17469
    9378   17321    3986    2339    5749    9587    4409    6083    3579      65
     810      18   11735   11631   13657   15994    4448    8670    4049   11630
     378    1319    6969   17082   12795    1565   10065   13928    5734   14167
   12602   10604    8094    1223    8556    9949   19652   13829   18889   16888
    9814    5107    5781    5137    6820   13712   10923     760     247    1802
    9553   17350   15066   10508    6789    8870    6008    9522     147   12103
   11490   18803    3908   17755   15670   10901   17372   18140   19201   14061
   15760    5944   10373   19609    2044    1997   11420    9688   14728   15402
    4699    3050    2916    4706    5323    8697   15705    3735   12184   16701
   14225   18512   19481   18350    3067    8701   19023   18569     737    4885
     777    1961   17057   19444    3206   14830    2096    1990    6500   15341
    8453   10454    3699   18094    5984    5366   15022    9308    5756    2102
   10842   12497    7860   18619   11318   12401    2426     985   10987   10431
   14246     337   17596   12138    8815    7478    6631    4473     236    3913
   14345    5270     602    6278   16519   13054   14165   19349    1572   15827
   17646    5883    6458   15976    3378   13795   12228    4618    4935    6680
     878    4266   10471   10494    5661    5956   16839    7558   11846   13843
   10636    2691   17454    2345      23    3805    2584   14711    9058   19854
    4329    6466     348   12058     955   19547    3332    8217   13581   12027
    3461   14467    2707   18820   18464   17281    6432    4831    3361   18437
   19482    5947    7474   15503   14903    7864    5341   10646   14028   17081
    8484    4927    8759    9585   19698   18531    3688   18026    2834   10810
    6700   19026    6446   10044     793    7090   19991    2660    6671   11506
   19209      84    2647    5645   18047   16414   12034     500    9319   10858
    7739    6277   12049    7342   19632    7513   12231    6297   14349    3326
   19237    3540    2852     200   16953   18603    8740    7358    1559    1693
   18111   14558   10087   18776    8663    9792    7423   17817    5688   16067
   19425    4094    1580    4496   17989    6224    6600    5718    7588    6725
   12866   15467   11752     669    6299    4862    3691    7953    1381   11654
   17688   17772   19747   19763   16911    2776    5253   12705    1797   11712
   12036   19012    5480    4292    7446   13415   12834   12490     887    3595
   13783   13661    8469    6268    2911    8772    9767   19803    8867    9070
    5743   16786   13754    6516   17753   11143   17726    6872    8911    4738
    6531    9945    7795    9025   19855    7567    1708   11315    3990   13610
    2849   11325    6331     227    6711   10688   14421    7050    3796   11629
   18759   17763    4357   18112   19816   18962   14811   19329   10777   16843
   13301   14034    6660    3235   13715    5188    5628    4488   19105   13781
    2980   18712   19453   10106   13995    9233    6163   19926   16310    8320
   17624   12445   10372   11489    6921     682    9102    3712    7047    7203
   13844   10057   11688    6859    5880    7080    4794    7748    9907    7405
   13593   14590   18009   14213    5376   10880     438     210   17129    1852
    4110    4402   18589    5425    2540   16086   11577   11052    6741   18957
     241   17101   19391   19708    6471   12313    4412   11141   16357   12222
    3346    1167    5632   14755   12083   14083     892    2253    3345   10520
    4141    8327    5305    8608    9608    7142   15541    5072    7915    9976
   19817    4661    9372    1112   12255    6729   16923   13764    2474    3127
    6670    6223   11518   16157    3872   13460    4391   11827   14913   19788
     488   12515   13422   10838    7322    9377   11475   14800    1031    5824
   13662   11305    2982    2143    7248    9779    7645    4600     882   16513
    5617    9906   14759   18723    8108    5115   13968   12979   13317   17976
    9835   14430   11008   17034   15058    6330   13860   12590    3774   11364
     404   11439   14512    8232   19570    5304   19457   14608    5082   16987
    1126   10686    6139   12204   19659   16558    9183   18698   18770   10626
    9921     767     272    7734     748   14679   13237   11700   17861    7529
   19313    7566   10356   16620   13902    7560   18201    2912    5252    4433
    6397    9361   12000    2186    6956   19593   14821   11402   14897    9331
    9387    2815   18101   10500   16076    2491   17551    2152   10099    5038
   12141    2999    8704   14980   14842    9681    5333   15394    2568   16672
    1830    5444    2728   19319    5909    9024    4514    7621   13668   17634
     270   15362     632   14029   15619   14373    8506    6128   12213    6074
    2508   18832   16726    6474   12371    6973   17338   16976   16882   18900
    8149   13911    6728   15479    3094    8996    6813    9167    4740    3037
    1000    1491   17700   10019   17308    4826   12558   12295    1065    6027
    6710     134    4263    1259   18835   11474   15397    6881     557     365
    8765   14323   14746   13740   17004   11586    6454   12296   14332    1299
    5089   12159   15928    6132   12643    4413   14212   14772   11856   14268
    3917   15825    6001   10202   16028    5348    3029   15188    4489   19196
   10993    1744    2936    7268   12160     410    4294    8903   19174    5388
   13072    6371   13204     835   13763   18173   19680    9381   19429    8530
   12066    7207   12316   10090   15436    6174   10704    3661    7777    3922
   14408    8774   16466   19781    8684   16351    5588    8146   14257   19599
     513    3377   19897   10948   19428   18148    8305    5457    7569   14010
     864   16785   12182   11922   14560   16366    5691   15351    4955    3408
    4011    5001    6925    9794    7376    8639   19103   18530   10955    4868
    1537   19019    5381   11167    4285    4020    3372   14407   16498     625
   19395    6080   12170    9599   11831    7354   11145   18005     311     608
    2104   11411   19893   13304    1765   13580   12499   15866    2636   16426
   19386   12899   18087   15232   17950    1624   18462     994    1141    5019
   13352    3068   16416    7286    9831    1066    1672   11428    4100    8800
   18509   19790    1003   13810    6392    6610   16539    3610   13841   12246
    7176    5613    4133   15406    7184   19394   16637    8617    1995   19183
    2712    3360    1074    8664    1297    3914   17134    4741   13556    4801
    4123   13486    1710   16197    7803   19772    2043   16682   11997    9970
     487    8311   16717   14374   15614    9144   15948    2783   18369    2960
    6318    5776   14619    7247   14090   12725    7097   12109   16389   14717
    3364   14156    7427    5280    5801    9157    1302    2312     121    1921
      30   15427    3098   12307    4634   13753   17664   12923   17290   15953
   16729    2821   19724   18825    8662    7959    5287    9276   18142    7037
    1896     393   12911    1271   14977    1535    6134   17941   16373    3254
    2094     774   17070    8966    4093   17022   16191   10560   15816    9248
     283   11661   11356    4016    3724    6492    9583   11632   18114    5962
   17098    8579    8316   12658    3780    7135   14066   14091   11534   16827
    1567    6566   15292    7276    4034    1328    6920    5232    5965    1160
   17714   14478    8925    2032   19640   11416   16954    7330   17264     730
   10768   18034   16144   12856   13888    4965   18862   18860   10401    3545
   10917   11232    9838   12789    7501   15796    9934   16094   13254   18269
   13379    8330    2303    5278    4295   18956   16719     525   11782   18527
   10797   14892    4474   11369   10301    6038    3060    1375    9700     482
   10543   18709   10147   19005    5464   14223    7013    4291   17636   11404
   12611    9973   12352   18863   17418     561   18070    3867    7633   17232
   17320   13395   15667   11275   10114   17029    2861    2490    8591    9235
    1043   12185   19836   12794    2830    7267    2644   16135    6957    7327
    2028   10830    7936   14588   15453     122    5274   11699    3421   12356
    5786    6928    7489   14153   10889    6535     707    2928    3947   13221
   14463   13246   15749   12877   16722   11294     634   15221    8572    9812
   14614   10257    3463    5773    3230    9177   16675    7745    6469   18092
   14404   12642   15023   12894    4041    1094   13212    9750   19952   18895
    7651    3750    1457   13354    3417   13361   15500   12997   13851   19473
    7105   10138   12437    5587    7703   12192    5190   16912    2694    4282
    4236   19936    7926    5996    4229   17342   15287   17857    9418   17399
   14256   16844   15071   16168    1966   19020     291   16309    1685    7185
    6845    4681    6293    5777    3734    9425    9432    6435   11733    9287
   13531    5757   14972    2882   17814   15939   19016    5848    9073    9912
   16655    8103    7607   11808   17752   10745   10982    4924    9749   14188
   15067    7398    6508    8726     778    9431   18332    2607   10969    4167
    8956    3841    4570    2405     612    7657    3267    6890   17000   19769
   18536    6309   10643   18391   18422   14305   10772   16846    1507   14651
    3642    7451    4680    3200    4008   10316   14727     866    7403    8720
   10227   14799    4154    1068   12833   12552   10596    7274   10628    8678
    2387   18300   18353    1389     287   13326    2352    2592   11985    8719
    8359    6842    8468    4169   19492   16583    6470     197   12376    6382
   12068     114   16646   11496   11343   10737   13979    2025   19190    1652
   15267    6746    8464   18282    7594   17099   11606   17477     716    6229
   10638    8166    7344    5307    3043   16488    3580   14259    1944    6655
   12342    1632    2589    6064   13912   10788   13524   13894   13187   12739
    5893   15539     319   17167   18976   14680   11341    9845   10573   16358
   15591    3807     188   16433    7279    7596     951   15680   13143   19321
   14673    1511    1276   19265   10881   10837   15177    7939   19939   18609
    7825   18704   13274     161    5529    7388    2813    1654   10665     481
   19259   14555    6866   12453    2503   18719    4003   17557    9240   14069
    3738   19542   18801    6763    9796    9354   10756   12638    9722    2736
    7699   10022    2981    1475    9833   15844   14217   18307   12152   18077
    6033   19274    5554   12946    2191    8582    8039    5676   19830    4715
   13066   14586   15440   13451    9882    6157    8880    4313   12059    4475
    2296    2246     696    6623   19749   11754   11435   10634    5791    2605
   14077   13721   17378    8761    1709   12478    3164   19884   14113   19253
    4495   14676   10754   14894      94    9563   13634     196    3218    5105
   16584    2855   13261   16880   18382    7730    2113   17771   13252    2832
    6683   14418   13114   10275   14978    9629     316    5126   10134   15887
    8502   14098    5437    5345   14511    5005   11456   16613    4053    9458
   16242   16502   16677    9026    8434    2535   10391   15122   17699   17525
   17600   14203    6642    6937   15349    8600    1280    1024    6487   16781
   17733   13990    3857    4410    8362   15411   17546   13300    4007   11533
   14415    5745    7428    5142    2326    4707    1937    1069   10337    9876
   11508     443   13129    2755   13999   11007   12880   16142   19006     154
   15546   13033   12736    5309   16056    5812   12150   18836   18260   14398
    1425   16078    7654   16847   12991    3036    7000    8914    3702    8802
    4816   10612    5293    7452   14564    5118   14603    2946    4097    5206
    3414    4607    2571    3778   18894    4667    3070    3536    6821    2022
   10574    3008   16522   16065    3379   15759    2900   17889    2238   19102
   14954   14827    3276    9858    1627    9948    9256     755   10191   11901
   17226   19976    4388   11226   14284   17288   13411    4848    6354    8134
   11628   17377    4596   13775    4693    7773   13865   16495    1240     498
   11732    7828   13505    6217   14134    5404   17762   14837   18413   17935
    2500   16718   15361    5163   18979    3586    5162   18937   12897   16680
    5015   18073    2828    5218   13607   15012    7468   10857    4762   19143
   19878     478   12244   18327   10672   18852     871   12317   10957    4327
   15462    9843     931   19085    8612    9971    1166   13298    2239   12852
   14932    1666   15694     571   18128   11229    6917    2611    2940    4439
   12689   16744   11124    1118    5132   10525   13862    7761   18423    4997
    3020    1956   18420    6259    5445   13126   14904   18245     651   18592
   12032   16378   16450    5047   19809    8597   18232   12274   13331    1923
   18249   12614   19964   19629    8710   19160    2332   11099    3772   18439
    3614   19693   18990   15195    7846   17491   11906    1951     923     791
    2460   14378   17147    1085   11725   11478   14241    9797   19040   14814
     589   17640    3232   17107   10347   10467   14075     695   16241    1365
   15558   17873     999   13949   12531    9342    6265    1250   18064   18349
   15983    9265    4547    6084   18388    7851    8883   14724   12292   15907
    7223   17111   15578   11532   18018    7655    4906    9991    3491   14567
    3432    5295    1994   18941    6704   16803   13080    4371    9710    9365
    7227   14296    9120    9492    3995   11764     436   13343    8855     562
    7925   18167   16066    5706   14815    4531   13885   10624    1510    2153
    7126   15375    4798    1641    2795    3347    6584   12606   13431    5191
    1741   17547   13932   15965   12496    1355   13462   15258   19857    2669
     489    5804    8828     313    2274    1587    4225    2061    6323   18397
   16423    8258    5236   19713    4905   13951    4566    7266   11263    8771
    3590   15709    6878   16093    8957    6385   18049    7668    2864    8666
   13925   15322    1307   18195   14477   18549    6188    5261   16116   13094
   12868   10873   14675   16611     989    5684     332   13339    8917   13416
   16590    1823    8145    2121    3238   19128   15053   19579    9942   19377
    2971    8537   16457   14708      69    4555    6749   10244    2286    3080
   11068    9087    7455   16602    9863    5302    7995    4602   12782   18215
    3024   10782   16865   15378    1320   13383   17379    8066   18837   13772
    6824     264    6023   11249    3948   14357   14820   14015   14940    7749
    6216      19    6247   19535   15099    9206   13057    3945    1671   11686
    3528   12874    4161    8997   15768    7902    4856   17592    6935    4237
    2923    5499    6536    1494    9903    1717    6069    9772   16835   15628
    5584    5589    8390   18680   11816   10895   19043   12111   14245    3678
    8745   13510   13409   14479   12574   14911   12311   17876    1165   10606
    3288   19787    3183    7849   13034    1668    3511    9221   17299    3558
     938    2133      70   17539    3333    6240   14869   14006     636    5143
   11548    6410   16471    4196   14053   10595     799   18377   15461   15424
   14644    9366   19410    8904    2397    3095    9951    3217    8500   12180
   16424    4339     358    6742   12333    8898    6215    3910    9935    7252
   10223   13576    6892    9698    7448    8277    8840   15741    1288    7447
     565   19613   11375   13332   10228    5926    7612    4197   19028    4018
   12450   13302   17765   16673    2263    3384    2693   11946    1579    2301
   18348    7813    4551    1541    1093   16042   13456    3776   19761   19806
     762    7610    2637    3368    6625   14490    3040    4308   17513    4836
     201   11408   18001    8901    8341   14298    4288     552   16681    9042
   18317   18183   17495   17173    5259    8668   18485   16031   19159    9364
   19714    3190   14229   13551    2039    9572   10576   12974   10003   12080
     496    4372   11401   12113   19191   12025   13075   10105   13892    3924
    9731    1301   10722     670    7583    4734   11276   11709    6599    9385
   12405    1856    9301   19113   15333   14782    1298   16857   13711    3117
     168   14529    5641   17096   13722    4028   19422    3769    4124    9524
   13351   13727   15408    8510    7831    2218    6271   17153    6495    3123
    4585    9433    3868    6864   16189   11607   12970   14999   15337    6149
    5215    5184   17170   12737   17062   14105   17659     735   10935   18511
   16261    3451   10831     568    6826   11218    6851    3854     841   16582
   15206     416   14887   19022    3134   15028    2891   10942   14462    9592
     190   12253   19071    4861    4276    1943    5961   16064     915   10426
   10740    8368    2741    6887   11880   13365   15564   11832    6543   18108
   17544   11644   18180    8322   19841    1633    6353   11153   10909   18243
    2806   13594    4393   14279    8053    1205    3955   16438   13370    9513
     981   18389    3266   18643   18434    4500   14637    3681   19889    5767
   15202    1916    4870   18279    3263   19959    4689   19375   14495   17512
    6744    2968   11695   18761   12858   12440    5988    1871    3243   12850
    1222   18303     548   19306   19925    8943   16356   14989     870    1037
   14046      67   18992   10118    4502   18686   19700    1008    8138    2747
   15029   13792   15186    3630    1860   11806   15820    9557   19405   10813
   19047   13478    4907   18431   18854   12351   11777    2466   19796   13567
    9905   14486   17569    9410    8130    7040   15785   12467   18893     588
    8791    9560    9056   15481   13936    9251   13702    8884    2099   19477
   15457     334   13955    6668   14390   12601   16899   11576   16314    8214
     551    7186   12056   10594    2172   16925   18025   12841    3759   18690
   13546    7178    6129   14200     624    6016   10719   17243   16592    6287
   19155     370    2379    6885   14542   19984   18071   17412    5999   16926
   16531   10540    7628   12529     784    8030    9984   11292   10960   11958
   17603    6269   18345   16270    5379   17176    1508   17220    8598    6401
   16470    8520   16181    3104   16226    7461   14095    7133   12193   13966
    8083   10185     260   14097    3137   19780   13088    4459    2569   11140
    2452    5011    7718   12605    4373   19310   19312    2502   10415    6065
   16845   13026    3638   19578   12672   14391    9353   11098   11332    1474
    5865    7688   11019   18921   13605   10941    4446    8708    3626    7064
    4217   18757     268   15142   11561    4499   17162   11466   15655   19176
    9619    3711    2127   10644    1377   13218    9730    8463   11745   17891
   13664    8727   13649    9728    7021    2029   18478   13884    1180   18947
   16236   12783    1323   10733   16777    5540     301   12139   14428    9940
    5064    7698    2974   17995    6751   15917    2518   10879    8773   11562
    6305    6669    1743   18830    1584    2227   10516      63    5573   13569
    3582    3343   19057    3110    8978    1749    3931   17774   16134   11006
     245    5493   10443   13154    5905    9717    2533   16660     775   18888
    7167    3287     129   18918   17890    3622    9135     480    4162    7387
    9015    7148   14674    8162    2789    4215    4652    4303   12416    8266
    8521   18411   15490    5766   16776   14579    7575    8381    3306   19414
     555   17521   13434    2264   19810   14155   16010   11833    1952   14906
    2807   14758   17020    6408    3479   11849   13476    4920   16967     796
    2842    9150   20003   10236     392   10141    9264   14367   17798   19239
    8876     170   18558   15786    5681   12324    4538    8846    5357   16873
    5605    9005   12871   10864    3371   11363   14734   18053   19924    5624
   13132    3327   12640   16332   12355   10526   11079   10245   17906     298
    4953     903    5027    6688   11427   15573   15384   15616    3318   10910
    8578    7999    8927    8683    3404   15259    2496   15076    1647    9957
   13732    8050    2243   13786    7367   11977    3997    9643   14669   16377
      35   12670    8754   12023     150    1900    3602    1380   15215    4752
   11324   17142   18176   11731   18453   14286   12284   18823   19949    7432
   16143    2932    8465    7769    2549    5343   14146    5857   10423   12934
     425    7075    8623    2416   14848   17466   10950   11531    7144   14307
   13205   14928     599   18855     222   15774    3146   19994   18169   13935
   18153   15666   14072   13770     388   11868   18537   17313    1780    1897
    7077   12310    9462    8355    1203    4397    5960   14501    8095   10479
   13866    2865    2838   16085   13374   17630   16125   12900     445   16930
   17933    8479    4153    3739   16299   19126   14302    1659    1455    2435
   12948   11267   12277      68    2964   12538    8354    8335   10833   15531
    5189   17078   10708   11389   17562    1838    3204   12422    3790   19735
   16580    6692   17816   16362    5978   13785   16368    7774    3919    6675
    8936    8096   16563    3754   17971   16715   19299   19764    3256   14528
   16821   10870   19710    8732   16442     252   16184   13565    9624   12560
    2041    7530   14721    1525    6904    9531   16644    4443   15458    2368
   12838     120     429    1496    4541   14358    4929    1513    1985   11919
   17834    3406   17538    7924   10174   14756   11290   10585    4220   12226
   14226   13856    8679    4776   13989   12199    8015   11109    5860   10447
    8374   11785    5013    7195      17   13706      28    7634   13976    1364
     137    9201   11641   10170   14774   11502   18817   12323    6626    2059
    2541   12500     806   10874     927    2886     988   12396   11119    8748
    6840   15244    6588   14195    7426   14929   14092    9658    2410   10847
    4746   15526    7273   10124    1619   18872   13306   12683    9125   10439
   10321    6093   19419      92    5586   14315    4085   11452   17387   12086
   14695   17686    4233   17135   14150   11251     909   16552   19316    6852
     220   17872    5843    6898    2400   16782    7308     946   14587    2922
   14515    7562    8665   11769   12695   15279   19270     577    5286    3420
   15713    5576    4216    4761   18292   11947    2748   10083    8350    7914
    3687   10493   14128    1327   15620   14208     904    3468   15957   10266
    9738   18339   17767    3535   18414     105   12881   11334   17188    1373
   12526   17505   12842   15162    9393   10615   19036    7666    4829    3646
     269   13193   16820   10222   13280   10168    2618    7837    3973    9968
   19030    4382    9164    3102   18436   14051    4603   14535   10490    6252
   18268    6485   10319   15559    4806   17386    4638   12692    6276   15668
   17824    7026    6603    7216    6798   12024    6638   17750    3405   14403
   16945    1236   17791    7377    4251    9473    6537   10623    4573    7894
    4655   18359   13933   16832   16061   19813    9136    6227   17161   18557
    5976   15051    7683   18978   18500     668   18839   11288    3498   19029
    9548   12197    5461   13065    3234    2934    8272   14205   17893   14617
   15373   15455    9018    5921    9464    8430   11454    1893   14076   15077
   14795     586    1664    4095    2310    8385   15859   19927    3129    6865
   10767   18655   14792    6424    9096   17840    5950     640   10717   13756
    8211    1354    4894    7409   11897    6983   19079   16499    2420   14169
   10669   17124    8534     162    2258    6738   17369   15675   15211    5614
    6488    5110    7067   14178    2763    6212   14112   15689   16113   11103
     351   13880   15495    6340    2086   15101    8209   14044    9193   10481
    2206    2662    8037    7661    6095    5728    7722    3039    4763   16166
   10705   13230    6242    8017    8380    5010    9637   11888   15364   10744
   10780    9041   11967   19380   19407    8262    3219    3470    6274   14033
   16305   17677   15399     164   18097   15043    1497   12886    9412   10506
   13541   15092    8746    4615    9190    4420   17287    1600   17947   11034
   19376    4546   14039     604   10742   12097    4035   19389    1935   19059
    7883   10823    9648    9188   10404   15867    6373    5473   19989    6759
    8703     773   19488    7966   16497    6724    5648    8186   12196   19831
    8102   16725    2075   15901   15830   15305   13644    5830   13003   15701
    7891    8196    6402   17779   15260   16695    6178    2198   17197    8160
    9010    8252   18116   10126    5349   15450    8928    9771    2638   15045
   10392   17756    9022   15979    3426    3967     890    6735     815   18780
     369   13674   17937    4055    7757    7759    6013    5220    3604    5145
    3294   10441   18322   19537    3056    4314    1588   13612     515   19256
    3403     924   17571    2879   15849   18809    3830   15496    3081    5106
   10129    4230   17071    2137   17360    8797   10911    9328   16285    9842
   16449    1977   13037    7263    3173    2445    2837   14009   17050    4663
   12378   16465    8613   18842    7372   18161   13854    8424   19699    4052
   13540   19257   10367    7363     363    6542   10637    4682   16176   11787
   13398    1108    9092   10739   17335    2631    8529   14916    9714   14585
    9369    7873    1604   14660    4376   11102    7053    7062   18754   17864
   15432   13719      27   11406    6452    9872    2071     541   16476   11410
   13363    6316   19275   15491   18295   11101    5871   10417   18713    2419
   11192   11943    7750    3280     292   11796    8207    2896    2354   17044
    7228   19711    2955   15234   14371    1171   14640    2378   18239    7536
   19566    3608   11973   19843   17486   16601   12509   14968   11426   13867
    6182   19360    9542   12060   13481    5977    7475    8769    8304   14047
   19406    2814   11575    2098   13877   13062   14817     356    9174   19744
    7289   15601     217   18457   18977    5095    8549    4837    6164   19552
    9673   17719    9419   19295   17235   11393   12133   19904   17389    8436
    3845    3794   13463   12679   18850   17744   10685     945    9100   13102
   15096     769    1918   12818    7815   10026   11040    5251   11125    2154
    9214   16102    9317   12487    6108    3177   13530     325   11354   16805
   13619   17144    8606   10939    5746   17478    7648     103    6633   12869
    8671    4299    9853   10795    7954    2803    6096    9784   11588    6062
   10128    2497   17506   17137    7818   18386   18132    8064    4516   15444
   13916   17364   14858   18075    7019    7943   13310   14783     680     615
    4426    2240    9954    1853   17194    8687    8620   10802     876   19827
   16057   19932   13629   11684   17344   18991    3236   17760   14974   18236
    4269     853   12571    7929    7217    5524    4370   12124    8698   12334
     641    4764   15511    6608      44     808    8717   18769   14103   19448
    4469   11589   15991    5449   19008    6905   10552   15828   15862    5794
   17761    2088    1800   13042    9837    7431   12286    4416   13257    3295
    4757   11484     893    6698   13267   15420    5367   11625    2394    2918
   14995    7270   16337   10684   10841   18068   16225    5284   16633   17745
    8423    6752   13526    3209    1763    6221    7212   18955    7608    8016
   13180   20006    4012    8412    9521   13596    5417   14001    1656     113
   19308    2970   14536    2847    5111   10764     331    4058    5451    7880
   19163    1536   12012    6616    6155    9225   12718    3184   10387    6963
    1384   10160   14202   16202   14120   14569    3272    2365   16635   18122
   11156    2679   10355   14548    2375    1056    1621    6994   14432    9601
    9894    5650   13675    2595    8061    1411   13442   11082   15388    9803
    9740   18419    7357   19262   13312   12981   15544    6514    4113    7650
     914    9631    4838    5149    1331    2988     446   20005   13240   13197
   11655    9038   18737   11713     772    2401   13011    5068    3613   11903
   11668    8270   11844   17451   11758    7512    5842    4527   13424    7134
   18186    3606   17186   19087    9392    1959    9408    7158    4023    8513
    2664   17294      58   11730   10751   19271   17110   17049   19245      51
   17528    5924    3410   19431   11742   15637   10645   11687    8628    1349
    9915   18585   12562   12179   17037    7125   10047   15801   16413   14950
    8043   10886    9668   17703   19109   10293    2898   17367    9641    5178
    9346    1316    6647   18029   12733    8602   13875   19549    2000    4296
   15205   12735   17605    5655   19197    2248    4800   17256    4487    2349
    6343   14767    2215   10051    3683   10386   14971   17496   13714    8574
    6412    3971   17722    3773   11129   12618   17863   12945   13778    5754
    6456   12297   18824    1983    2751    4617    3968    4647     867    4430
   17018    4543    9994    3240    3355   18682    4664     383    9161    7190
    6364    6236   10299    7878     742    4351     364   17991    3784   18346
   13562   10677   14810    5399    6283    6730    2270   14442    9186   15671
   14981   10424   15975    8421    2711   10535    8123    6230     998   15218
   17679    4462   17091    4304    2014    1483   12839    1554   11835   18227
    9588   16127   10037   15735   19186   13090   17181    8949     676    7859
    1351   13145   19645      15   18663   11928   18608   14522    2785   11299
    1725    4917    2870   10530   11423     447   12319   16108   14481    1303
   10028    8248    3275   11031    3153    1395   13767   10682   18736   16302
    2023    9564    7259   13404   17930   13665    3903   19748    8226   14505
   19278   15944    9261   18033    6339    4672   13466    9430     414    5639
    6970    9777   16609    9713   13174    7687    9478   13214   19223    5502
   15744   10809    3974    4189    1553   16136    8585   18639    3732    2430
     795    6133   15032   18671    4361   10728   14506   13940    7065    1542
    2516   18471    2091   12115   16940   11252   13485   18702    9168    4863
   15800    2100    2560   18648    5771    3660   14533     522   17211   16788
    8240    9330   19187    4876     828    1243    7983    6222   17259   14260
   19513   14777     613   10919   19094    1084   19243    9871   11065     902
   11551    2883    9496   12962   13588    7853    5583    5054   13160   11543
   14650    7863   14406   14975    1346    8766    8862   19258    5972   15054
    1499   14568   10524   18811    2646    1505   16512   18507   16174   13680
    8062     342   14214   15485      82    1258    7066    7083    9861    5053
    1713   12720    1574    4164    9083   16855    8220    8517   18017     913
    5687   18821    5644    2182    3810    3259    1964   18969   17437   10252
   17476   19206    6595     493    1942   15302    6929   18768   15707    5063
   14805   19003   12167    7413    5377   12827    3802     221   12479    7338
    5945   12704   19782    1845    5193   13265    7161    5541    3617    6732
    8238    1646   12771     814   15980   17818   15313    2705    3829   14440
    3215   13723   10978   13421    5951    9693    9918   10943    4724    1335
    5940    1868   19426   10791    4038   12473    5985   11953    6607     768
    7275    6521   10235    4465   11379    3437   19045    6179    1156    1816
    1782    8319    5895    5565   15543    9196   12069   16182    5557   18656
   11173   16626   16937   18846    2674    7797    3031    8875   17587    5618
    9258    4476   16657   19465   14281   12563    9323    9169   18614    6739
    4895    6775     722   14325    1519   12492   19916   18440    2317   17564
    5034    1696    3964   12952   12603    1147    3727    6618    8655   17404
   17039   12293    8492    6705     155   10310   13707     143    4223   15881
   17480    7458    9411    7515    5651    8709    3317    2724   18588   14600
    8367   17870   13158    8072   13502    1963    1962   11053    3546     996
     947    3140   11022   17011    2456    8438    5048    4739    9439   14581
   13076   18864    7715   19479   14216    9205   18424   16352   16206    1813
   17452   10913    8198   16403   12825     741    2335     581   14710    8650
   17865   15306    5104   15665    9176    8829    3878   15255   19166   13128
    1636     499    7772   10778   15369   14344   14363    3085   18470   11188
     564   18721   17723   19345   13468   16545    1489    6602    7240    2234
   10538    4116   16593    4065   14096    8379   15360    1237   14852   15658
   10217   10400     176   17471    6561    4127   10081    1359    5897   16490
    3957     842   11920    2839    3770   12613    6967   17573   19165    2421
   10197   19121   16410    3798   13974    7362    2556   19100   13099     593
    2501    3025    9236   12266    3297   19212    6440    8208    3053    4735
   18598    3449   15226    1020    8702   15134   10370    3071   17325    7623
   11648    9246   15773    9654   12449   18885     925   14181    8783    8287
   11621   16023    9561    7422   18192    4232    4558    7982    9098   14702
   17487    9671   12883   14016   19945    7015     118   17878    8718      75
    2168    3100   12587    7033   10445    3517   17729   14741    1409    4673
    5186    2431   19808   16787   14514     386   18486   17591    7527   16676
   14206   14726    6931   16406   19888   19354   14745    9363    7251    5492
    3933   15518   12389    8614   11694    5569   13364    2208    2358    4696
   18869   19752    6553   11982    6109    6186    9230   16274    4887   11187
   19584   17357   16690     528   15972   10131   15172    1965   12161    4205
   17045    1428   16868   18792    1019   12077    9228    3797   12392   18971
   15848     422   13369    1933   13761    7022   19561   10977    1434   19524
   15075   19577   17145   15802   18225   13008    7002   14366   10749    5157
    2347    8831    3486    3106   13386    6719   14500    7965   12854   17882
    7306    1642    3567    5321   15777    2892   18734   12816    5545   15733
   10835   19238    3121   16043   13229   15350    4279   17527   14189    6177
    4537      25     667   19848    3725     708     595    1814    5117   16791
   15257    8570    3314   15845    2493   10578   18679   17617    9182   11853
     701    5543   16768    9114   10489    9983    9841    5429    8699    9865
    2786   17203    6886   12039   16238   14280   10311    7136   17024   11176
    9368    2092   12395   19138   15178   12377   18000   14405    8260    4637
    5393   19635     995   16367   14699    5182    3653    1151   19575   12477
    8633    8122   11237   15776    1630    1550    4099   13913   11030    8006
    2448   13417   14886    8213   19702    7507     675   18532    1336   14905
   13891    6800   17666    9699    7887    3939   10931   17097   13698   13418
   19214   18781    9179   14451   17414    6357     664    2110    8775    5406
   17858   10761   13438   17532   15484    4756   14427   14417   15922   15766
    3115    2995    7465    1317   15738   16425   13010    1854   18717    4506
    7945   13822    9878    6619   10486   14951   11013   11468    6534   19225
   11884   13289   11182   16160    7486    5652   12514    9636    8470   19860
   13758    7680    8221   10934    6699   16460    7319    8873     152   10184
   11987   15340   12544   13532    2720    3925   10962    3554    5904    5269
    7540   15840     483   13281    5683    9566    2717   12915    5487    6159
   18566   14067   13135    2158   15018   11917   10804    1035    8629   13583
    7627   11984    6944    8203   19496   17252    2624   13305    2391    5085
    2370   18645   19703    2341   12046    6850    8101    3902   13496    5874
    2726   17159    1736   14523    3052    6519   12829   17631    9996    5670
   18744    8561     413    4395     811    4300    7547   18059   19725    1278
    5090    1891    9795   11091   11968   17266    2894   17307    6351   12306
   13602    1759   19812   18207   18999    8009    4869    9137    5113    3228
    6434    7345    8229   13558   12769     653   18393    7502   17411   19327
   17248   15027   16631   12676    6848   10104    5003   13791     786    4341
    1388   17085    1857    7353   12084   10336   14394   14794   16528   18635
   18364   18126   11413   14007    9449   13815    4900    1399   18578   16572
    2412    5709   13368   17809   18939   13029    8615   12331   14582   16669
    9527    2797    6737    3809    5471    2289    3648   12137    9284    1751
   19388    5888   17141   16515   10349   18305    2434   13507   11049    9131
   16762     234   13009   10183   16548    2135    3471    9825    8188    9669
   15647    6347    7230    6783    3105    9084   13023    5096    5422    6550
   17104    9911    8680   13765   12229   15007    5330   14396    1397   13509
    4633   15278   17907   17196    5623    3542   12793    5517   18797   11075
   11760   11571    9540    6665   12532   13926   14063   11501     238   12386
   11685   14411   10399   11458   17754   16070   16493   16866   17690   17430
    6116    8514    6390    2118   14238    9352    2271   16365   18448    7690
   19868   13520    4241    5021   17597   13766   16770    6086    9139   11872
    4847   10583    4550    2998    6803   10734   11199    1558    1955   10306
    6231   16190    5622   15266    3779   18050   19881     163   16005   14872
    2038   13922   11186   18981    5114    2521    3059    3984    6743     704
    3481   15593   16504    8070   13394   18502     382   11601   10829   10586
   18802    9545    8084   19762   16441    1697    7964    6556    6673   16408
   19726   15803    4493   11998   10997   14785   12085   16283    5769    8283
    1296    8688    8676    4239    2449   14757   18125    6120   16025   13682
   16764    7903   15323    5811    9932    2954    7733   19089    4307    9454
     794   13202    7858   18600    2623   14002   17853    6799    8853   18611
    5997    3233    9877    6051   15864     401   15150    6585    7994   17957
   13677   16995   10972    8296    1895    3849    5460   15886    4102   12826
   12685      53   12232    2938     448    9938    2670   12154   18203   11657
    4804   16632   18548   19248    5840    7940    7521   10136   10171    1680
   17158   14737   15540   13407   19778    8952    3694    4821   17885    9960
   12609    2277   12926    1903    7635    8193    1091   19189    4054   15460
   19211    9344   10413   15097   15198    4406    7378    7961    5022   14423
   11701   11784   10470   13650    4418    8953   10784    4599    8882    1034
   12065   17136   12954    4172    9640    3393   18335   18642   17871   11965
    4726   17352    2157    2192   16730   10095   17637    6106    6774   16173
     440   18204   17643    5238    4059   18320    9602    4338   14738    5439
    7766    9880    2738    6253    8012   17131    5866    2293    3154    4971
    5008    1991     385    5040   10323    5600     240     262   15325      13
   19720   14966   13585   13586   11908    7913    8346   11077    4188     746
    4613   12932   19814    7164    8121   10234    3026   18626    4518   10143
    5519    2308    1755   14119    4140   19227   12237   14048    5154   14733
   12258    5530   13528     860    6162     948   17953   13917    5862    9002
    3187    7663     441     943    6359   14824   14491    8387   13059   13171
   10914    4484    2791   12045   14494    6569    5225   16985    4893   17302
    3596   15109     136   16858   16908    4389   16496   11610   11583   10590
   15454   16527   18145    4608    4670   12656    6796    6079    1129    8625
     403   14934   12186    5067     633     964   13734   11326    1806    3847
    8042   16595   17445   11194   18742   14551   12413    5254    9006    9031
    4033    9263    3703    1658   15064    2859    3293    2371    3397   18032
    1098   13821    5198    7882    8501    9278   18284    3142   12365    5723
    8261   19054    4594   15296    9021   18262    6491    6496    8082   19910
   10079   16118   18383    8767   15157    6411    3021    6190   11790   10366
   14672    9303   15851   16040   13870   16824    7293   16757    1611   14464
   10743   18681   19322   15561    1548    8493   13571   17289    3004   19065
    2585    9573   11707   19882    9620     617   11956    2800   14779   19385
   13163     574    1294     544    2381    1032   16001   19084    6663   17464
   15504   12629   19568    9866     868   16863    4772    9035      29   13140
   11261    9751    2199   15841   19649    5837   11225    1406    2106    4352
    9544   19789    5638    5714    2527    6525    4466    8116   17092   18571
   18597     822   15609   13820   11211   18732    7861   16437    4250   17499
   12428     652    6089    5099   11248   12764     355   13811   11913    6530
    2184   15294    2643   11770   17025   13392    2407   17160   14930    7950
    4107   17164   12664   13597    2487    5659   18131     492    2080   14488
   14351    1522   11559     315    1413    5359   13109   13676   17670    9052
    4969    4453    4509   14828   16914   11025   11000   10450    8235    9488
    2551   13286    1192    2935   10652     671    8439   15947   12118    7809
   18271    1286   19402   10650   15951    4119   15837    6176   17837    9335
   10070   18055    1193   10225   12315   11241    1950   10330   14991   18190
   10428   19001      93    4979   12549    3749    4323   15469   10127    4903
    9426   11911    7577   17925    2469    5975    3046   12668    9110   15984
   11148   17523    5799    1616    3952    7390   17245    4779   12089     830
    2752    9297    6869   16597   16098    2323   19674    3466   19801    7910
    1678    2766   15793   12938   15061   17383    4549    4328   16630    2725
    9080    3764   19799   16018    8569    9398    8085    7732   11260    2590
   18415    8874    8180    5707     816   17849    8819    2697   15640    9900
    7457   17747    9121   16977    9975    6577   18521    6442   16806   18653
   10868   18707    3156    3157   14667   16096    7100   19514    2991   14301
    6403    2515    3226   19090   19775   15131   12691   14604    5212   13412
   14963   15439   10588    1177     694    9111   12823   19347   14683   18528
    4050   13316    1687   19953    6258   16322    4451   17780   14659    5147
   10521     916   11190   16020    6036    3352    1622   15977   16651    5036
   19920    2976   16761   13839    8098    3131    9345   11614    9603   18484
    3589   11547    1733    2790    1235     709     910    8250    9937   15121
    3728    6172   19734     550    2704    3048    2146   10664    1325   16463
    8859   14986   12589    6888   16468    9129    2997    7644    7366    4061
   19862   13830   15685   16361    7340   13833   12889    4077    2566   19072
   17398   13982   16246    8945    3074    4658   13401   15894    1728    3714
   15472   13355     757    6288    5753   19334   15843    1383    8416   11503
    5949    4265   18973    7224    3198   15876   15990    1723   12596    2242
     518    7101    5669   18778   11871    3030    3795   15884   18473   15056
    5402   10082    3641    8581   11960    9579    9130     167    1626    9341
    1822   19460   19521    4520   14526    1594   19771    5303   16407   10388
   17400    9659     516    1920    4262    6409   10724     718   13201   13898
    9158    4620   15764   10296   13307   16477   12130   17122    1873    4306
   18640    5168    3160    9684   11121   17440   12095     474   18765   18363
    5736   16099    5484    7221    7781   17356    6126   11391   10990    2682
   17582    6913    1614   18081   19300    4960    4243    4753    6911   11649
    7385   17251   19260   12194     563     569   14615    7928   14122    7023
   19859   11626   19303   18983   10915   19324    6170    3450    5337    1466
   12561   17229   14158   17792    2197    4333    7907    7450    9036   17083
    5770   11051   15228    2283   13967   17800    7807    6377    2141    3000
    5844    2226   11071   12116   11205     560    1795   11798    7641   13718
    1059     187    1234   10787   18628    6902   11737   12134   12205    8242
   18095   17054   13493    5602    5606   13683   16621    6526     721    2315
    1105   12140    3889    3668   11966   16589    5203   14572   13189   17877
   10480   12090    1452    5855   16670    6000    9554    6059   13200    5694
    9810    8575   15814    7341    8411   13964    5516   11039    4825   14719
   12335    5939    4173   15623   19475    4780    8885    9875   19077    2698
    9119    3027   15993    5864   19018   17076    1747   15700     702    4788
   11544   12631    4931    1703     836    1731    1492   14174   11595    2994
    3402    8624   12441   17073    3793   18085    5869    2055   17132   13151
   13927    7712   17208   18494   11118   17789   18438   12723   17812    7262
   10712   10182    5820   11060   12617   13288    4950   14450   17316   17209
    3210   15924     538   14289   14196    8970   18632    1135   12570    4142
   18867   11623    3658   10947   12973    4445   15832   16342    9966    4000
   15799    7805   17676   19370      85    4394    1866    6871    3009   13559
     690   15682   10527    6502    4730   11070   17769   11932    2709     454
   16979    6844    7163    2983   12969    4697   12641   18354    1682    5646
    4791   16871    2517    2235   16216   10229   15599   19074   16870   13590
    8268    4207   19027   15660    7751    8001   15582   16587   13547   13789
    4405    6465      42   13156   14584    8159   19374    8539   19169    8174
    5483    2868   10125    2155   13139    9867   15072   18254    1568   15986
   15903   18041    4129   13808     855   15943    7808   13806    5779   17894
   11283   13015   19506    4298    4742   18367    7656    8557    9783    5542
    1313    5428    2808    6039    6082    9674   10679   15086    9964   16510
   10206    4414     837   17992   10523    2051   11527   10379    5695    3211
   14316    8171   19774   11564   13636    8078   12425    6646   14527    6722
    6419    7477    2204    8118   19017   13609    5075   15811   14723   17717
    8352   16002   14283    9862   16257   12203   19921    7714   13115   12884
   17052   12417    5262   14455    7352    5346    9471    1012   13601   18564
   15233   19296   14049    6984   14454    8351   17914     719   14487    5092
   17622   16684   17674    4211   14230   17026   12845   15297   18333   19230
   14314    2305    8545   12198   13004   14775   15562   15005   11323   12495
   13323    7701   11857    3283   15119   18695   16390   10078    9322    2661
   17233    7116    5959   12063    9160    3313   12837   18121    8531    5890
   14900     831     173    4325   17868   13831   11681     402   19997   19539
     535    1863   17923    5069    2343    3938   19947    1555    6368    7812
    2554   19903   18623   14204   14101   13357   12220    6026   19532    2485
     462   12863   13168   17806    5930   13149    3446    9539    6098    4609
   19623   12163    8413   12136   11813    1940   16980   10558    4940   19670
    5733    3334    1152   17146    8930   18253    6384    5316    7735   19935
    9286    9434   17526   16128    2854   15414    4525   17968    6779   17043
    2915    3490    3612   18933    7280    4417   10120    7213    7930    2366
    4833   12345    5256    8128   15639   15171    3353    2929    4532   19455
   15530    4039   16286    3356     339    2439   15821    3487   16227    9324
    5762    5294   12125   12621   17813    9651     679   10549   19279   11839
   19922   10862    9079   15501   16478     359    7466   17301    7716    2068
    2876   10264     618    5419   13584    6580   18731   19510    3667    1801
    6104   16898   16311   15137   12758    4198   10396    1773   16153    5911
   11083   15557   19654   15519    5803   16231   14003    9133    7020    5427
    3309   14295    3946    6825    1473    7242    4348   15579   16073   14436
   14422   15779   13238    4290    2759   17041   14682   13085    5748   12106
   12156   11974   12218   12582    1690   15132    5481    3192    7257   12703
    6573    8347    5775   16575   18027    7671   10738    7922   10965     885
    4575   11476    4808     387    8868   14350    3826   19969    2914    4705
   10389   15507    9269    2721    8199   19835   14965   15269   10411    3003
    1123    4226   19067   12146   12162   12217    8478   18310   14352   11238
   18526   15430   10529   16109    4194    3409   14328   17531    5634   14043
      96   14228   16196    8906   17198    8370    7814    6477    7760     932
    4737   19287    4080   12452    9292   13068   12427   16573   15000    3139
    7888    4427    1885    4992   13470   10398   17201   11526    2380    4158
   16546   13849   16952    9860   13266   13272   11530   17778    4135    8886
    7076    2392   14087     812     165   15409      66    3264   13258   15726
    7531    2492    3083    5281   12285   18181   13533   12420    1948   13994
    5720   14524      31    3733     834    6687    9074   12893   15988    7691
    5340   10020    9089   17192   12785    4117   12528    6559   19741    5051
   12860    1660   19015   12245     992   14164    8528    4846   11289   13616
    2818     504   10246   13709   17985   15787    2196    1890   17310    2179
    9435    3827   15230   17735    3339    3163    8325    5383   17428    6352
   10985    3547    9889   19344   17105   19901     491    1120   15946   10808
    8711    9194   11522   17128    3569   16266    9315   10239    4916   11859
     643    2816   19314    6383   10821   12239    6773   12749   12577   17549
    8638   18452    3516    9337    3488   18795   16055    2949   15836   19156
   14694    4115    2734    7153    4076    1571   19004    5539    4748   19580
   13056   16187   11405    8450    2956    5710   16219    1563   18505   16411
    3457    7542   17938   16383    9128    7675    6146   18402    5829   19849
   17175   10511   18788   15074   13809    6520    8934    9511   17267   14700
   19095   12075     849    6555   14915   18219   12950    3982   19954    8471
    5301   15583    8515   16483   10892    2114    3075     689    2963    8751
   14812   15352    9593   12054    5741    3443     621   10289   11651    2671
   14106   11453   12406   15971   19911    9525   18524    3503    8457   14031
    5923    7009    2836   11881    8141   15613   11765    3374   11834   14621
    5715    5735   13944   18061    6891   10085    2295    1248    9598     199
   13663   16430   11018   14356    1070    6695    6333    5161   11074    5722
   11617   15404    6453    7027   12471   16964   15011   19127    3178   19083
    8386   18274   10769   12547   14697   17978   13207   14613    2342   15936
   18545   14266     877   16303    7986   12409   19080   17089   15728   17460
    3112    8165    6203   19886   10254   18446   10436    3324   16934    7219
   15194   19545    1268   11736   17100   17484    2548    2641   11301   11110
    6193   13667   15712   13568   15535   14832    8498     202    6205   19263
   10056    1679    7380    5237   17199     752    5371   11380   10232   18772
   12263    8725   17701   10193    4091    4472    4436    1534    7597    9621
   10850    8734    5826   15328   15781    4156    1306    5870    7173   19555
   19493   10597   17594   16204    2860    8836    7545    3058   19885   13805
    2604     820   19081    4264    1042    8267    3141   12525   17975   19436
   16507     304   12885    4879    1224    2648    7250   12041   11580   12953
   19250   18267   18247    8823   13113    2287   10021   17055    3671    4190
   16319   18730   19474   10374   19119   12768   10476    1504   14854   18965
   10285   11563   19129    2231    5838    7287   11003   15403    4967   10845
    2683   12326   15242   16481   13249    9310   12101   13031   18637   15486
    3072    9149   14862   18925   18205    5443   15852   17653    9504    8758
   15653    3673    4105    8908   18213   10639   15897    6812   19338    9818
    7684    1884    2893   17306    4840   15429    8448     751    9192    1018
    1396    4204   11837   11634   11854    3328   15629   17297    1945   19509
   17952     935    7255    1695    7509   14425    2621   12696   15856    8635
   10875      87   14880    1663   19543   12593   15238    5856   12429   16606
    3875   18974   19941   14080   19487   19784   16754    8377   10023   12300
   19967   13739   14384   18039   18048   17315   12359    6788    9586   17282
   16024   13508     256   17838    7108   17977   16739   19400    3976   16530
    5547    6770   17831   18750   15607    2542   11230    9175    4122    8857
   18480     512    5765   12662   15111   18726   17578    9737   12935    7967
   15611   19642     840    4948   13472   10515    9530   16650    4560    3996
   12128   14402   18266     966    2174    7057    7747    5200    8157   17331
   14656    2507   15692    7464    4981   16961    1570     906   15746    2406
    2574    8289   15293   16017   13087    7281   11658   19288    5913   19292
   18834   13910    7017    5046   18398    8259   18208   16082    1561   13458
    3185   12503     845   18964   11656    7938   12252    6306   17334     138
    7313   11243   12727    8357    8634   11807    6245   18277   15253   17431
   14921    5468    8445    7574    9765    2673   13488    8736   15610   18773
   12777    1253   17910   13769   18604    5747    8893   19234    5846   10240
     656    9820   18745    7724    4274    8981    9065   16627   14111   15626
    1730   12414   11746   17970      43   10752   12832    7606     290   10687
    1287    2857    3942    6677    6636   15413   10814    1038   13638   17074
   10279   10117   10060   15913   12004    5585    5412   15516    4249   15353
    4176    2506    1669   14045   19382   11291    9691   15082    2318     843
    2355   13673   13874   10110    2504   14761    5882   13647    6854   19247
    6386    9893    8147    3199     514    7408   13635    4450    9571    8793
   10339    9153   16881   19218   17615   10989    5503    9138    6349    6154
   13906    1291   11265    9391   15241   19342   16686     553    7225    3972
   10091    7202    9501   12844   18074    4423   13208   19383   15818    2559
   18510   14116    5084   16069    1681   19264   13262   11207    4144   15676
   12474    2476   16897    9782    4708   18606   12281   12920   17880     973
    7407    5192   18703      39   19845   17216   10861    9568    2042    8309
    9302    8075   15912   14198   12824    5858   12107    4632    9215    2887
    7132   11384    4369   11734    8107    7625   10714   19007    5365   11009
     171   13958    5424    6464    5098    7581   14011   17305   10164   12327
   11904   14251    4287   12585    7218   16796   15644   18088    2544   10757
    4703   13603     520    1371   12987   16148    8706    6933   10029   18688
    6388   16402    6054   10840    7258   19842   13608   16167   15646   10148
    3892   18020   11113   15197   17051   15159   14941    2626    5892   19502
   18228   15854   15112   13390    3510     688    6436    8944   19466   14840
     687   14583    5673     314   10611   16456    5103    7582   13600    7948
      89    9597   19075   15272    6761    5725   14926   11242    2465   12033
    8811    9941   10796   15331    3495   19372   13642    5433   12859   11063
    6609    5621   19082    4267    8621    1551    9307   15575   11549    7411
    9578   12792    4578     228   19757    3531   15329    1661    3788   13219
   15447   16955   18791    5152   11337   15464   16275   17448      88   18677
   18570    2013   12802   15063    4078    7571   11540    5116    4770     175
   10816   18629   13396    9373   13618     503    1653   15817    3335    6927
    9231    5250    4987   14773    8384     610   13881   12579   11820   14816
    7092   17461   19061    8988   19241   19490   14335    8074   15120   19544
    5963   13192   18980   14942    3894   10710   18459    9407   16665   15243
    3092   10483   12919   15284     533    8422   19550   18336   12008   12243
    2107    4941   10951    7549   13660    7433   17423   10610    1121    5032
   11954    7947   14687    4337    2390   15885    6767   18563      71    3927
    7665   11432    6959    8667    4381    3560   10274   10898     381    6764
    2602   12536   19605    2385   14882   11939    7193    1811    5074   18909
   17524    6372   19961   11170    3907   17241   15636      59     366    9551
    1530    8475   11877    1902    5957    7844   12430    6870   19979    2414
   18725   11312   13138    9839   10384    6207    9791    6974   12600   16141
    3265    7209   11604    7060    9209     432    4574   15304    6867    5071
    9105    6189   17940   19937   13371   19877   14693   16654    3755    9212
   16081   13349    5043    7552   17068   14419    9729   16420    8127   10335
   15473   16909   11989    8408     743    2108    9914   10412    8135   11303
   16397    1880    2259   17973   15216    7055    1293    6509     703   10345
   12242    1914   16103     464    2148    9199      16   17006     662   16486
   15140   16140   10123    1342     293   13746    2388   11774    4030    8700
    4510    5033    9927    7952    1444   17875   19404     597    7102    5255
    6863    7934    5320    9590     278    3394   16429   15088    5969    8777
   10670    5934     395   19821   16380   18779   11020      12    3530   14849
    9667    9204    1315     889    6011   15283    5141   13484   10369    5058
    4771   16171    2609   13771   14923   14395    8435   18403   14646    7695
    9101    1583    7789   13073   15719   10680   10735   17683    2645   11216
    3650   17467    7881    5679   15161   15625    6292   17655   11224   17291
     783    2840    3715   12648     468   19158   15008    5004    9442    7177
    7613    4523   15320   18304   15587    8915    4624    2652    9060   17409
    7579   12853    9625    2020     991    8770   15556   15833   16929    3684
   18319   19199   17577    9800    9447   19050   12627   16152    5574    9043
    5374   17693   13539   17696    5927   14544   16316   18216   10231   11660
   10548   11843    6197   11387    7337   12807    8933   11321    6877   13338
     345    6444   12714   13552    6810   14026    5881   19974    4365    4988
   14303    6302    3271   13572    9032   11445   12553    8222   14056     463
   16139   18746    5491    4209    7307   17841   16956   15721   12173   10260
   14789   10495   17974   11372   19359    9541    1968   14249    3850   13432
   15311   13498   19269    9185   17047   14218    6366   11001    9304   16773
   12299   14731    6198    7119   12224    5312   18444    2692   11154   17493
    7723   12438   11772    8401    4145    2395   11664   11851    1521   10980
   11980   19913    5317    2002   18758   19031   14221   16745   14424   10216
    6831    5411   12096     309   10177    5180     956   17343   13743    6620
    3423   13041   17415    4432    7096   10142     320    7419    9680   19066
   18147    8896   15225   13742    9020   15002   15985   19557     723    5954
   15017    7867    4068    8912   17743   14736   12366   19673    4828   10567
   16800   18942   18489    8487   18468    5852    1437    2165    2863   15021
   11451   11036    3956    9217    8907     967    2072    8028    1502   19740
   14387   10212   13348    3395    9584     776    6267   13513    8731    3103
   11073    8190   18154    9888   16949    5847    4275    9356   13735    4822
    2627   12788   19469    8079   13100    7906    6450    9487   15525    1815
   11441    8345   18407   13079    4568   15588    8210   11342    8244    5568
    6664   17265   19957    2684    1321   16689   19272   18829   11602    8922
   11981   11158    1146    1040    1628    7622    2464    2255    3201    3390
    2089    4556   11184   10071    2027   10539   17371    7884    2526    7736
   17540    2062    7638    4508    9958   16370    3564   18010   14547   17303
   18490   13019   19746    7254     204    2529    5166   15459   10695    1005
   19660   18594   10054   17332    4642   12504   15210   11177   18877    2537
   14025   17140   11279    1603     132    4429   14385    9055    5914    5993
    7360    9451   10921    6194   10625    4522    5611   14874    2481     628
   15130   10556    2770    6228    5264   13703   17435   19339    5455   13656
   16638    9390   12044    7414   12755    1803   17833    6777   18660   15566
    8153    2058   16628   15010   14059   15499    8897    6387    3091    9223
    8204    6415   14426    3820    1998   16656   13828    7106    3763   17511
    7058    4449    1979   18881    4067    9981   15605    9457      77    9414
   16117   13181     650   10181   18966   14209    2393   13823   14485    6067
   16035    7128    1705    4316    7454    4954    4471    7324    5967    3069
   19285   12918    5522   17405   13176   15615    7535    1239   12057   13283
   18374    5466   19350    8185   19461    7174   11635    8276   10689   10018
   14863    2677   14211     310    8295   11493   17851    6682    2031    8068
    7152    7011    7652    9873    4247   14895   11107   14197   11609    2715
    2557    5415   17311    7676    2825    6938   15158   17204    2200     838
   11719   17682   15354    4921   16479   18417   12654   15006    7590    2053
   11084    5395   14021   15477    4823   16699     405    1932   12384   13256
    1756   15839   12443   16924   19398   18586   17133   11597   11150    1255
    7991   11972    8290    5273     661    6049    4281    7312    7557   19144
   18090   14692   17426   12548    1329    3752   14712   15085   11189   10267
   12817    1128   18476     790    3492    6545   10996    3846    5167   13491
   11672    8787   19527   18211   18233   13385   10072     346   10214   13141
    2311    2320   13708   15938    5667    8005    8809    5109    4641    8689
   11579    9815    9429   19415    1844    6874    6088   11599   16712   13367
   14183    2798   18805   14275   12620    3485   15969   19759    3808    2213
   19572    3180   18630    7912    6621   16235   13184    4875     497    5626
    9581   13962   10075    5953    5680    6389   12645    8437   18753    6605
   13313   17479    6716    4750    2189   10747    3804   14306   13573    6528
   18408    6524   14703   13105    8992   16149    9082   10061    5531    7984
    9333   17121   11780    9811    9924   17155     540   15185     729    1426
   18409    5567    9567   13838     698   14038   15527    2167    4528   19891
   15220     279    3079    2306    9830    7968   13459   10986    2675   11525
     974    8965    7264   12669    5561   19637   18916   19195    1134    5562
   10984   12746    7208   12513    1557    3042    3109   18583   11573    7310
    7895    5796    6100    7692     724   10112   13787    2040   17962    2565
   19484   18371    6335   14714   11886     558    5285    9334   15631   15407
    1191    8822    6334    2962   17442    1930    4463   19470   14689   15478
   13086   16983   12801   19101   14220    3006    4268    2612    5306    8163
    3149   10599   11329   12169    5009   11650    7629   15251   13998    1562
   10703    7624    2482   11861   15449   13946     657    1772   19281    4166
   17808   15822    7522    6462    6976   14504    5717   16095   12195   13620
   15133    9704   14678   13330   17972    8087   15046   15711    9118   17138
   10250   14853   19657   10352    8583   14530    1699   11778   17902    8156
    7580   18405    7300   15911    1289    5928   19517   16891     258    3289
   12961    5867    4147   12982   11340   18155   14176    3708    2163    5566
    2145     124   12235   10261   13595    6085   17339   16194    1407    5401
   12206   17926   10111   13337    4976    5816    5990    7537    9312   18127
   18812   18246   10725   12074    2105    4589    4311    7672    7035    3656
   14017    2136   15617    2442     954      26    3581    5290    4796    9428
    9649   11179    7756    4845   15441   19335    4743    3181   10533   12616
    5987    9266   13433    7145    2063    3438   13832    3014    9401    3400
    6847   12501   11247    7169   19485    2930   17126    7301   11335    1740
    8002    3415    5474   10444    4745    1523    6754    5994    6968    7154
   18605    6523    9761    2986    9003   17067    3130   18944   13203   10381
    4138    7418     616   14709   16158    9417    4691   17238    8343   16400
    4874    3396    5979    4815   17739   19450    4219   19783    1148    4353
   16900    6078    7395    7024   14094    5477    2279   10563    3998    3454
   10843   10964   17983    3888   18361   12712   16999   16802    1941    7976
   16740    2404    9309   13840    8069     979    5845    7434   17912    3758
   16137   11639   19467    1735    8059   16000    9420   11471    9646   16007
   15586    6527   10661    6701   15379   15868   18724   16306   15598   13899
    1799     472    9766    9859    1842   19852    7510    8071   16107    4695
   18264    8398    3768    1623   10313   14521   19396   11096    7937   16816
   16917   15300    9509    4834   19242   13825      11    5289   12741    1440
    3090   12940    1495     417   19220   18352    5171    8673    2596    1752
    8288   19573   11842   18870   11116   14460   13679   14760    9033    3308
     242    3565   12072    9781    3559   16536    5211    8281    2194   15846
   11302    6949    5028    8047   11191   15124    1173    9972   12978   15634
   13915   16395   10383   11055   19986   16224    1403    6102    1771    7592
   19600   19172     434   16447    6579   16774   16784   11514   17678   13889
    3901    9723   10906   19697   16489   11867     859   15696   18210     400
   11721   12112    6503     233   14691    4346    2743   19867    7971   14234
   16201   15900    9048     896    1083   10568   11086    2173   11257   11938
   15838    3999    6337   16501    8239   15664   13319    7726    8091    7099
   17040   14222    5265    3012   13275    7118    2479   15954    2498    1936
     756   19630   15268    7493   18945   16996    7511    3876    3695    1947
   18022    4630     384    6475    3380    2650   15662   18931   19439    7643
   18314   15740   16279   14300     102   19589    3214   17010   12419   19839
   13429    3603   18580    4653    4720    3556   13774   13826   11376   14605
   17109   18884   19254    8088   14513   15412   13454    9546    7817    6971
   10209   11739    6753   19430   13817    4700   18244    4507     411     131
   18447   14359   19498   17318   18002     475     839   12968    1360    5528
    7089   17589    1924   19643   13670   15014    1640   11971    8298     747
   13759      33   19277   11080    4792    7198   12820    9801   12379    2050
   16298   11395    6057    4486   11281    5721    9851    3588   16278    6123
     785    7171    1481   13824    4256    4106    7793    4148    1181   18248
   17317   12038    7043    1435   18163    3224   10894    7123    3175   10283
   12114    3814    9195   17258   18535    7480    8331   19667    1334   11114
    9016    5849   19137    4494    2112   14271    6056    3934   11255    9163
