    2103   18967   18294    2532    1878    2731   14159    4851    3073    8011
   11497   17860    2524    2175   13133   17685    6640   17441   16087   16455
   16106    4814   11136    7183   10032    6375    9254   19923    4255    4911
   12303   16223      46   16905   18546   15417     744    4109   18157    4390
    7931   10706    7129    9992   13477   18882     281   10103    1648    1416
    7528    4202     195   15084   16200    6501    1635   18501   19483   10360
   12498     285    2765    5050   19519   17413   18497   11558    5551    1463
    8563   18529    6484   19988    1137   17424      40    1369    3975   17781
    7329   16610   11300    1394    2117   12444   13699   18786   18547    3367
   16775   17921   14140   12944   19235     603   17503    7689   14369   14339
   16811    1027   19282   14957    8376   15688   19563    6420    2178   11331
    8636    2254     761     526   15182    2608    9320    6284    8236    3862
    3484    4200    8881   14943   11388    4004    2989    8063   11929    4598
   10102    3063   17862    7012   10882   19421   13285     531   10887    4312
   11566   13901     209    9450   10201    5696    9897   18134    4881    4171
    5240    2367    9184      34    9556   16998    4820    5244     749    6908
    4242     273    4379     371   18477    1140   17715   13818    9741   10622
   11729   15805   11924   17498    8395   11667    1324    7460   11848    2987
    9382   15961    4170   16421    1175    2802   14997    9495   12846   12731
   13116   15896   11481   14566   10121   14109   18684   14765    9675    9440
   18475    3966   13687    5024   18237    8543    7923   10419   11697    2543
   12131   13981    3169   15524    4934    4961   10437    6875     977   15256
    4193   18958    6901    7787    9595   13615   11691   13534   14290    5296
   17673    1149   11236   16564   13473    9242    4983    8014    6589    2340
   17247    6114    9040   19655    1232   16451   16308   18948   16895   10084
    5552   16948    7032   10150    6341    8728    2750   11678    5070   18316
   10760   11412   12927   17796    3912   17727   16886   12502    6650   10692
    3651   18706    1443   15702   18771   13273    5007    2784   18699   19851
   12628    9990   12831   12221    7006   13776   13234   17883   17702    6360
    2457    9409   18930   13136     939    2558    6951   11747    6782   16971
    8782    1429    5859    4513    7350   11430    5724   15955    9902   16685
   19125    1757   10805   19446   18689   18015    9892    5299   11403    8685
    6804   13697    7520    9437    9470   15710    2169    4694   15552    7420
   19086   19706   19443   17278   13678    4403   16054   13175    7630    8989
     984   10230    1080   11692   16605   14720   10271    7771   11206   15763
    5229   13713      60    5432    8433   10030   16192   17168    9441      98
   19208    7368    1783    1872    3279    7470    8168    1973    8151   14318
    8654    3398   15929    9151    4090   18189    2777   15502     230   15772
    2334   13545   18119   16683   19785   10487   11239   16348    3836   16984
   13566   10783    5448    9170   16503   15795   18670    9403   19202   10294
   13991   11270   10357    3837   17337   15567     193    6391    9103    1746
    9374   10930   16301    6448    8920   14240    6052   16831   15445    5821
   18432    2128   19367     990   10807    8863   17956    5073   10852   10531
    8349    2975    4347   10122    5508    2757    9925   19574    6282   11910
    6674    4946    6369   15261    4073   18595   15784    6654   10522   17997
   19529   12507    8721    9748    6954    7738   14776   18221   11424   17644
   18037    9555   18299   13506   17827   11615    8161   19200    2257     212
   13522    7226   18231    2408   16268    7696    2216   18076   13943    7391
    9562     160   18799   19709    8321   15250   18406    7269    5416     944
     456   17429   17839   15870    1585    2357   15476    9213   16625   15419
    2805   10429   12463    6031   11219   19252    6653   16889    1917   19333
   16432    6322    4993    8812   18905   12604   16586    6201    2732   16517
    4722   15106    2363   12732   13934   14149   15183    6076    6472   11203
   17215    4497    4079     327    7191   18622   15368    2536   15274   10994
   10609   14471    7172   11865   15850    6766    3452   16255   10584   15475
   10929   13336   14439     619    7180    5210   18774    7710   16542    3856
   15396   17030   17648   15070   12329   12910   14168   17588    5853    1850
   15488   17635    8821   10654   13550    9552    8825    5828   14665   14065
   12411   11400    3424    3801    1187    8275   12849    5026    3883   16737
    3594   14362    3720   17946    3099     623    5544   10042   18756   10956
    2656   17417   18617   14254    2965    7045   10789    1309   14382   17835
   18038   16922    3133    6787   17374   19315    9922   10172   17830   16629
    6714    8749   18607    7302     929    6757     961   18240    1432    4852
    7200    7151    4175    4524    4810    6992    3909    2919   14123   17599
   18554    7386    5239   15003   11874    7416   10474    4612    1075    3482
   10006   12876   17298   15115    4444   19480   19624   10973    6839   11469
   14392   11962   18590    2325   14518    5877   12516      64   16532   18658
   14543   15286    5257     181    7990   19767   13420   10482    6336    1788
   13882   18845    4335    8007    2760     848   11392    1260   11209    1310
    6113      14   15708    2411    6073    9821   10073    3496    7462    6604
    4042   19723   15797    3937   15514   13397   14429   15222   15542    7417
   19616     335   11781    7755   17390    7758   19037   15904    9798    7993
   14508    2829    9677   17242   16289   18673   16004    2613   13220   11812
     323   10338   10532   13613   19451   14896   11594    2917   12122     275
    8999   10949   16077   18418   14534    7481   10503    5041   18401   18815
    6568   16837     660   15434   13161   10329    7160    8724   11056   16819
   18793   17675   19603    1581   11799    1454   12624    8535    6962   18149
   13017    4132    4778    6816    7205   17514    1398   11716    4544    5507
   14655    5150    3637   13749   11108    5643    3478   10425   18425   16653
   14601   15987    8215    7642   18559    9453    9358   11568    3624   16634
    1048    6451    2907   16648    1110    8827   17190   11892   18627   10815
    8967     379    2085   18954   19982   19776    2073   12949    2926   19445
   12857   18046   15024   17566   16048    3533   12431     126   10451   11949
   17652   17150   13768    1368    6708   12336    5986   10433    2438     271
   18932   11714     182    7593    6119    9695    9452   15663   15290    6558
   18581   10130    7854    9946   16123   14397   12512   16439   14607    5134
    3207   16622   10189   19900    3816    6760   10537    8363   10721    2008
   10562   16220   12309    4678    4163   13324    9930    3182    1970    3983
   17183   19981    6576    3473   16896    5194    9623    8516    3119   13971
   11786   10416    2511    4677    4083    7086    6430    9397   12240      50
   11923   10224    1257   12264   12734    4146    8969   14409   10883   18123
    6809   10076    7453    4070   11894   14964   15650   15471   15581   18625
   15992   14843   16375    4657   15372   19871    6046   16461   10291   16537
    3748   13435   18250    8460   17815   17165   16092    5078   11858    9605
   18970   17361    7277   18943    4103   13626    2550    7139   16248    1591
    9491   12082   14457   19352   19454    1908   12187   10667   17759    6480
    9633   11647    6289    3341   14022   11012    8447    2634    9575   10351
   18229    5450   19438   13963    9610    5174   11256   14191    7130    1934
     663   14013    1490     465   16156   18749    5100   15235    4368    3848
    1254    3135   11759    5380    9155   17346   10438    1831    9088   13153
    6686    7524    4491   12042   19014    4006   12209     705   12652    1701
   11803   12210    7482   14754    4149   10971    8692    5322    7799    8553
   11482   12985    3640    2688   10848   14883    4709    9708     980    5400
   12610    3822    3689    7905   13983    3756   12677   11047    3441    1972
    9298   17965   14461   10258   13748    7245   16966   14377   13755    9062
   17296    4797   10936   16728    1634   15930   11352   17687   17986    9004
    7238   19346   18341   13479   12861    8306   14575    7197    1887    3041
     159    9350   18649   11990    2470   11144    5627   15030   16084   12738
    7786   10040    8595   10593    4659   10176   16165   18318     166    9506
   18008   14947     246   10587   19131    8414    5246    2070    6575    3670
    9989   11715    5158    1476   17836    1067   17607   16959   12461    7303
   17003   11665   15769   19048    9237    3960     629    7204   14354    3896
   15927     857    1267    8278    1025   11893   15470   18344    8292   12984
   17881   10727    3713   13495   11195    8496   19440   16910    8847   12890
   15236    6684    2084    2166   18593   19472   10592    8466   12724    7713
   17156   11333    8273   19701   11461    3147   16818    7104   17671    1543
    1209    1178    1809    2850    4435   17519    6413   14104   16901   14393
    6481    3592   11779    8690    4873   16013   14242   18906     265   19348
   12708   12175   13122   14510    1566   15505    9885   12713    8541    1527
   11828   15044    9047      37   12358   11926    1423    8481   17277    3786
   13329    1441   15521      73    8187   18355   13414   18573    2505   15249
   18843   11852   11163   15019    6802   18755   16063    8742    8257   11789
   15438   17822   15982    2985   16981    2666    1249   19205    2990   13245
    7159   14865   10485    2273   12143   15091    1514   11272    9154    1540
   11386   14908    8022    4360   14170    3632   14310    3787    2509    3221
    3696   11659   18662    5898    2422    9828    8023   17929   11964   15207
    6919   14801    7941    8508    4301    3144   11004     296   12975    5887
   10067    6945     970   12925    7865   12993   11374   14681   15190    9826
    7456    5701    2451   16734   18060    1768    3607   17333    3979   17909
    5677    3507    8619     583    8206    5123   18421    3319    4384    6932
   17661    7008     231    5958    9064    9281    8313   18404   12765   14071
   10012   10566    5810    8618   18399    6793   10059   19363   13474    4192
   15918   16721    7841    1889   19362     308    4139    8452   11539   13366
   16568   10395   16766    7439    2603     802   18910   19596    5525    9518
   16664    8962   18838   17855    5268     539    6736    9650   15025   15034
   11499   10251    7025   17606   15139   13291    9591   11126    5825    7737
   11220   11773     243    9852   11896    3877    9520   10633    4064    1017
   11037    1528    6363    1217   15059   15717   18674   10295   13112    4310
    3477   17695    1832   12145   18517    1677   10034    5288    2619    2858
   19175   18191    7007    3549    6090   14180    9967   15963   11605   18748
    6225   19985   17474    6220   12836   10332   12527    4428   16931   16051
   19471    4710    5181   15592   12176    3866   17366    5056    7072   19598
    7869   10001    1090    6678    2639    7564      24    9485    5894   16104
   10308    9532   11705    9127     792   10284   18357   15652   15633     782
   16877   18911   13144   16560    8212   19902     611    2454     428    3746
    1888    8247   13965    2754   11438   15359   15391   19730   14763   10459
   18751    1858   17572    9051     638   14340    5658   12660    4206    7335
    3148   19792   16264   13876    9565   14064   19795    3634   19819    6694
   12566   14414    8029   18202   10674    8964    4947   10233    6237   17393
    9824   10077    8738   10981   10247    1256    2054    7639   18866    1010
    7911    2346   19794    5470   16927    6702    6094    2969    8729    6042
   11021   17869   19853    4415   12936    2170   15756   14088    4827    6050
   14250   12250    2428    9313   11485   16480    4374   15013   19890   16454
   18293    2735    4943   12391   15657    7402    9743   17035    2696   15532
    7383    6961    2237   12330   14636   13445   18291    3532    7295   12522
   13045    5937   16933   16280   17697   13988    1867   18492   19760   18518
    3863   16506    2319    7175    7284   15895   11925   16293   15874   12895
     642   13648   14984    3881   17638   15513    3018   15319    8916   14732
   16869   13950    4309    8696    1928   10331    1087   16708   16186    1777
   10776   10715    5740   10088   13014     801   16003   18986    3873    4075
    2953   11280   14630   16975    2164    5436    7298     297   17967   12200
    2957   13560   14909   13930   14135   19933    7767    1949    8810    3325
   19895    4222    6421    1843   10617    1095   17604   18861   13006   13078
    3672   19919    6733    6358   12622    2961   17913   19592   10358   12798
   15627    3078    4037    6635    6130   19052   10380   19822    7632   11373
    8803    8394   19551   17901   14262   13939    6995    6160    4986   16326
    1810   12905    3576   12774    8410   17642   11297    9081   11763   15826
   19729     803   12214    7120    6801    7081     312    5219   16992   11088
   19088    6873   18644    8254    1861   13388   10671    8485   18062   17373
   12543   14635    1073   12963   13837   19558    6264    6662    6406    5592
     863    1776   16643     519   12711   18701    1045    4713    1529   15549
   12625    8365   15174    9719    1753   14620    5144    7788    5035   11817
    1089    3553    3011    6808   18194   19800    5267    3762    7375   14412
    4915   18079   14859   18133   17845    1629   10872    8446    9359   15681
    2467   19221    5515   14922    7561    9325    3262   14958   10155   15035
    8899    1212    8887   13483    2610   14171    5087     267   12930   16240
   19648   17716    7320     318    7436   18117   19062    4178   14079    7483
   13886   12119   18664    2681     971    3890    1673    2383   17517    9986
    8302    6398    4143    4830    8974    2458    2890    4991   17271    4841
     897   18934    6690   19696    6166   19034    8218    9086     280   18460
    8682   11429    6361   12475    5823    3136   12121     983    7838    7980
   13918   17048    2844    2937    5559    9152   18115    2547   16547    4857
   16203    6651   18030    5653   19298   14561    1987    7927   19718    6734
    3575   11704   19758   16336    9314    1233   10908    1547    6181    3950
    5690   10456    9467   15641   10377     206    1304   13873    5968    1274
   17680   16749    4747   18146   12941    1892   12238   18807    7783   17406
    6004   14293    2499   10946    1026   18042    5291   10649    8429     479
    2582   18963   11618    8339    3879    8672   13518   13449    7003   13028
    9609    6048    6314   12887    3155    7595   17656    7449   10641    7246
   17554    4191   14482     452    2489    7556    2356   16932    6312    4159
   12686     205    1926   15909   13344    3411   19773   13846     787   10569
   11863   17829   14445    7233    7832   12166    4029    8092   11201    7059
   11307    8923    2219   11273   16146   11708    1103   17079   16014   18337
    1016   12287   18903    4835    7605   11010   13489    5511    4136    6233
   15497   19602   18390     282   15398    2635    8658     350    9499    6091
    3170    7762   12530   17713   16731   15288   16890   19323    2702      48
   19898    8249   15547    9899   16472   16883     844   12578   10199   17488
   19268   13327   11663   18621    7899    3593   10353    8426   14269     937
   11385    8154    7667   17069    2877   10716   13405    7424    8344    4032
   17397    7514   15674    2212    4962   16624    4461    9793   19798    9097
   15387    9950   11738    4610   12407   16290    6183   17087     648   14443
   16649   16212    2538    5935    9534   11168   10765    9012    6378    4221
   19669   10276    8139    6175    2908    8269    6047   16487    3504    3717
    4404   17283    5355    8762    6883   19627    9679   16511    6953    3315
    2572    6923   12007   13777   16253    6248    9661   12663     128    7182
   13630    7260    9059   13227   17324    6009    6479   11504   15175     881
    7036   18555   12260   12804   15345   12989    2787   10570    6261    1953
   15765   17422    4460   10681   18321   19975   15782    1818     141    2225
   11642    6019    1957    8723    3723   19340   14713    2230   10629   14042
   13121   11338    3189   10867   14668    9901    4773    8131   13320   13500
   12909    3311    4254    9000   19999    4258   14420    1097    1402   13942
   11512    8527     573    3216    1283    4939   11043    7956    8813    8444
   12433    7900    5982   16343   16707   14233    4786   18599    6805    5214
   14185    4355   11572    5896   12770    3383    9253    4729   17103   14532
     727    2256   14565   10589    1877   10655    4795    9273    4878   13705
    6723   15762     110    3220   10385    6649   11805   16585   19157    8776
   10741    4512     374     215    5938   16642   15199   15377   13480    4505
    4380    9115   15040    7589    5023      86    8189    6778    8216   15127
    1639    2151    3054    8588   16473    5702     341    3791    3677   13186
    4501    4775    2902     100    3047    4864   12586    7117    8603    1575
    5029    1829   19153   13222    2630   13356    2403    7131     361     139
   18876   17443   16724    3583   19850     922    1501     684    8324   11105
   13471    5642    8058    2895    2588    4056   16591   13148   19435    5787
   17212   14099   14850    8798    1051     354   16997    5932    6041    2459
   15442    3932   19331    2120     537     817    2269    7304     575    5311
    5831    4043     328    1655    7969    7806    2723   13637    1719   11587
    1975   13426   10466   12019   15280    5440   17757    9066    5768    3336
    7430    8547     276   10226    4932   14055   12693     606   17748   10116
   17811    8820    5523   10896    6833    2209    3799   17712    4595    4111
   19124   12486    9338    6071   12493   17509    5538   17884    3464   14707
    5403    9039    8176    1520    6672    4344   10241   18676   19507   13813
    2845    5607   16431   18538   18196    1111   15737    9936   11059    2413
   16130    8297   14552   16973    7918   13515   18661    6750   16154    9617
   16892   15794    2423   19875   19356   18995    1378    9724    2012    2978
   19712   11520   12699   13461    2251    9305   19687    7046     232   13447
   19000    5872    8449   14743   14938   14321    2706    9460   16518    6327
   15538   14638    1358   12367   18257   17819   13757    4120    7620    1002
   11067    7199   10220   10699    6797   13804    2297    1721   14319   11215
   14219    5899    1281    9171   10009   10851     191   17075   17127   15264
    4452   17915    8099    9498   11823    2812   10822    9300   14609    1986
    2903   19039    5732   12521   19267    2553   14139    4214    5989    4224
    8604    8404   19536    3718    5620   14309    4026   14294    2362   15163
    9395   10273    3552    8178   19661   19056   14889   11622    7792   10153
    1886    6667    8155   11011    1904    9844   13051   11057    5798   15871
   15285   19501   10958    3392   10627    9321    4839    3445    2193   17911
   12462    2261    3649     397   10859   12809     140   17963   13872    2699
   12666      61   14520    7170    5482    1251    4712   19180   13342    4802
   11590   11285   10187    6202     473    6593   18280   10468    3277    7068
    3916   13091     101    4584   14996    6745   14035    1804   15381   17928
    2573   13137   13375    3323   15116   14151    8523   10720   11791   15314
    4234   15551    5832   10033   10186    1131   18972   17751    8573    3895
    2567   16417   11024    1925     460   10053    4440    5409    3783    6747
   11320   19002    9933   12340   14735   15771   11728    6924   19992   14970
    3721   17180    2966    7370   16500   15237   19167    5610    1007   18106
    8586    6807   12314    8554   11165   16324   10871    6990    3987   11414
    6150    7704   18330    9627   17586   12014    2885    5325   14786    6032
   10907   17576   12117   13836     486   15465    3257    2788    1869   12298
   12947    4400   12710    6552    3915    8115    4438    4340   17330   10161
    2281    6707   14329    9355    3644     725   15807    3138   19601   16464
    7618    7664    3685   15892   14860    8947   10514    3143    9887    6145
    1734     587    4108    1138    7339   13945     884    7244   17777    1127
   11885   15366    9944   11914   16341    4548   11937   16175    4889   13904
   14274    3977    6849    4480    5518   16693   15104    4787    8795    3196
   11804   17555   10005   12780   15338    3061    6583   11093    6121    7539
    1392   19968   12081   10492   18285   15355    4896    2522    7835    2576
    4218   14684   17060    3028   10144   19876   16607     471    8142    7992
   12951    9614    7798    6815   14276     218    8467   15277    6977   18136
    6208    5612    6818    1154    7147   13179   16974    4431   15039   13423
   19387   16041    7296   10204    9686    4027   16541    8814    7555   16045
   12747   14475    9210   12761    8057    8632    3480   18740   17825     219
    5338    3019    1290    5663   11671   14722   15426    9956    1761      54
   16920     470   11234   12353   14227    1468   18787   14348   15498     223
    1247   17585   14577   15103   10094   19908    5514    7979   16919   14868
      80   17221    9510    4936    4315    2018   15423    1445    4690     186
   11390    7729    7085   15925   15942    6117   19704   14836   19468   10498
    2846   13985    8136   15889    3089   17738   19152    9063    6300   18430
   16228    1130   14653   17720    7291   10966   19069   19456   18741    6030
   19874   14480   19412   18657    8403    5187   15078   16385   13346     254
    3274   17908   11467   11870    1015    1132    2716    9558    5868   19132
    4208   17802    5373   16674     905     861    2591   15673   17269   13724
    3584    7836   18493    2727    2762   19559   11698    6301    5813   18584
     963   11555   19427   10488    2951   12976   11598    8431    5595   15247
   16703    2109    1700    1808   17340   16838   17920    8807    9095   15724
   11505    2268    2629   15192   13737     781   14945    5018    5057    7754
     673   16163   16543    7435    4639   19998   13908    8739   13070   10288
   11311    8440   10580    3302   14326   19636    8781   14502    3212    3354
   10024    7297   11032    5176   14866    2804    3044   10691    8805    3803
    1729    5342    7770   10277   16793   18450   17821   19802   10281   14766
    2655    6405    3301    1470    8544    6156   14161   17948   10863    9053
   14320    6914    5094    8519   12256   16318    5931    9998   17776   11462
    2309   14962    1593    2769   19219   10096   17304    8291    9069   13243
   18851    2793    5616    5014   15033    1052    8010    3852   18065    2214
   17627   15910    1929   14089    3456   10402    4616   12913    1189   14057
   15382   16440   15690      78   15468   16250   13152   10100   10269    6907
   18138   15321     194    6249   19353    9687    4923   10173   12740   13587
   15995   16386    9445    8580    2718    6791   14750    6515   15686   16944
    8503   10647    6244   11066     255   14082    1996    1637   11862    7949
    9422    6685    3585    5908   17013   10446   17786   10303    9421    8599
   12276    5686   11353   10354   12706   17125    8824     829   12632   10551
    6263    4559    6449   11133   11794   18313   18685    5711   13527   17734
     826   10074   19305    2331   12341     666   10928   16807    1446    8018
    5146   10334   14456    7122    9402    5319    8461     458   13450    4019
    9357   10732   15684   11930    9997    7282    1106    3049    6270   12364
   19526     127    4944    6328    6006     502    3616    7616    5389    5352
   16232   11434   16374    2875    6489    2006    2583   13195   17402    6624
    2278   11600     728   15563    1598    2555   15050    3512   15635    6400
    9475   15102    3475   13563   18107    6922    4597    4468   14041    8027
    2713    4231   19216    3757   13907    5055    3562   19064   18912   17273
    7708    6629   18859    8971   11718   14541   17285   17038   10344     391
    8565    1876    5037     149    8271   16790    8841    6998   20007    8104
   19341   16993   19691   18519   10052     148   11841   15047    6219    4467
   12626    6549    5833   13543   11909    3278   19791    3884   17185    6171
    1241   12308   18700   13448   13308   14790   10940     788    5878   18023
   15602    1698   17182   14632   16704    4321   14625    4503    7400   17844
    6510   19907    8755   10800   12147   17565    1493    7343   11269    6428
   10860    4155   16346   19142    4909   16294   17113   14272   15687   17961
   19181    7517    7114   17106   12517    2441   12337   14093    4766    8334
   18302   10718    9116    1484   10553   17312   13969   13027     253    4540
   16687    4069    1825    4244    8716   15295   14342   13335    6934    4553
   12688   18844   17458   13931   17438    2779    2276    9008   10602   13232
   16698    8889    6538   17365    1104    5080   13236   14967    4504   17061
    6548    4964    5708    5693    8656   11907   12716    9347    1958     360
     389    8455    5891   15069     543   18449   10824   18072   11550   12748
    5490   18572    3541    8960     362   10132     174    5185   18615   11282
   11196    4704    6168    9224   18306    1393    1518   16885    1078    4918
     523   17347   18782   18051   10146    3161   18495    2665   12901   13380
   18646    8816   11222    5910    5971    3494    1447    8245   19399   14595
   10635   16902   15858   13134   12280   17807   18472    8279   11172   16026
   16755    5378   19115    7958   16435   17254   13198   18380   13631   19745
     809    3150    9351   14979   14148    1984    3348   12790    1262    5764
    4545   14835     821   11266   19617    5358    6836    9607   16523   16907
    4853   11616    7479   10544    8752    5941   13996    5234    5609   13980
    4479   17300    5227    3620   14386   16887   14762    9112   11753    8106
   15931   18175     846    8040    9198    1833   10781   12994    9622    2150
   18160    5933    3116   11465   15659    5917    8293    4765    9916   10048
    9634    1472   10662   10263   10256   13216    1139    1182    6200    4554
   15739   14664   16297   16840    2633    7384     251   18523    5209   19586
   12480   13052   15908    1202    1376   15808    1422    1014   12776    7987
   14677   11890    4134    5172   12983    2081   10736   11398    2010   18467
    8756    7850   17707    4015    4283    7819   15880   12619   16401    3097
    6393    2931      38   16445    7054   19520      62   19393   19293   19459
    3833    4001    5202    3928   12914   12470    2659   15553   15754    9855
    4260    9701    9982    3663    3502   14553     257    6841   10211   12254
   11751    2324      79    4650    8677    9776    9759    2048   18124   18301
   13210   10601   16810   12343   17031   17425    4963   13710    4240    3587
    6325   16696   13224   17515     934   11262   19416    1204   18099   15128
    9416    6785   16577    2304   18601    2495   19294   13561    7382   11349
   17504   15310    2265   16874   10979    2563   12633    9280   18924   14748
    6768    3001    1269    5362    2494   14657   12183   13297   17275   12568
    4760   17736   19834    2432    4733   10453   19818   10799      90    8133
    5558   10746    2453   12655   18429   19546   17987    1431    5233   13328
   10039    6918    6429     263   13801     644   19625    2967    7840   13536
    1779     530    6266    3659   19870    7576    8975   18177    4454   19751
    7476   12674   19522   17115   11624   12447   10219    4662   15809   10151
     832   19832    2418   18552   17434    5850   19231    3980   16050   16155
   15824    4751   12636   18214   13627   17560    9985   13453    8637    7028
   16990   14770   12545   11756   12810   15767    7997   15729    3248    8524
   12233   13589   19273   10262   12048    1086   17007    4082   13499    5438
    5000   14375   15291    2768   17785   14626    3842   16780    6298   10350
    2695   12494   14998   10731   11097   10109    1314   12875    1337   15743
   15958   16779   10325    8489    6860   12455     545   10407    3290   11157
   11948    6989    8959   13986   16199    2512    8231   12851    1922   16011
    4096   19930   17492    3885    6143   18080    8100    4419   18296     697
   18848    2321    8587    4744    1590    7599   13653    9497   16151    9348
    5991    5737   11581   13744    8458    5148    2450    6795   17590   19033
   11679    8744   10554   17649     336   12559    5943    1164    4392    7568
   14778   16540    7484   15446   12454    3936    2047    9384    1651   16884
   13591   18814   18290   13628   16799   14438    5783   13941   19222    6916
    2142   15041   10968     509   16049   15576    9311    1117   19171   13007
    7401     433     982   16872   16019   12742   10455   18187    7103    8415
   14086     962    1992   16814    8442    2398   12995   16177   13002    5334
   11171    7328    6239   19194   11382    8182   16617    2722    2026   17584
   10286   10312    6611     894     455    1353    6830   12188    1791   15079
   12573   10658    1870    8307   10750   17236    2657    9104     244   14706
   11473   10314   12756    5201    6656   10305   14838    8877    4401    9122
    4581   12269   18561    8792    8284    3572    6513    5970    2534    1792
    9961   18959    9909   14361    3035    2361   18069    9988    8649   11104
   15869     949   18150    7955   18612    6040   11978    2433     412    5886
   14988   17874    4805    5326   14000   17922   17704   15166   13538    3573
    1545   14612    5836    5835    3578    6467    7038    7541    2581    8891
    1188    9857   13953   16854    5394    6572    3242   19993    1279     750
    4013   10364    8246   17616   11344   14287   19092   12468   14194   16111
   18708   17483   17114    5282   16074   11455    5594   12001    1382    6303
    1157    3386    8285   18789    4611    9672   15346    3316   11515   19478
    3680    3159   12956   15899   16079    2578    9078    7051   15376   12575
   16207    8939    7548    6251   11135   14476   16059   17658    3698    4666
   11174    3057    5485   17095   18499   13728    9371   19198    4160   18141
    7472    3015   19099   18395   12635   16129   12657   11422   19837    4892
   18901   17280    4922     373   14141   19685   19554    4643   12127    9156
   12094   12879   17793   15327    7544   13793    8227   12105    8175    3969
    1770    4817   16170    1211   14037   12595   18989   12202   17775   13639
     419    3682   17016   18849    5489    6843   16260    8651    9380    6376
   19611    3568   11245   13290    9249     997    7573    1750    9274   19614
   10362     418    1824     505    4855   17152     372    5385    6895    2880
    2292    9980    9448    7469   14686   17218   19204     546   19929    4942
    4866    6081   16879   10528   13321    8488    2823    3303   16836   12168
    7315    6693   16616    5213   15683   12294    5861    3861   11494    6828
    5204   16072    3555   14235   15483   15358    6418   12535    2126    5819
    5625   10304    2575    7292   15219    2992    4101   19656   16946   13924
    4959   18827   10878    4803   18874     592    5553   17166    7615   17250
   19021   18647    4342   16427    9085   12380    8611   15720   15036   14503
   10758     895   14507    4359   15239    3669   18281   12929   16524    8879
   10900   11802   19567   12762    1144   10826   10242   12534   13178   12043
    8428    7079    8839    6880   10803   17210   10008    6020   12653   12687
    7215   12990    6758   10920    3958    9926   17213    3252   10405    7823
   14671   14312    5271    8542   17773    6232   17363   12491    8760    7235
     865    2360   12251   12671    4332    6557    4592    6679    7361    2774
   11076   13640    1564   12992   15780   19597    5356   18342   16741    1159
    4483   12348   13790   10507    3539    1408    2139   16256   13529    3657
   17084    6414    4723   16913   19215   16529   10080    4442    7609   16960
   15055   10062   17783   19717   15307   17014    9762   10327    2195   16823
    4179    7121    8026   10916    1670   16446    7784   19280    5751    4692
     686    3076   19409   15415   17563    7042   12904   20002   19755   14549
   18938   15750   16841    9134   12301   15125    1694    2011   10790   16419
     823    4542   18666    4187    2033    5591    4137   17388   17279   19044
    2690    4645   19070   13984    3084   18323    3434   13268   12943    5006
     343    1186   16856   12898    6035     851    2737    3900    9977    1292
   19677   18819   11358   12906    9376    6127    9275   17828    3093   10653
    5226    2461   16058   17561    9840    6546   15596   16951   18582   17270
    5657   17292   13641   10449    1596   12460    2869   11286   11578   12681
   17508   19518    3389    1999    8117    5413   13098    7369    5391   17090
    6060    4511    7830    9147    5049    1046    9229    8892    1176   12148
    6586   16355   17470    4758    3241   19530   10770   15065   19392    3125
   17535    6407   15038    9928   14333    3574    4908    6832   18217   13978
    7901   10613   12709   17632   19861   14453    1272    1004    6321    6772
    7333   16570   13287   17015     135   18886    4890   13194   13887    9653
   16567   19688   17856    3961    3970   12436   11513   11457   12599   10820
   13120   13382   11491    7039   18808   12921   14857    8567    3747    1179
   11662   13399   18508   19754    7796     770   19134   11999   10827   14023
     521    4364   18927   14433   16315   10963    1417   10113   16353   13166
   11357   17684   12763   14258   13277    3851    9027   18289   16344   15004
   17227    9250     631    9947   11316   17456   18394   17994    5102    1039
    3428    2764    4118   14365    6211   12971   17980   15113    6696    5426
    1702   11202   12778    6657   10801   13169   14884   17139   15155    9874
    1498   15935    9913   19078    4336   17102   11918   15950   13315    2615
   15730    9528    1931   11875    3382   17023    9427    2160    9415    5900
   18762   18013    5112   18324   16692   18804    8372   19739    1969   19291
    4668   15213   14239    2781   16016    4998   13347    1615    3991    3296
     754   14449   11137   17403   13077   12071    7896    1742    3422    4071
   15648   10484    4904    7305    7124   10903   12053    6988    3869   18562
    1072   13592    5998    1107   14960   14969    7886     699    8526   10058
   15723    7438    2810    4458   18722   19960    6279   14231   14888   17348
   14952   19666   15755    8861   14144   17036    8844    5509   13970   10577
   18747   19364   12076    4485    4478    5630    6461     321    4246     685
   15487    3930   19995   12418   19053   17552    9465    8955    8560    8931
   17797   11898    7791     123    6856   16526    6427   10469    4882     978
    7192   19716    1841   17191   15031    5077   10517   12219   13226    7506
   15941   14937    3101   11151   16942   15252   15643    7821   11900    7179
   15678   13914   19564    8714   18984    6326   18652    7951    5423   17021
   15418   14875   16848   17206   19055   16581    8332   15699   13604     733
   12273   11162    1589     600   12576   20008    1657    2927    9219    5564
   19742    3726   11345   14701    1220     620   14885   16742    2471   17042
   13255   17534    2579   19608    3431    7876    3819   13064    8890    3609
    5521   11058   16813    3388    3066    8948    3722    2447   14808   10363
   11545   18693   12236   14596   18315   16110   12164    8013   15049    6780
    4871    2327   11717   15529    8409    3571      45    7728    1610    9203
    9652   18728    4005   18816   17436     239   10501    4098    7061    9615
   15757   16535    9943   11516   19721   13092    5364    8522   18892   16553
    2480   17058   11771   10068   15016   12821    3751    5818   16359    3625
    7871    8056   14946   11437    6978   17001    8482    9778    9632   11169
   13497    4669   16453    8219    4629   16904    7127   17323   19548    7778
   18488    4017    2616    8980    5513   16254   10497    1469   12767    6762
   12061    6544    1418    7646    9241   16404    5292   18544     658   11368
    9604   17740   10884    5596   12607    9547    1348   17650    9756   19170
   17859     827    5730   16752   14597    2045    8076   19141    3439    6652
   18987   12158   14285   14236   13741   16623   17066    9386    1252   14131
   16360   11365    8405   15806   12088   16875    1062   12062    6784    4767
   12267   10673    1766    6125   10834   11233   10666    5698   10893   15753
   15632   12847    1882   11830    4978   11620    2686    6720   17358   15052
   18103   14798   14410   15585    1030     302   12511   12917    5797   10382
    3993    1739   16727    6315   15342   14081   11683    9974    4865     284
    7768   14864   17667   18785    1430    5329    5025   17262     380   10938
   19615    1198   16748    3963   16243    2817    1826   10509    6846   16229
   13514    5839    6518   15842   16939    9132   12908   11240    6769   17558
    5344    9718    3442   16105   11722   19523   17193    2872   18636    5946
   12087   15831     813     681   16778   14327    7898    5462   17730    3636
   14005   17749   14264   19328   10115    4769   18691    8326    5532   12178
    4521   10002    4227    4919    5060   18576   12533    8741   16571   19641
    4926    4363   19705   19408    2599   19009   10152    5122    7889   10763
    5603    4671     305    8388    2959    5169    3453   18166    8695   18454
    8722   14434    1667    9054    3906    8871     352   17002   18035    6137
     225   14753   15060   17665    1767   17543    5318   15618    2484    4324
    5699   19965    9091    2778   16576   14012   14933   13360    3843    4591
    2519    3645   11674   19330    8835   15191    5716   16195    7816   15223
   13060   19679   16015   14557    9290   12426   11809    6493    7779    9172
    8048    2594   14867   13294   15960    4277   10547   15520   17784   14648
     377    7098    2266   12100   14125   10663   17319   10069    5097   11528
    1088   11419   13803    9247    1036   16060    2862    9239    6029    7088
    1170      20    2111     527    3246   19977   15791   19694   15855   17689
    3538   15999   15715    7753   14108    2889   10723    5300    5571   13303
   11866   15324   11330   12073     940   11017   17708   13299    1305   10200
    3179    9746    6639    5173   14802    1607    8562   12822   16327   12750
   12459    8995    3981   14768    2316   13645   18865   14136   15732   13403
    5526    1836   10512   12372   17407   12102   10945   11905   11776   11023
   17662    2409   10702    2884   16071   15275     300     484    3623    1689
    4880    4366   12225    8657    9446   12967   12320    9519    8371    3359
   19931    6540   17934   11670    7962    1599    2344   12721   12051     736
    3435    2333   16711    6909    9517    9270    9955   19217    2753   13973
    8000    8763   17088   18392    7719   15669   17327      32    4051   10458
   16659   10729   17157   10785    3483    9468    9879   15410   15974    1101
   17217   17362     920    1229   11883    2396    4977   11961    8983   12050
    5459   14018    4818    3741   11089   13725   12322    5662   17432    6010
   11322   19665   14483   18197    1862   10891    8477   10779   14118    2060
   15937   10207    5527    7309   15555   13190    9406    7785   10839    6136
   15736   11221    6942   19883    2943   16756    6445   14244    2090    5486
    6317    2036   15677   18288    2945    7194    1322    3013   16012   12132
   15863   17234    7975   15184   18539   14740    4464   16598   13228   10322
   16557   11873   16668   14546    3447   16815    3665   18461   11959   17918
   11845   19151    3628    1485    4910    7811   19337   13235   12661    3953
    4320   19622    6346     655    9148   18156    6482    1704    3662    7347
   11378    9702    6063    9780   17261   17501   18006    3550     975    3458
    7351    8225   13834   19120    1978    5091    1363   19805    3893   16732
   10348    2359   18241   19797   13503   12030   12241   10598    5183    6855
    9703   12304   17625   18198   15401   17612   16198    1453    4526   18054
    3566    2322    5397    3270    4711    9787    3821    9816   16639    6837
   13606   19581   15136   19504   11309    8392    1524    3789   11149    2124
   13738    4447    9523    4686   17485    2244    7989   13391   10561   11293
   18193    5195   13053    1461    2162    3373    6234    5179     524   18840
     936    4385   10877     567   10265   15978   13164   14073    9189   16121
   14024   12772    2389   10550   19638    6003     508    2472   11638   10133
    1960    9107   19255    5044   16982   11346   13859   15463   11175    5372
    6148   19807    8033    5572   17322    2130    8419    6622    1556   12966
   14466     399    2771    9721   19869    5151    8669    4583    6438    2758
    1265    5495   18218   15734   14796    9490    2913   18481   18234    5918
    2944   12564   16867    1054    7518   12922   19024    5083   17852   12797
    8090   10055   14179   16957   19210   11161   19097    2617   13061    5560
    8008   18951    9682    4331   10642    6319   15153    7919   12644   15015
    2057   15117    8109    7685   15246   17709    6868    4994    9050   19311
    6596   11840   14873    2580   12506   19866    7371    7921    6497   12104
    1487   19177   15416   14399   19576   13067    6141    8342    7829   19203
   18602   17570    3823   14685   18856    2021   14634    8451   16828    3513
    2076   12835   18897   14184    6641   15590    7920   13372   17758    9611
   12400   19213   14961    8406    7935   10420    8987    5339    1821   14982
    2245   14661    4945   18638    4517    8900   14690   10504    7496    2034
    9817    7146   19297   14253    5247    4152    3448    3034   16376    3145
    7868   11553    6021    8230    2372   12744   11092    7717   13055   12268
    5101   13427    6043   17608   16750    2468    8474   12249   13211     338
    8532    9533   13108    1029    2733   16396    9537   14304   12928   13130
    5598   13276   10218    9890    4362   11814    3260   18880     880     883
    2866   14752    8490   13730     739    4530   18326   17964    9725     435
    9529   11227   18826    3132    8172   17244    6103   19164    3599    4081
    1906    5537    3365    5782    6755   17345    5476   19418   19820   13402
   13467    5039    9834     630    1058    9697    2079    7421   11509   13292
   11087    4656    4343   14489   17879   14331   10828    7137   18577   19894
   13535   19571   16234    5936   13666    6018   12594   16328   13903   12806
    1827   11425   18898   15981    6310    1448    2095   13084    8849   12912
    7834    7742    2901    9809    4386   11703    9707   11339    4086   11278
   14927    1266    8340    4305    3935   17691    9399   16795    7001   13036
   13937   17764    3666    5815   12980   16797    3460   12099   19133    2252
    2920   14115    9760    1898   14861    1161    1169   12637   18297    3899
   13117   17611   12279    1345    6399    6628    9706   11537   18579   15318
   17645   10786    6433    6879    4437    2593    1242    3705    6827   10255
     559   15129    1613    2530    4789   16641    4529   17742   19934     591
    6691   17349    1370   15651    4949    5983   11253   13557    2824    4975
    5597    5363   16221    5726   13296    8170    4515   16950    3557    4819
    9123   16544   16878    4842   16434   18553   15905    7349    8315   14444
    6936    7523    2833    4562    3499    9666    8509   18469   16760   17027
   18129   10954   12873    3223   11795   11822    2767    2972    2924   11027
    8659   15098    8864   19229   10603    4930    1081    5370   17459    6294
   13263    4867   15105     466   15789    4614    1172   17446    7437    2878
    1185   14143    5458     960   19811   17329   16112   10208    9635   12305
   10988   15229   13511    3096   19130    9589   15224    9013   11436     461
   11826    1711   14114    4985    4676   14591   15580   19678   14592   11081
   17490    8243   14299   18556    6153    2232    7885   11072    8552    4719
   17375   19244    3729   17917    9959   19671    3605   18003   12021    2373
   18091   17522     710    6666    8963   12680   13185    5995    4317   17516
   15299    4045   19722   12385    5498    6272   11560   18014    3455   10188
   11100    9238   11310   14813    3151   12811    4648    2446   10038   16588
    9644    7187   18040    5795    2147   15020   13093   14273    4812    3771
   19804     111    2973    9067   15265    8425   14152   13690   14641    8476
     711    5221   13954    9789   12275    7874   19505   12690   12828   14014
   19207    1404   14416    7249    5465    2093    9340   15589   16994   11228
   12719   19786    6506   17494   10333    9466   13850   12029   13311   13012
   16578   17801   19309   13993   11361    3120    7862   18853    9234   15645
   13492   11433    3719    3310   14110    9216    4387   17272    8360    5156
    3440   12819    6756    5966    3268    5242   12398   16808    4728   11775
    7141   13209    6243   13049    8584   18796    5272   10066    4952   18063
    7653   12651    5463   15482    8878    3002    9665   11855   18474   10137
   18036   15860   10774   12864   14893   12584   11112   19246   10394    6955
     858    7775    3062   16239    5629    7602   10434   18312   18109     506
   10163    7619   15570   14324    8627    7487    7112    5245   11464    8393
    7932    7332     605    1569   15081    5712   13625   10591   17174    2463
    8282   14846   14994   14647    3633   14068   12581    5536    4675    1775
    4938   12144    7842    2820    6982   15608   11748   16033    5414    1927
   16412   11246   14920   16594    2799    6637   10844    9736    9113   18384
      22    2642    5778   19682   12129    8937   11367    6457    9075    6571
   17063   16039   17497    1605   11619   15493    8779    4319    6771     824
   12781    4912   12916   12754    5738    8924   15537    7505   11969    8364
   14784    7847    9559   14924   17059    5916   10505   18019    7977    5633
   16214      47    4768    9514    8125   10346    9995    7706   13692    3307
   15370    3766    9869   11507   18875     259   19336    7856    2220    5369
    1385   13022   15704   12458   17368    4024    5906   15390    1011    6124
    2632    8713   18727     850   17410    7563    4245    8707    2486   17240
   15932    1451   15921   10983   12519    4181   12799    4621   10178    1718
    1433    5760    3122    7497   17981   19326    6507      49    5834   10464
   15815   11394    8032   16758    8303    9685    7491   11041   10925   18443
    2719    1781    1910   17705    6578    1793    8594    1311    8902   10473
   14841   14550   15788   15204   16259   18043   11991   11417    8280   15731
   12149    8938   17163   16075   12189    6823    8929    3172    7974    6857
   17601   11887    5713    6499    9011     594    3418    5045   11702   13131
    7978   19914    6338    3949    8177   12729    1174   10442   14807   15523
   10926   11574    5382    5314   18506    8976   18794   18665   16114    3860
    8801    2284    1465   16046    2835   15443   14313   16763     421   15748
    9755   19631   14598   13206   19856     734   16534   10496    7356    6490
   11979   17787   16767    9166    6614    2017    8328    5808   17116   13819
   14187    2078   15893    7973   13633    8973   12592   13127   16267   14539
    5577   10435   14823   10175    9883    9854    2083   16636     158    3282
    3186    5807   12814    3249   19096    7181    5165    1318   18541    3744
    6152    7801    9362   10555   18831    1270   19114    6187    5231    6965
   14474    2087   13691     957    5030    9424    8353   18021   15138   14769
    6648   12598    5441   11829     333    7444   17899     183    2180     926
   10440   11459   17996    6819    3897   13165   12354    2131    4112    5347
   19647   15080     580   16185    6196   10457    1577   14540    1707   18520
   18873    9505    7658   17080    7381    3600   13654   18144   11078     818
    1974   15298    4407    8784    3813     779    8858    7355    2948   10912
   17848    6460    1357   15339   14517   19149   12667     303   13669   10180
    7078    5258   18631    8391   14618   14172   17276     758    9482    2570
    9220    5375   10730    9474   12155   18496   12665   18777    5164    8494
   15095   12464   17990   14308   17230    2132    6709   12265     921    8021
    2984   15522   18669   18058    9332   18368   15973   14844    6539    5697
    2942   12067    7794    1819   18102   11181    9804     556   17172   13689
   12757   11934   13199    9090    2236   10014   12697   18568   18641    9349
    7820   14670     107    4580   12338    5637    9952    2622    3045   16679
   17151    4937   15193   16658   12996   10000    1758    4781   14175    1620
    3988   12098    9271   10213   14341   19447    5249    8610   10817   18056
   19317   17942   18798   17805   16491    3518    8958   10016   10007    9969
    4253    8167   19590    4793   14742   13217   14730    3469    1576    7810
    5108    7702    2756     130   17008    8674   10461   18427   16281   14525
   11636    5942   14493    9692    4843   10559   11271   18365   12108   16415
    4790   11554    2019    5283    7256    1532    1820   13097    2005    1049
   19892   16894   14871    2224   17731    1362   16132      41   16287    8317
   10953    9187    4888    7052    3381    3629   16702    2958    5739   15693
    8946   18961   14353    8940    2841    9846     804    6332   16321   15996
   19728    1041   11800    4588    2794     444     442    6706    3292   18118
   13378    4811   19193   18463   12773   15819   18311   17663   19325    6099
    9683   18899   11277    5405    1082   19756   11899     450   18775    3369
   18567    3033    2443   19511   19228    1401    9655    1638    7048    2353
    1879    7229    8356    7963   11941   15374   15949   13039   12465    1612
    9226   16145    7498   13750   18209   13868    1021   13322    5822    9512
   17177   12960   19966   15952   19111   14643   14953   12796   16520   17903
    7311    6494   12227    3051   19368    5800   10491     266   11916   13030
    6101    3904   10904   14851   10762   17205     692   14990   16392   16935
    8869   14939    8645     627   11360   18331    4272   19358    6661   13082
    6473    5678    3436    9423   16709    8054    3497   17810   19276   15433
    8459    2328   10248    3462   14627   19610    8909   15595   14622   17257
   14084   10794   16809    4284   19695    8764    4649   16747   11152    7321
    5875    7800   17766   11567   10869    9289   19307   18543   17895    8378
    2149    3505    6431   11258   15517   13992    8420   13956   13622   17960
    5223    9023    5208   17993    9715   17449   18158   17222   14070   18929
   17897   17988    6012   13005    1785    1546   16393   15572   13720    6313
    9705    7429    1874   11864   11889   14645    1163   11643   10970    3654
    8097    5806    2077    5017   13107     536   19184    8626   17593   13920
   11677    7499    1807    6320   14389    6522    9600    1421   13119    1774
   14890   17641   15108   11988    3229    1839   11996    2300     899    1071
     295    6906   13684    2796    1341   15568   10621   14355   13058    2402
   19872   15510     177   11085   11443     307   12999   12408    5496    7822
    9734    9507    7278    4564    2714    1153   14822   10290     584    2483
   18086   12257    9486   11529    4901    3859    9962    1244   12448   19829
   19185   17065     423   17447   19847    4850    7220    1471   17614    2801
   11740     639   12955    2228   16022   12382   16068    1859    7776   16514
    7944   19384   11720   18683   11313    6286    4714   19864    7196    4759
    5120    1981   16288   10513   15170   13282   17945     185    2478   11711
   17794   18692    1976   17453   18172   12165    7467    9296    8077   19863
    6441    8124   11876   16769    5079   16347   12924    3944    5601    7839
    9257   19041   19076   16991    1122   12843   14793    1347    5548   15094
   12110    9829    9019   17468   11381    1503    8568    7346   14919   15550
    5640    3126    3832    5327   13314    2941    7463    9606   16265    8686
    2685   10933   10510    1330     950    8486    1881   13797    9094   17223
    4456    4184   12424   10375    2523   19452    5750   14470    7285    8796
    9489   10098   14611   16915   12472    1787    8113   16443    6238    9007
    1143    8086    1560   11810    8504    5534   18783    9647    3631   16551
    9639   19379    1686    6882    5360    9508    9763   14663   18261   17657
    9694   12037   10462    7155     585    4989   18287   15545   13389    4104
   13167   11640    2046   10675    7494    6876   16970   10976    1989   13251
    2037   11038   14441   19824   18329   18503   11048   13157   13929    2739
   14360    2606    1500   19950   18455   10995   10292   12466   11652    6209
    8555    7034   19815    9009   16829   16409    5408     596    2291    7662
   19286   11517    3941   16179   12805   11254    7162    6947    8630   17355
     294    8286     683    4725   13658   15107    1762    5579   18716    4849
    7325   19628    3330   10326    3338     376    7546   15745   11970    8114
   18366   18857    8631    6342    8985   18251    1099    2205   15009   15289
   15792   14725   16436   15315   15068    3222   15956    2672   17556    4425
    6889   18672   13794   19838    7626     145    1442   19684    3577    9245
    1439   13651    9262    1197   10998    6097    7440    9140   16736   13083
    3905   15857    8872   15380    4183    7425   19938    3166   10342    1919
   17842    1206   11147    4121   11180    5889    8941    3171    1538    7326
   15565   14936    7316    3350    2745     745    5742    7201   16614    3419
    1631   14751    7570    9626   16834    2444   13050   10340   15603    9162
   19192   19618    3742    9463    3197   17295   17553   15727    5755    6554
    7016   10726    2904   12272    6703    5081    5052   12404   14078     852
   17314    9178   14771   14322   16965   14117     798    1213   12442   11633
   12730   18188   13835   10063   19107    2415    1552   18396    5121    9117
   12588    9574   16562    8263   13452   16251    1053   18400   12684    3251
   19417    3537   15594    1828    4627   12485   11146    6281    8830    9044
   14107    8921   17537    4646   18620   19689   10659   10015   13419   16345
   14593    3032   17647   10545   19612    1883   12567   19397    8854   12015
   19226   16903    3962    4898   14255    7314   12402   13646   10194   13909
    7591    2822    2207    9200   18878   19011    6058    1464    2001    7681
    3524     678    8593    1367   10145     609     407   17633    6939    7406
   15173    1226    6034   16122   14210    9917    6350    9126   13340    3088
   15262   16662     133   13038   13400    5647    2601   10975    1467    1911
   13879    9336    5160   11046   14818    9146    7389    3743   11755   16172
    1361   15451    1227    7485   12675   15872    1544    5133   17384    4157
   19420    6214   19738   10328    6425   18044   19646    4966    4807    4084
   18633    5973    2280    9339   16561    1263    9628   19491    1478   12808
   10287    9124    9656    9670   11975   11450    1273    8808    9806   19770
     116     329    3525   11511   17249   11362   13071   17694    8865   12350
   13652     117    7870      95    3844    6226    7237   17518     933    5407
    2687    5420   14052    9742   11122   17395   18083   11569    9288    9099
   19010    1200    3921   15263    1480    6426   20000   11045    9662     622
   15245    6380    9472      57   16735   15742   17737   15273    5952   11878
    8019   11370   19528     800    8323    8140    4854   15389   11726   18052
    8003   12715   12812    1092    2586   14381    6912    7138   15164   15533
   17609    5243    5901    8982   12142      21   14839    5705    3926    4995
   13040    6972   17112   10282   13440     918    3761    3865   11538   12865
    5124    1412   10753    6884    8152   12399    5093    2853    3521   19562
   10885    9919   17394    3544   11142    3193   19650    1617    7998    8234
    3570   16038    1769    6731    3880     805    1894    1343   16969   18998
    7611    3618   12035    6184   16338    8224    9823    9582    5805   13225
   12986    4375    7981   14559   10324   13350   19497   14877   13032    8337
   13643    8241     469   19173   12344   12902   14401    7890   11336   13827
   15798   19887     764   17510   17118   16292    1732   12016   16101   16550
    8675    1912   13864   18760    1847   17896    7115    7909   11495     972
    6560    2977   11123   10410   12751   19634    1136    1006   15393    1582
   16691    6459    2188   17032    9244    1618    3194   18718   17189   10414
   17998   10600   12977   19093     178   13624    7604    1865    2703    1456
    4074   19136   14338    4210    1650    8173    8400   19240   11935   13270
   19068   19512   17919   12702   15534   13333    7543   18416   16164   12524
   16615   18752   14247    4396   12457    6355   11319   12520    1754     958
     649   19750    8312    1486    1665   13242    7534   15365   19423    7157
     738   13124      36    6002    4958    6829   14020    5689    4367   18256
   19122    1748   16663    2905   16533   19098   16509   15823   12678   10198
    9252    8299    9383    8961    5660   16842    9712   11327   11026   13686
   13025    9538   13504    2007    8383     872    4860    4990   15775    6817
    7679    1675    7866   17770   18045   19437    1044   11348    8129   16569
   13393    3929   12079     930   16233   12302   16822    5555   16080     375
   12623    5789   14876    4579    5175   13215    4066   14574    3515   15057
   14602    6210   18550     467    8314   11627   13373   12745     179   15697
    4587    2651    3501    8505   15317    3227   19038   14499    6630   18928
    3943   17982   16723   13183   12673    1231   19178   15156   10309   18659
   18370    5435   13425    8647   14956    2906    4377     942   13044     576
   10432   19476     299   16150   12759   14537     614   16329    2376    2424
   18542     317    8843   15386    1954    3305    7780   18833   15508    8407
   16062    5478    1145   13188   11933   17117   19112    9143   13858   13103
    7473   14847   19117   13659   14163    9868   18028   14368    5510    8080
    4470   11120   12959    7631   14008    2336    3413   15356   12040   18263
   12784   11166   12120    9181   14781   10093    7709    4698    1817   13779
   17620    8693    3017   19621    3349   14845   10565    3707    5903   10463
    6940   11050   17943    5222    4590    6926    2440   12346    8111   11488
   12321    4777   12278   10713   19765    8251    3736   19658   16008    9461
    3978    2730    7272    6597   14448   10755    8233    4716    6395   14935
   13796    7094   10004    3676    3730   19948    9819     753   11223    3128
    8681   12539   17416    3337   15154    3923   16162   16247   15725   16555
   17533   19583    4434   18168   12026    2337   16738   15100   14492    9272
   11298   10825   10221   13905   12649   13893   16688   16159   12722   15778
    2910    8052   12363    6574    3023    9612     451   11308   14715   18917
   16217   18343   15847    7397    8441   17392   19516    9299    4622    4125
   11766    5335    1387     198    4482   12537   11921    9283   10811    2843
    6140    5488    2417   16304   13614   12555    9920    8817   12546   10477
    5929    3205   16916    4877   14496   17692   14186    7415   16307    8333
    2710   12639   11371   19123   10616   13043   10158    9071   13069   11936
    5631   13173   14027   12682   10865   10630   16474   13250    6627   13428
   18152    5772   15240   17583   19906     717   18952    2247   11418    7504
   18847    4536    5635    5159    4567   17009   18286    2082   19879     306
     151    6044    5350    8842    5494    7551    7500    9726    4174    8443
   13814   15316    1221     106   16100    9896    7553    8910    6644   15301
   18514   14931    8646   14944    5446   15945    3174    6394    2049   19844
   11396   17433    5700   10315   16363   11646   14925   12483   17949    2925
   16759    8607   18410   16320   18362   14142    3697    6437   12446   11768
   18178    9455   16237   13362   13780   10169    7070    6173   14624   15308
    8848   15357    8361     898    3700    8705   14435    9696    2004   17574
   11546   15810    3760    3108   13897   19651    5328   10278   10478   15813
   13577    8456    6765   17408    5685   15123   15037    1578    6206    2009
   17255   19727    5386   14545   16349   14571    2600    3016   11767    4701
    2427    9394    7261    5915    1405    7404   10924    7826    7253   17143
    2874    1400   14825    7071   10013   15898    1115    8093    1840    8454
   17309    4973    6861   16876    9034    4731   19909   17710   16083    6092
   18953   18170   17568   11727   14062    6504   15758   11706   18082    3077
   11460   10050    4130     646   12423   19606   10619    1784    6015     420
    7140     248   18650    8616     766   11836    1033     172   15600    5664
    4571   19540   19442   13260   16211   11552   17260      74   11415   15622
    4799   11690    7764   13681   14154   18151    7586   13726   10902    4569
   17867   11351   17019    8994    9847    7744   17502    6897    7241    9884
    8417    4010   19365    5434   15282   16706   15149   16399   12018   11431
   15751   10620   15395   14696   11134   12939   19955   14829   11231    8737
    9483    3591   18822    1119    5076   12647   11693     941   14688   16282
   14610   13960   19188    6517   13987   13938    6135   17932    1372   18135
    1901   18011    8511   19042     532   13855   16133   10027     901   19179
    5703    8432   11838    6068    4665   18376   18067   14270   11895    1649
    5012   14330     439    3675   11214    1789   10690    4533   11951    8073
   17711   10165    8301   17120    7107   18273   15180    7578   19905    8462
   13469   16459   12650   17887   17053    9739    3118   14718   12469   14606
    1050   15466   10427   11565    1477   10140   12481   11138   19533   10711
    9141    2528   17626   19980    6218    7236   11741   13553   10166   15873
    8375   14413    7533    7156     691   17507    3176   16462     740   16710
    4383   11994   14826   15959   15254   13482    1125     250   16783    3643
   12551   12215   17927   11995   18883   16804   12347    6204    2562    9569
   13921   19318    6858    6075   19595   14261   16861    6439    6356   16864
   13233   16052   19139   10408     146   11440    9326   18466   12028   18458
   13521   19633   18230     601   14891    3244    4089    1218   17654    1028
    9443   11479    7166    1737     720   14987    8020    6423   14878    7063
    6105   12207   16988   12283    5119    7743    5065    7265    2290    4441
   18164   15489    4009     459    6966   19289   11750   14173   10854   14658
    7852   17931    2668    5980   10371    7725   14902   10694    3911   13487
   15400    5016   15661    8253   19675   15200   14870   13253   11127   18733
    2701   17396    4302   18360   19500    4477    1506    3245    6587    8389
    2475    3357   13074   17462    1344    5575    2003     449   17698    1573
    1907    2488    2202    7970   11536   11931   10365   19236    5814    4534
    8918    4519    3523   15865    7410    3918      52   11950   16792   13172
    6899   12177   19990   10253   19434   13847    7996    2746   19140    4289
    1001   17231    6191   15143    3158   11111   15906     908   12659    4252
    4535   11637   15336   13248     261    9389   18800   11442    9444   18143
    7348   12415    8483   17944    5763   13358    9329   18057    9243    7239
    2950   11521    1724   14764   17500    3329   16249   17900    7711   10259
    2156    9106    9222    3253    2921   12017   13816   10318    1727    5922
   12383   12375    7049    9807    2761   17033    5066    1834    9480    8120
   15829    6235    1909   13671   15281   12608   15649    3055   12318    3508
    3886   18982   17086   14182   14562    6070    3839    7082    2069   15716
    2614    7565    4563   14652    3716     713    1609   16678   10775   16097
    1332    3064     700   16989    6345    8592   14554    3362   14166   12020
    8804    4165   10368   17721    8060    6617   12957   16853    5361    6814
    5556    4925   17520    3994    6567   16928   14788    7044   16372    7985
    8577    1295   18238   15964   12369    5062    8045   13812   13694   10937
   19644   15512   17293   17017   10452    2455    7617   19304    3065   16850
     590   11259    3855    8942   10806     919    3992   14531   18920   12373
    8143    8747    3344   18533   19899   17668   14132   10157   17253    3690
   13035    6979    8473    9757   13617    3269    6045    6147   12031   14563
    8712    3534    5790   16205    6613   19301   12505    5654    5505    8979
    1415   11986   17263    4749   16713    5802   19104    1720    4036   12855
   14400   17804    1420   11535    8119    3312    3834   16962   11592   18678
    8571   15141    6195    2288    2052   14642   14497   19411    4982   19707
   13760   13869   19373   10341   19668   17475    3824   13464   16027    9987
   15506    4783    5792    8559    3527    8935    6594   16428   10571   10465
    2298   16772    7845     547    1515   10546   14379   18387     415    8540
    9500   15187    3598   14806   13325     249    3619    1300    4297   17202
    3989   11891   14452    6158    8035   16619   10701    4619     659   13599
    9618   12728    2749   16505   18705   19681   10961    7697    1459    3615
    6946    3985    4782   16467    3387   10697   18997    7731   11095   14594
   18738   18907    4957    9061    2364   10017   13655   16852    7336    6999
    5260   13293   19441   12726   12434   12867    9576    1216   15691     874
   14834    6786   17148    2369    7490    2351    7538   10475   19381    9881
    8274   11217   10974    9404    8605   13762   12374    7660    3710    6144
    3951    7331      97    3489    1706    1386   11016   16746    7091   17892
    2514    1812    4087   12270    4057   12779    8181    5153    3674    9202
    6910    3231    4774    2597    8195    8750    1738    9370    7727    2015
   12557    3168    4687   13623    6463   11680   10999    4195   12892    2159
   17239   15515   19607   10270    3811   13736    1350   13490   16126    9180
    5205     911   16210   16958   19604    9484   10031   16508     869    9046
   13688   18226   17820   16037   18465   13155   20001   14576     367   14446
   15569   18242    9001   13800   16475   12550   19224   12612    4062    2097
   10156    3519   13716    1586    4956    7526   16906    6822    5948    1726
    5384   18270   13444   18902    6726   14747   12484    6255   17886   13845
   15770   15135    6582    1076   18735   14288    2399    7682    4047    4970
   16603    5224   11682   19672   11542   17482    7554   18949   18767   14469
   13231     549   18813    9077    9939     626    9856   15966   13353   13517
    8336   11448   17328   18179   17623   13147   18272   17427   12615    7559
    4002     427     125    2649   10773    1676    9388   18522   15747    8660
    3874    4150   18442   17866    8366    2587    9459   17274     993   10959
   15435   15834   13798    3407   14907   17795   11208    2640   12291   17595
    4683   10359    4022    1875    2897   13852    8653   18200   14224    3304
    7442    9207    7165    2223   18491    3965    2338    5452     353   19091
    6794   13871    4014   11492    3113    8780    5139   15203    8427    9291
    5729    5501    2520   10101   16124    4235    5421   12393    4228    5581
   13975    8642    9630   18806     987    2377   17939    8564   14292    2744
    4717    7824    6295   14347    3007   19880   13095    2348    9294    7516
   14809    1201   18904    2993    5199   18587   17381   17530    3258   18743
   15861    2210    8046    8038    6748    7550   12694    3376   10657    3412
   15879   12055    1715   12064   13751   17541   14380    8753    4902    7640
    6659    9732    5447   10991    5665     189   11825    9764   17567    7113
   11821   18879   16716    8993    5759     213   19145   13244   10149    6591
    7014    1207   10317    5578   13475    5351    4951   13170    4727    6072
    8491   11940    1796   10409   17669   18165    1644     457    5324   12328
   14616    9057   19432   11446   11510   12387    5475   11811   10856    5353
    1225   19972   12010   19357     654   17187   14716   17724     144   12360
    9516   14121   13436    1282   15146    4286    6835   13685    6275    4421
   13784   17999   12290   12630   14985    8558    2116   18016    3444    1662
   18565    6547   17463   13162   19035   10472    9379   16801    2066    8566
   18379   18381   13334    6304   14162    8201    9788    7988   14910   14983
    5731    1261   10698   17123    4092   19553    8991   12157    9577     976
    3828   10376    6486   11582   14199    4128   19594   16115    5873     879
   13191   16794   14833   14192   12390    6311   10897   15915    7294    3429
    3506    3401   15703    9293   18308   12171    9596     495   13111    2272
    8044   12325    8184   11347    9822    2827     888    2425    8818   16608
    6344    1142    4914     598   18456   19825    9790    5907    6007   18908
   17826   13384   13853     501   12002   11613   14004    5506    6122    5512
   10045     579    4248   11295    1971    6712   15621   18265    8538    9255
   14631    2211    9014   14899   14556    1982    6151    1714    3322   18914
   18184    6645    5666    5761    6943    4721    3522   16612   10393   13582
   18338    5671   16817    3709   14519   18858     340   10927    2564    7443
    1967   19162   16666    2144   15933   11314   13523   13278     288   19556
    7283   18720   17602   19653    8418    5981    7031   11850   11860    5758
    7143    5086   14147    6107   13013    1539   15421    6598    9479    9638
    7636   11029   13437    4182   12988   19013   15026    7879   13494   19753
   16485   14058   16825    4996   19569   14437    2873   13046   16262   13729
   14803    5196   17888   19232    8986   19731    4126   11519     959    8984
    2056   18667    4626    5128   16559    7069    7827    5170   17376    4679
     203   19793    1390   19261   11957   10403   18137   11015    2313   16090
    8507   15638    6930    8265   16272   16371   11200   10748    1424   10846
    5784   19865   10668    6260    7110    8518   14993    6715    6167   18259
   19996    1308   19943    2125   17559   12397    9660   16300    8589    6273
    4785    8768   15877   19106   13341    6296   19978    6254    9476   10499
   14129    6379     572   19560    3891   11061   15196   15989   17419   16494
   11198    3225   19626   10159    8110    4114    8641    2067   15144    6014
   10041    7647    8051   14633   11669   11498    6529    3358    2382   10581
    2190    5279   16209   15891    2742    5297   13406   13782    2201   18412
   16833    2663   14465   12634    2384    5876   10952    1722   19534   12410
    9037    5472   18868   14639    5704   19147   10460    9536   16387   12775
    3806   12888   15875    1133   17790   18162     847   15672    6468    7917
   15126    7243    4238   19515    6900   14729   12230    4577   11724   11284
   18890   11178   12840    6993   17905   18525   19302   17072    5298     510
   19962    4999   11128    9758    6246    1275   10759   18098   14704   19146
   13575    4399    9979    3370   15853   19858    3237    5920   11879   17598
   13020     759    7614   18078   12542     715   18340   11902    8169     529
   16218    7445   16963   18764    4060    7720    6658   15344   17898    6087
    3331    1716    6291   16492   17401    1450   19355   18515   19582   11882
   16516    2952   10237     104    2628   16941    4318    7804   12282   13802
    2161   16538   19538   16030   10832   17178    1352   14126    1109    6541
    4040     854   19686   14739    7519   14372   15790    4356    3731   12786
   10876    6077    5884   11612   12181    5454    1674   14949    1848   10575
    8126   11287   19116    7379    9716    5902    3800    3038   10709   13501
     235    5570   16860   15363    2119    5313   12565   15001    7323   13861
   14388    7693    2101   15048   10297   19846    3679    6721    1980    5129
   12432    1712    8834    2307     765    8137    4354   13239     731   14473
    8396   15189    9438    3815   10541   14698    6590   14589    1939    8806
    7746   16645    2933   18445   14054   14030    2285   13788   19108    9616
    7897   10771    4913    1837   14881    5563    9929   12135    4736   13408
    3765   11945   16452    8533    1113   13799    3191   15584   15706   18950
    7495    1786    3838   16697    1946   19051    6365    4844    4025    3208
   16222    1228    7364   18487    7334   11106    2577   12848     430    2181
   11749    8715   18309   17351   12289   18715    2262   17746   15209    4177
   15335   14177   16138    8081    7603    4628    5656    5442    6142   17904
    3818   11585   18483    9159   17847    8255   18012   14918    2667   15835
    2035     322    4604   19768     289    1064    1338    5002   18334    2909
   14819   13018   15169    9259      10    1356   10361   10579   14050   17924
   16556    5827   17788   17545    5636    6632   18004    7763    3777    5549
   11483    4063    9093   14102   14578    6958    4259    7598    1023    1458
    3835   14370   16862    5387    3639   15110    3871   13110   18651   13241
     357   19351    1606    9978    4557    2260   13564    1462    8888   11131
   16323    8194   14133   14516   18887    7848     647    4933   12743   12261
    6792    6689    2177   10944    8851   18206   16398    3299    8132   19249
   13101    4358   19918   18100   10564     326    5020     324   17450    5266
    1183   18996   14040    4824   17268   15332    7674    2625   12540   15888
    8785    8348    5497    5863    7492   13269   17237    6455   18960     637
   14498    6348    3940   16566    3465    2436    8954   11159   12752   15606
   18375   14297    9316    8926    3320   17382    6161    9165    4651   19565
    2122      99    6280    2811    5456   12070   18596   17457   16183    3493
    4345    1100     112    7700   13196    3647    5410   11757   10700   13047
     109    7471   13247   12403    7459    5780    1798   12370    5964   19588
   11212   16295   17207     274   19541    5396   10238    3086    9886   12262
   10766    1326     226   15642    5088   13621    8778    5125   15042   18610
   13455     665   12092    7677    8786    6055   19433    8373   18385   19973
    8089    9709    4151    8480   14666   17179    4859   10107   13063    7659
    1608    1061    4561    9260   18358    8845    9904   11963   14157   11366
    2996     208    2871    8950   11792   13549   18275   16213   10280    9502
   13146    3920    1988   16273   11603    6118     677   10812    9526    7359
   17284   15309    8191    3375   18110   18919   12931    3704    6717    5136
   14749    8499   13611   17012     566   13745    6948    5310    9028    9733
   12153   11912    7412   14431   15914   15926   12248    1022    9931   12870
    2598   12006    8202    6811   15718     192     645    7532   12312    8919
    1219   18451    6896   13318   14472   10243   16131   15167    5675    5332
   14215    3010    5550   11815   17672    6381   12247   19266   13717    2477
   15695    7394    1379   15554    9805    8041     582   16388    1597    3472
   16258   19401    1684    8913    2851     368    9813    1114    6285   10534
    8294    8024    1284    4422   14705    5854   12958    4984    5955    5604
    4326   11927    5535   16604   18968   17219   16317   13972    2552    8837
    6713   16640   10406    1077    9799    9711    3082    7441   17195   12412
   11463    9413   10089     216     286    5692    2275   12005   18171   12223
   14509    3509    7875   17119   12964    9072    8495   14468    5672   14193
   10518    7317    5752     119   16384   19912    3543   14100   12972   18975
    6213   12965    8512    3563   11399   14036   12208    6975    3706   12339
    2282   19366   14383     928    6028   11487   12646   11470   15448    6483
    3291   12556    8369   12451     917   19683   16394   18624   18994    4832
    3781   10542   19424   15577    5127    9285   12388    5809   13752    1124
   12439   13387   15968   19766   11005   14484    9802   14277    6601    6592
   17580    9173   17951   13359   13900    6169    4974   15630     490     693
    1312   14780    6005    2510   15574   10793   10139   13731   15217    7752
   18841    9752    3005    9580   14060    3520   13700    3165   11556   11044
   10651   17455    2016   17542    7073   10025    5590    8643    3114    3627
    9753   11444   13733    5841   10390   11944   18714   18347    5042     507
   14538    5619   17169    3812   13177    9613    2429   13672   12813    7904
   19826    3433   15181     153    7041   11397   13773   15371   10430   18298
   13519   19963    1366   14959   18516   12216   12933    2462     714    7942
   10086   13878   14629    6061   11608   10043    6329    3213    7508   11477
    6862   18763    5912   19046     485   15604    2299   10203   12597   17575
    3664    2294    1688     224   14317   11788    3467   15528   12800    8730
   13024    6776    4605   13848   14376    5533    6563    1683   10119    4481
    8648     396   19942    6447    1601    9029    3548    7004    2947    7916
    6362   14364   10849    9999   13309    1190    6985   16269   12707    5615
    5130   12489    7649   14580   18007    1592   12862    9727    3202   11069
   18223    7109    3898   14973   18696    4684   11244    4625   16044    6615
   17149    8735    8894    6581   10046    9142   13125    2302   18096   19063
   10215   19828   13598    8661   16647   18479   17782   18710   19463   11524
    2329   16350    9832   11983   16851   12211    3459   19073    9191   10605
    5135    3825     712   12942   12357   14019   10519   18130   15334   16120
   14623   18993    2314   12362    9965   16284    1533    6960   11976   13104
     431    8743    7168   12201   19458    7669    5430    5276   14654   14074
   13896   17472    4702    9891    2241    6374   13923    8338   12508    2780
   18174     912    1488   18591    3107   14137   10967    1285    9689   13271
   15422    6257   10036    8004   16364    6262    8065    5851    2176   19928
   19168    2437    9045    2203   15348    8832   12476   18224
