   25847   34386   29542   28841   24830   32660   27592   36148   26099   31597
   30980   36692   32210   33443   29826   25756   30426   36785   30758   34263
   24260   21561   31247   30084   29734   36968   32372   29277   22959   26207
   32617   28809   32855   22006   35816   35996   23560   20267   20037   34470
   24366   20693   28638   33772   36314   33669   32880   30035   27516   35793
   35182   30863   30464   20013   28857   33136   30714   33476   34104   28538
   30920   36760   21678   22346   23556   23626   26229   28718   30681   26188
   29492   21151   30747   21000   32104   29118   34663   24025   20100   35339
   24357   34173   26675   29841   26703   35072   20198   35226   36050   25746
   23706   23608   31559   20255   30332   31334   23799   27458   28041   21617
   21589   25126   36727   35688   29006   32538   34013   28807   28775   36283
   26006   29514   35043   23835   32458   20609   21398   28674   20223   31403
   32967   21257   35094   28745   36822   33386   24431   35783   22376   21215
   23811   27338   31400   22621   33094   29538   22586   24096   28367   29925
   33561   34168   30731   36501   25714   34935   26865   36358   30114   32788
   35447   24582   24739   26718   29356   35851   21385   27036   31529   28242
   35330   22798   35228   22686   26238   22190   36183   27968   24790   29260
   34971   32379   27515   20248   35915   30849   29666   34372   24070   30603
   34938   30472   26395   33348   21133   25091   27672   31748   35689   30157
   26707   35121   28340   31699   20700   32327   27499   31752   31453   25816
   21573   29010   32497   33620   26638   29908   22866   32432   29097   22409
   35065   23083   29028   23617   29427   23277   33820   34725   27303   20579
   24437   27633   32366   25637   27711   27329   32531   20553   35742   25817
   25836   28543   20478   20286   28990   27149   33993   33502   26174   25621
   33866   27960   34890   22764   22220   24880   35299   24705   31279   30658
   25705   25301   23764   36021   28511   28645   30699   29135   24491   23148
   36257   24406   28357   34844   32736   20340   35439   32371   30301   30985
   23274   26834   23947   36260   34437   20582   24810   35494   20889   27644
   20194   20429   22281   30396   20389   25709   25453   34917   30096   20904
   25965   33999   27977   20372   22867   34020   33197   22359   22401   32158
   36239   20660   23417   34236   23525   33817   27367   24563   20265   22733
   30484   20183   36348   24352   31164   22288   22718   28865   32045   30066
   36799   24662   23637   32873   28442   33615   21593   27546   24349   35383
   36319   25487   23746   20525   36844   30159   22799   32241   26539   22639
   24606   34211   25288   29575   27133   27265   24047   30359   23224   21588
   21193   23072   21772   22451   35185   36273   36186   22735   22096   30287
   27348   22316   34390   30757   21347   35125   20399   34924   22777   24962
   26142   35500   28086   35932   29550   21654   33296   34792   23968   20923
   22175   28502   31454   29082   24393   24788   20988   20482   21287   25196
   30370   20961   26842   32164   22533   28743   31047   26405   24315   29007
   36940   31907   36739   24929   21863   36881   33867   31318   32269   22413
   30529   29565   23609   26039   27459   24299   28358   34409   22083   24004
   24874   23786   25231   32602   28589   30243   34215   23296   20803   25420
   33552   32167   20520   28278   29724   26504   28475   30103   29331   21010
   29326   29694   20678   30442   27982   36599   35525   24811   21052   35945
   28578   31794   20868   20897   34380   24394   36947   21313   27300   24572
   29358   23712   28974   24129   27652   28158   33124   35467   29268   36555
   20752   35285   35971   29732   30459   22174   36419   36121   30530   28620
   27649   28300   36402   21945   26737   36620   20620   22321   30910   35400
   32199   36833   26659   29436   28493   26531   35650   29279   24637   28993
   23338   20602   28729   23061   35054   25839   31000   28407   28419   30574
   29894   20088   34534   31895   26515   35334   33050   29834   20774   33442
   34916   35363   26085   36666   25013   30175   28275   22786   28293   24948
   34708   30271   25724   33550   27943   24840   20895   36400   27524   27669
   25960   28590   20118   20962   26401   28930   32978   26874   26727   29337
   31387   20557   29089   28057   20214   29753   24080   30821   34507   27777
   33580   35192   34364   36214   31927   20498   21410   26100   26470   25183
   26550   35824   31775   28700   28939   31170   30038   33441   21466   25988
   26199   29656   35317   32811   29535   32305   24554   26826   22328   28653
   28550   30028   32476   20794   34897   28039   34480   26526   25642   34991
   31776   25336   35940   24095   30101   21337   25862   30874   21826   24817
   32946   33156   21733   23538   20269   24813   23495   27738   35855   34208
   35015   27658   25648   30969   21221   34877   24465   26530   25468   31461
   27899   20051   22247   27502   29065   31684   28402   28055   34478   23355
   22859   22308   34235   23777   24222   27297   23255   25260   24857   34201
   28451   33830   36525   24996   35418   20107   20726   30368   35998   22428
   27682   29641   28033   31988   27024   33298   21493   31343   21756   36573
   29551   20278   34710   36812   33487   32893   25924   36248   30875   30898
   30207   22567   36207   23496   25089   35386   28619   31904   30800   30275
   24380   34190   22998   28819   30900   31335   32037   33090   28800   22725
   23795   35451   23920   25404   32557   21771   20069   20866   33555   27574
   31823   28219   36531   32337   22218   32594   25802   31712   30660   31027
   33898   29584   31126   25653   31824   30619   25076   21176   21341   21792
   35422   36294   22679   27194   28801   20170   28871   31096   24687   25753
   24340   26366   32683   28720   26991   35294   30990   29727   31847   29185
   34989   27403   25143   29802   21849   22153   34896   29613   21848   20735
   32896   33120   26894   27980   22035   24576   25394   36772   35548   32761
   25928   34608   27243   30526   25866   30654   36979   20806   32390   32631
   24994   25270   26216   24823   36999   32877   22922   27393   30419   29045
   27146   24508   25122   24229   32869   20262   23590   30330   20706   27294
   25622   21409   36849   32734   35767   31287   34224   31120   27945   20826
   30431   33974   25259   25264   21062   36105   22952   29458   20796   22460
   21647   34837   26357   26987   29670   27238   34252   30082   24634   28302
   21915   26225   23247   28378   34965   33834   26101   21245   26355   32612
   22380   27359   23862   35175   31592   26137   27985   36763   28298   29146
   31910   29254   30682   32121   35211   30386   36627   25976   20704   36564
   36150   27627   31485   33361   28950   35387   32503   36488   29484   21819
   32545   32668   23443   23301   33159   21717   21812   31002   36860   33940
   24822   29654   24719   29832   33624   24965   31992   22984   31213   35187
   36147   24081   25341   31557   20011   24444   34193   29002   36918   32964
   31476   29044   28880   20178   29909   28770   26782   29667   35042   34607
   21634   25722   28023   33854   33818   28297   33962   28531   32409   31671
   23075   21127   21881   21311   33229   28188   28285   21244   25913   31980
   28046   32421   30586   32323   32935   23452   36185   36425   28024   30468
   32770   28716   24429   30395   21273   35780   20380   35918   27312   27011
   33131   35173   26669   21770   27704   33765   28851   26535   35470   20057
   36014   24724   32012   23340   20157   27445   20028   22100   27271   23236
   27000   21908   29910   31669   35865   29916   28528   27979   22217   27468
   32402   22278   33357   35474   21811   34891   30025   21109   31232   24795
   22776   36509   32145   26621   31954   22423   23918   34591   33710   22771
   22167   30625   30740   32848   21417   31401   21911   36338   35814   30917
   26241   23713   25379   28232   25367   35328   22360   26224   21170   22058
   30650   33621   20150   29259   34259   24144   33787   24396   34089   27955
   26786   32485   23868   34376   20486   22476   35619   22326   26999   27615
   26928   26179   34963   32681   23444   30021   24413   31563   32487   22628
   24438   26350   33027   25307   32521   32435   28662   35635   25680   29833
   26144   33420   36485   21611   21525   30925   21329   29491   24330   30321
   33694   27296   27276   34094   31911   25957   24178   36831   20605   32920
   27168   25723   35785   23259   35050   31168   28006   36550   29552   25279
   27118   29171   31877   25252   21921   29094   32293   26595   28126   21768
   21198   33959   36492   36391   33792   32723   25783   34304   24354   32173
   27247   26466   36459   27563   28249   34931   26924   20492   34091   29463
   32737   32703   29023   29787   28582   33232   27632   29445   36333   20946
   26344   28253   33559   30594   28036   33785   26481   25949   29754   25617
   33263   20504   25127   34271   21839   35258   32245   30076   30639   33001
   27728   34862   32756   36049   30152   31104   20176   33498   20247   25459
   32630   26795   33563   20295   21456   25544   22020   31462   20371   32639
   22183   21487   34558   33040   23651   30286   35598   21817   33631   30896
   32998   29579   36795   36982   27519   24133   31271   21522   29262   21435
   25512   30449   21725   31255   33606   34023   25080   31487   24294   30399
   24584   30106   34894   20325   21050   34204   34443   35347   34381   33646
   24975   24845   31455   36388   30218   28454   23638   33589   30046   32016
   27754   28888   31349   31600   36243   34128   34743   26075   25038   34907
   29956   32059   29728   36522   34653   32299   22341   24151   20784   22010
   21962   24480   26416   27441   33826   28226   36415   28944   28690   25855
   34166   32457   30124   21739   32799   33100   20890   26251   20914   25557
   24291   26283   23883   22474   29056   31043   33468   26258   31801   25902
   35745   35308   26124   26926   34517   24063   30862   28075   32441   21089
   20484   33971   27258   36236   31194   36444   26472   27189   26250   25980
   21898   22691   22732   30099   26986   26649   21980   21481   35237   24700
   21165   26623   34337   36942   29293   31034   21497   32124   22651   21374
   24709   32317   35570   20190   29890   35772   24895   33109   28618   32556
   30716   33736   28152   25147   36639   29707   33332   30996   20165   34880
   35110   36479   20755   34590   31573   27756   33722   20716   30889   20589
   34922   36020   27621   33412   27327   21218   21202   36004   21857   35105
   25325   20926   20543   34588   32731   20235   31285   33408   32161   34357
   22398   29174   35057   24685   21613   24203   29430   26552   28919   22208
   20412   23005   22683   36205   30335   22840   33828   31818   22310   20809
   21459   25755   31189   29991   21006   32383   34778   28174   31922   21724
   22990   22582   30424   27320   27470   35916   23407   36412   36848   21901
   26440   20168   22053   21582   35710   24879   25044   21164   35093   29788
   21597   32282   20117   30706   23995   32328   34943   32204   32050   22660
   20148   29351   36383   35417   31355   33111   20435   34885   20990   33005
   20574   21661   34297   25907   26607   34217   31420   24605   25163   26750
   25704   30061   29503   26921   21794   23113   23370   23871   33811   31195
   27951   21241   31236   36861   21781   20171   32944   27947   21539   25565
   30597   23555   31039   28440   35532   24430   36452   33162   29397   33663
   20799   20074   29109   31649   24293   20575   32202   27033   23288   34389
   31523   29190   35199   29840   27687   36633   22783   21100   27684   29521
   36123   34439   23718   25149   33086   32404   25633   23087   29169   35048
   22170   32922   20585   33142   27350   23139   25373   20827   29469   30538
   24244   28003   32656   24127   22059   32424   35608   31951   35473   32392
   34740   26271   20062   34876   24383   35157   21946   23254   25002   20021
   33654   24971   30928   36187   34060   32651   20364   34274   20475   26927
   22957   34762   31026   36171   22188   24100   20732   29306   23312   32986
   33632   23198   24615   30817   26961   25899   36713   25161   31258   23854
   32395   25780   26637   35204   28212   36065   31806   30053   36421   23771
   27598   23231   21401   29062   36455   36743   21887   27497   28585   20355
   30031   29884   24099   31428   20927   20951   29042   25339   23050   32749
   36920   33242   25424   20921   23540   23022   28699   29703   28279   24534
   23546   31379   36843   20977   24434   27237   34689   24722   24938   27162
   29509   20199   24751   30604   35913   22889   25422   35841   33564   20912
   27174   32074   26141   20586   32139   23010   33546   24855   31394   35212
   36529   28586   30202   25447   24947   32126   30892   24778   24400   24106
   21171   25385   31865   24883   22438   21907   36540   34869   35292   24797
   32650   27135   22500   22620   30508   22737   28667   20604   33693   34827
   20598   35776   28239   27703   25464   21685   25359   26913   33725   34522
   26175   22245   23303   35751   35773   24649   36814   29867   32867   29230
   35660   20333   31591   30763   35012   31542   30509   31916   21922   34870
   22014   35302   35450   24259   26235   33528   20156   28991   27789   22240
   22233   24538   36015   28994   20512   20744   22634   28002   30677   29438
   20941   35162   34257   23909   28110   36369   31755   21758   34391   28492
   31499   23534   28308   29837   24666   31620   35749   25697   32170   31057
   30339   35066   24960   24050   30204   32584   28351   25790   27089   23161
   21270   22162   22206   20047   24443   36222   22633   22040   24711   25566
   31312   27610   33350   34240   22521   26577   26830   35218   33720   35076
   28806   23723   34077   26007   34412   33978   36945   36410   28403   25993
   27931   27646   21428   31550   34456   33371   23481   25445   36241   22958
   33271   28597   27054   29586   36632   30988   22955   27451   32596   23599
   30390   35279   20298   30812   21866   22926   31804   31964   23377   31809
   27172   36869   20842   24549   28987   32152   34296   34901   26565   21260
   24131   22159   32762   33497   31556   31937   26558   30666   35554   20514
   31177   33582   27712   24619   33009   30388   20665   36832   29083   30598
   34664   22554   35792   22287   22685   32699   35260   27306   32962   27735
   29338   33182   29664   25835   32591   31291   32852   29781   31940   28052
   26763   24124   34068   21749   31109   31426   26876   25243   29532   31162
   33406   22470   20571   27101   21415   36777   36589   22908   22535   34642
   30244   20648   22147   25232   36944   21985   34932   21751   21818   31388
   27453   31614   20856   30847   30673   27387   33356   28421   31004   29775
   22246   29489   23558   27558   34007   27720   26399   22726   31534   35774
   33323   31079   20453   22186   35704   25096   28311   36376   36685   31805
   32445   26772   20319   31941   30251   36717   23694   30363   36034   36069
   34083   33374   33752   22333   25210   36688   36912   36563   30334   32716
   25148   36581   28172   26596   20427   30319   28740   27322   28702   23888
   30542   32638   31365   24199   33636   33226   25338   35982   22571   23501
   25770   26292   23199   36298   30588   25065   20250   29156   26386   23026
   33499   27448   35101   36384   24859   27631   35028   27577   33731   35476
   25499   34992   21955   25947   29482   32954   22654   32354   25308   34514
   31415   28277   20153   35189   23690   20402   26221   31196   34301   20207
   27282   28588   36008   20832   33203   32851   33625   21534   22781   27612
   31781   28305   31500   22168   29186   24066   34017   35518   31029   26198
   28054   34072   21265   23928   25450   22412   31952   30794   20317   28889
   20172   21937   21957   21236   32610   27625   20876   23641   27597   28438
   29683   23019   31186   21267   21005   28689   25607   26960   35416   26963
   29330   29718   24397   21880   26155   32744   26714   25730   21566   29918
   25112   33241   36939   35641   20474   33305   29486   30891   24441   24667
   31593   26661   31511   24420   29127   25842   34621   21483   28755   24410
   31253   27188   24447   23683   23797   24808   24388   30525   22065   30845
   31694   32558   23990   24409   34656   29737   32296   30816   23233   34272
   32520   28323   20442   32222   30605   28836   31350   30840   25895   23755
   25255   32805   29915   22250   25591   25377   34361   22907   36839   21080
   31024   28907   29821   20073   24590   31191   20012   36996   31812   20244
   35725   23111   24085   25070   21442   36730   24683   26476   32724   28605
   36076   20163   36356   21246   30762   34795   32215   32082   33411   36640
   29455   26851   34446   30701   31795   24502   24587   33742   29145   22394
   31077   36282   30591   22356   23248   35784   28683   30138   28349   33414
   28750   25440   28787   36792   23442   32763   34760   21928   34399   29602
   35178   30421   34202   23852   24177   34264   35310   31173   31359   20373
   26331   30628   22062   22383   33316   33719   35533   21930   24390   30041
   26944   28301   36462   27959   25938   24448   30914   31710   31753   21555
   34644   30631   30664   36057   23001   20765   29113   35443   28725   36897
   26662   22135   20766   26096   28764   25387   20294   36619   26083   35059
   23773   26808   27438   32129   35706   26492   31828   36475   25237   23336
   33098   31985   28860   22239   34273   26643   36322   22949   25223   36746
   22765   27412   27493   36903   32720   33578   26891   21708   29816   30971
   27356   29401   24247   34436   25812   31720   27852   28643   21924   22339
   23791   35868   33265   22607   21750   26054   26477   36461   29751   35603
   21565   26833   34092   26802   25589   26427   35261   34212   23128   31566
   32472   24485   28124   23859   32951   31275   30819   35246   23707   36216
   30478   26901   33935   36096   27370   32771   30808   35628   35795   21197
   28296   23027   21319   29567   29092   27582   33115   34302   25905   28244
   33051   32024   36955   33048   33657   27242   32181   21562   28705   31843
   29534   22708   23848   22892   26166   21012   31958   21563   23643   30245
   21882   36378   23408   24277   35910   20449   22125   36661   30686   31544
   34814   32480   20200   21189   27099   32489   28187   21243   21375   24920
   23628   36886   28753   27585   24492   22905   35675   26600   35702   20501
   32508   35546   28102   27374   36679   34684   25284   36514   35935   29012
   22361   35427   36527   36277   30303   32137   23752   30250   35345   22865
   22071   32077   35627   27919   32549   33862   28141   23474   29608   28406
   25858   27156   24445   35464   24285   34294   27411   21657   32872   30100
   21996   35737   22133   33301   21852   31693   21253   30806   35479   31815
   26925   29117   31212   29439   25228   28109   29729   36657   21585   24894
   34735   31658   25846   25286   28946   25522   26442   24012   23011   28178
   22846   27233   30729   25000   36841   30585   31392   32416   23459   28973
   24803   26298   36931   31115   36018   20526   30130   30620   24596   34041
   35152   34813   29278   25273   27131   34873   23593   29877   33972   25316
   25195   23476   24829   23488   28583   22030   26908   34192   31770   32004
   32931   24585   30329   25927   31561   33767   22869   24844   26957   24469
   23997   32466   35268   24487   26748   26825   28614   22011   24310   34712
   27883   31257   26635   35133   27838   26509   36301   36352   20285   27203
   20924   34996   24120   21856   31581   27310   26300   29334   34728   28000
   23564   21870   31549   33782   33138   24298   35509   30191   32590   23041
   25833   23565   20762   29432   33639   29742   20750   23440   31857   35960
   25296   26810   31830   20638   23176   24353   26683   33976   28011   22800
   21640   20734   20338   34609   31340   26011   30230   32878   23929   23872
   20855   33230   29846   35370   26676   31215   30775   31486   30122   24612
   23086   28681   22980   35499   36601   26947   35618   34424   20566   36969
   30412   23701   26257   26881   34037   36875   31846   21644   22544   27145
   30190   20162   32695   34851   34723   33307   28713   22756   20901   27254
   35572   33773   36686   23804   26646   24917   30364   29026   29114   22878
   25944   29383   23738   21360   28248   34637   22150   26285   31947   36728
   21200   31741   34197   33851   34090   32601   33949   33747   26329   20773
   29547   26122   21986   32130   35239   24553   33251   21155   25073   20788
   35016   25066   26305   29697   28639   32642   34303   26184   36220   28095
   26547   36595   22439   22093   27635   34973   25008   35424   26613   25458
   36441   29173   24041   33089   34714   36327   31333   35663   31072   33759
   24286   35580   36970   30346   23238   26950   36153   25787   35410   32380
   26149   23914   31803   20249   26651   30490   31715   36399   35062   26629
   23787   28599   35950   36303   28228   25549   22978   27486   34084   26482
   21217   21966   30617   21373   23710   21192   34378   33885   22198   31779
   32370   26191   20041   35223   29704   23280   34998   31772   30323   28450
   22227   26049   20087   33403   33456   29589   24284   26378   26459   24726
   25523   26984   33650   34400   31624   28084   30505   36958   31181   35696
   36310   34554   29853   34796   27080   24379   32847   34233   33836   33477
   33212   23096   32275   25356   29671   20039   30581   28306   29253   25990
   29812   34867   28261   26374   32225   23272   31864   36870   25671   22715
   21855   25181   30894   31124   32500   28735   33903   32131   34161   23566
   25695   31522   32850   23976   30260   22442   32709   23101   34430   24853
   32051   32977   30791   27912   21195   34594   31986   22411   22755   26948
   26740   33315   35583   31087   32892   20240   35647   28167   21815   20189
   25515   36446   33331   25516   21480   29559   32439   30897   24263   21280
   20546   21179   36638   22616   28627   25700   29047   29516   32686   33220
   24701   24005   29643   27415   24449   26214   34709   36923   28030   26034
   22391   21558   23722   34309   30769   22348   28534   25656   22436   25271
   20091   33493   25706   33362   22508   20290   34081   25784   21838   26713
   21730   27380   29949   36132   35409   30210   25521   32885   22820   33526
   25969   22057   27833   27031   29760   33964   26030   36458   31825   20874
   36344   21331   21494   33592   22492   36226   26002   29777   30291   35571
   28433   25550   32988   22848   22856   25340   23397   23922   36228   25922
   20535   35095   30596   30296   29390   35830   21782   33471   30916   35529
   30139   24369   34229   22774   36959   22388   29838   26295   29166   32826
   32615   33095   36010   24064   30208   23330   36354   23498   28078   23205
   30959   34854   34923   32287   31097   29847   36361   36753   25124   34203
   22841   24654   32578   35482   34957   36334   26383   24314   35536   28805
   20818   25245   25571   27730   28040   33164   26117   20123   23951   36538
   35526   27770   25681   34884   28769   24200   20981   34458   25314   23923
   28122   31872   23054   22520   25953   28145   22678   22940   23466   23425
   30394   36614   36046   20679   21703   33775   28427   35796   29900   29887
   33963   25026   30944   35219   27244   21935   32593   28310   33921   34769
   23908   29891   22357   26263   24915   36007   23475   29315   29022   26185
   28405   20782   36960   23226   20798   25217   28001   20192   26905   33796
   34414   35567   25415   34686   20817   21865   29398   36075   29373   23934
   21992   24630   36339   21376   27616   36362   31184   28651   23761   25388
   26767   26462   34106   22993   25337   29474   29131   31908   35894   23053
   32260   21036   30578   35389   22830   22608   25315   27785   20708   29203
   27202   21317   25604   21172   23093   36136   25657   25631   30467   24392
   28548   30728   25867   28008   22710   21353   27853   35323   23118   35009
   21314   22773   21846   22077   24230   24551   36865   28709   32900   34571
   33943   29199   22838   31565   20883   25335   28076   29311   32155   30962
   29055   21889   29034   20063   23389   33172   33256   23619   30672   22842
   26597   36600   33030   21025   21423   21110   29866   22248   25483   36938
   27889   26475   23024   33337   28015   27016   32990   22739   34733   23810
   22122   34120   29453   25017   24686   30584   29033   36181   20327   22272
   29558   20420   29217   27510   25182   24520   25598   27136   21872   35573
   23832   30241   25368   32765   20505   34940   22069   25136   24876   32700
   31317   29296   27867   33703   34881   30391   27904   20310   24940   22290
   23551   34596   22262   26455   22324   29862   31989   35109   30712   33025
   25807   31722   25491   30183   33673   34902   27164   28905   24242   20221
   22406   36971   26287   29568   34334   25563   22459   22221   23035   21300
   35786   31074   24547   21974   36835   26326   28138   34247   35008   36372
   32046   23008   31756   35969   28341   22482   32217   30144   29574   27388
   20329   31789   21646   32565   22021   28951   30415   36845   30178   26608
   33196   30665   21381   28045   23897   33176   35156   34057   22354   21515
   29663   31167   22703   20729   30667   36436   29048   27201   27805   30506
   32629   21154   32528   25772   20213   25596   28875   32345   29325   34255
   24826   20715   26282   29248   23649   35486   24156   20383   28707   35384
   23823   32301   20987   35067   29736   34367   25369   29375   31635   23179
   32094   30888   22790   35609   33938   23535   20713   24035   20238   29061
   32467   31501   32351   36342   34536   33534   24181   32136   23104   33346
   34928   32007   35481   30636   27767   35033   22335   29765   36859   31121
   23187   36900   35277   22954   23906   23796   33907   22950   21603   22911
   29323   31551   22860   20669   34416   20164   30002   32754   26720   34738
   30693   34388   23597   28972   21390   23614   31357   35003   30418   28997
   31076   25898   22588   26625   29465   31945   31273   30397   32469   29366
   27275   24301   36882   33807   21455   27187   35942   24856   26421   20401
   24499   29345   27186   23253   20119   31637   35584   31883   27462   24633
   30870   29205   21226   35813   36962   35822   23138   24009   23455   24937
   32599   24372   21745   29870   23363   33786   28197   24905   36440   36030
   34511   22264   21149   24076   22430   22831   30921   32618   36001   31432
   34966   35626   27169   22232   23659   34672   28026   36922   35378   30145
   32546   27736   36308   23234   28644   33475   23415   26219   27128   24681
   27163   33254   31718   24839   23661   31050   36052   26385   29349   26553
   29142   24631   31085   33697   28778   25718   27311   20188   26379   20531
   30531   36095   22769   24183   24828   20056   28796   30627   32600   25132
   24763   30725   28936   36403   33682   25543   27192   20141   28123   33957
   24912   35669   28022   29702   32492   34547   24624   31491   27424   33783
   29966   30499   24233   36987   27061   27483   31651   30662   36201   25251
   30495   22822   34581   28727   26981   32355   22868   25300   36520   29017
   33282   28328   35999   25978   36267   36166   21102   30866   26594   27892
   27382   32534   34980   26741   21009   24872   20663   23268   21471   23211
   20300   35367   22506   28566   27611   31434   21432   21595   32276   28791
   31202   32488   30277   32745   29404   35148   27160   25443   20777   21335
   23967   26946   34946   34751   34772   29695   24846   31385   29183   27650
   28027   30533   22012   21361   20958   25285   32798   33158   24113   29763
   34486   29957   27144   22452   28648   20797   25870   24339   22301   23618
   32426   35930   23431   23069   35135   29475   36765   22043   21536   21973
   31325   24852   22515   30127   35558   26871   31990   34469   24825   31733
   23067   34832   22449   25684   22909   22292   21897   35634   24217   31330
   26183   23588   23532   34520   34295   31465   24134   34782   28282   32648
   27013   36690   23436   26376   34739   23542   26280   36245   20230   26291
   22494   22549   24560   35921   26432   27363   36054   25268   25399   30029
   35636   33779   20891   33590   33814   31023   30744   21294   30780   30580
   27402   26231   26889   23809   23668   20741   21899   34450   24168   32138
   36188   22728   31942   31584   26549   20643   27643   22464   29801   21976
   36902   35034   34059   36757   31439   25476   36734   34258   26886   33841
   25569   25168   28269   28213   31677   28256   22644   20839   34144   33006
   25785   22523   33029   23298   29609   28867   28168   30292   23184   23294
   33653   22590   27257   25197   30811   21420   34495   35406   21105   31482
   24972   22282   23273   26240   34518   27797   30349   27523   23973   21261
   34818   23945   35295   24252   20646   35161   34348   35107   28413   27796
   33427   30268   23901   24706   34889   28112   21512   32261   31567   31807
   26751   35466   26435   24108   34666   34341   25819   34481   25610   24505
   24776   35282   20111   21091   34785   21902   22887   33871   22363   35939
   22923   32909   32067   29592   33119   21293   29362   36673   31831   23693
   36561   21043   23635   29899   22119   20444   36414   29827   23380   30705
   25856   31519   28793   29244   21524   35530   21604   24003   21879   24518
   33661   22749   25416   29041   23304   27423   32206   23167   32796   20341
   30879   31997   28066   23669   33463   35435   25701   30873   30507   30010
   31963   25396   28381   34557   25305   25597   28161   31323   23264   33520
   34662   21885   22294   26971   20143   31327   26605   27494   26730   33861
   31844   27436   28981   36868   22417   24415   29755   25246   30362   20281
   35748   28636   27586   35371   34102   23524   28243   21414   26302   35655
   26152   36884   22757   30923   26311   31850   32634   31876   26029   35197
   29030   21144   25877   33130   35656   30965   31013   22063   25832   29713
   30446   24399   29904   27029   31078   26064   33370   35616   27262   29196
   34969   31894   25632   25309   36176   20158   32290   20324   20950   36266
   32725   24513   36797   22645   20347   32927   34670   23895   35149   30989
   23114   29143   34878   25488   31764   27065   27665   28448   36033   33596
   29003   26360   27052   25324   29175   35599   24486   31021   31059   32368
   31042   34548   29493   36467   31611   29969   31153   31263   24669   30790
   32044   32020   36428   22051   36641   30074   35538   35171   27569   32460
   36761   35353   21276   36698   29128   26725   25788   21070   31113   25364
   25471   23698   21166   27166   27596   33764   23623   23843   23422   34223
   25172   28882   34699   29889   36695   33390   33970   36927   22960   23451
   25496   29597   22205   23150   28481   36140   22400   27037   31289   30438
   29555   32916   33313   22384   33246   28366   32419   28913   23550   23818
   24374   34063   23571   33243   33205   21638   21282   21580   26389   35962
   23827   25627   34237   26598   21904   23170   26313   28375   32449   26420
   35569   20065   25229   22803   32444   35588   26692   28465   34234   24957
   20880   28891   29307   27668   23430   32311   26079   32980   24416   22744
   21141   33204   29454   36842   31229   35522   34691   24114   29357   24680
   36749   36524   29798   22539   29424   27793   33708   27766   26823   22528
   33522   21564   34162   22203   34801   29018   29829   31235   23388   29932
   33165   35478   26768   21065   28988   20129   36537   20758   20540   27070
   36697   32169   25413   35151   20662   33517   34487   30977   30373   28497
   20544   32018   27471   30807   20434   28074   31278   28453   28447   33692
   30248   27655   34097   26309   32057   30549   34054   29182   27137   27414
   32845   22148   27701   21883   36377   20725   25696   20252   24201   28156
   29606   20664   20209   31209   24769   26321   36926   32069   33322   29110
   27798   30565   23252   26580   32418   34076   32583   30213   26113   33340
   23174   32589   22880   29106   31396   23307   24870   22402   20697   31103
   20567   21350   23962   28692   30756   36505   31859   32279   26220   30488
   35708   26246   29426   26528   23013   23972   32041   35307   31543   25946
   24770   29572   34176   22738   23585   31326   35449   34622   25006   29690
   20274   20580   36855   35892   20181   32022   26060   36669   25615   26918
   36101   32987   35838   25088   23523   30704   25188   34232   21559   29723
   36948   32603   32025   22647   29629   32519   31157   31886   27531   31341
   27866   29123   23066   24204   28706   25669   27671   26143   35430   27936
   30571   24591   20393   28661   21256   28385   22707   29505   24092   23279
   28733   20044   35332   24749   22746   29440   26066   23305   30090   27517
   20848   32387   26171   29295   27211   35791   20878   24073   20095   21031
   27764   24641   23629   30068   35412   30822   32752   34842   30165   20468
   31979   30880   22624   33061   34178   35231   29015   30169   26197   25996
   32831   32859   36346   26705   29043   21387   29879   29064   21346   26480
   26209   31119   20432   25131   36873   24849   23404   34207   20949   32525
   27607   25141   30126   29764   29052   27125   21183   33501   23165   27961
   32923   33918   26213   35846   30749   32625   31016   25945   22560   24798
   22604   21362   28350   25215   27927   22882   24317   30192   23102   31767
   36607   24556   26232   21486   36957   36758   32142   31840   27808   30593
   26800   29993   27489   20464   22379   28154   21938   24862   25715   30720
   34010   24927   32571   27236   31528   23596   36380   26409   32932   36585
   25331   30217   30670   32220   32112   20742   26050   33391   29873   24578
   36321   35612   34036   36284   22330   33133   24223   27667   35586   31118
   29080   36067   28264   27571   25205   25118   20419   23592   33821   25347
   30233   35046   24495   26811   30001   30377   31457   33845   26090   36689
   30772   22913   22818   28414   36031   24136   20330   36803   32047   33951
   21051   22024   25318   33202   23851   30783   35492   27012   32375   33161
   36091   33295   27803   25249   33198   24493   33358   26431   23000   24908
   36089   25033   28452   21543   28196   35224   27790   36134   20562   22343
   25115   24273   28004   36469   21747   27383   31880   31411   30994   26208
   27830   22540   26052   33421   28895   25372   34044   22296   25257   29008
   30942   21116   28441   26069   36539   26120   30350   20066   21677   31835
   21917   34865   20835   36853   32757   26026   36699   33481   32505   23354
   20944   25583   20446   33638   34254   26700   26656   20417   31100   35395
   27041   25881   30324   26799   32072   20452   25606   28490   35922   24086
   34652   23921   32934   30177   29393   35756   30929   33147   30859   21682
   20622   24527   35404   36722   26645   20144   27862   30692   24123   22808
   28739   25302   25056   26712   35402   25603   26417   21630   35787   28394
   28201   24355   26832   28673   28977   34648   30908   31936   36114   24122
   33157   33368   23833   21328   36486   36438   22692   25558   21439   23578
   21516   35369   36731   34316   20964   25646   23396   27205   24193   21622
   32248   27541   33945   34286   30528   23760   26161   28389   22587   33034
   35035   28771   28401   30420   29967   24306   33467   28784   30754   29302
   31216   30901   22551   20913   24809   20642   29200   27914   21702   36357
   33180   20086   20060   35752   24801   31977   26724   25160   28157   31793
   32682   26336   23074   21389   31274   20224   27472   33965   28467   26660
   26945   20175   28774   27347   27740   21180   28338   36013   34503   29895
   31178   29450   21746   35995   20308   23727   29541   29347   28927   28246
   32835   29219   24670   20528   36818   34387   31073   34875   23844   28751
   30842   30423   31737   25184   33492   22828   26640   21721   20489   34732
   27887   24202   35288   31893   32524   34004   26545   21983   29616   33857
   33983   25934   26568   22019   29298   32306   27512   26890   34532   31839
   33769   33066   26460   30738   35539   23806   20497   24062   25757   22204
   31509   35147   21920   29863   20487   25826   25789   33560   36645   36027
   25880   35653   24439   32604   32659   23163   35564   24295   20561   22075
   31695   29831   36976   30336   26762   29977   33973   32236   22574   28920
   26154   36232   25716   25560   36850   31038   20124   27545   21734   21368
   27530   30020   26130   24646   36247   36193   22004   29564   23021   32250
   20724   29387   25841   22740   33754   21949   21932   32209   28507   29457
   21137   20050   34165   33080   22467   31250   35968   32103   22115   23473
   36367   32985   23131   20515   21392   20080   23235   30893   26827   28416
   34986   27662   35651   30690   22454   32889   36422   24283   30220   34110
   20115   25536   36431   29930   20862   33482   35114   27140   25619   24793
   25936   27941   30105   31409   36397   32879   24137   34474   36988   24356
   23419   34350   24601   23783   24943   23784   33829   22468   26875   35456
   20201   27905   27097   27358   29719   35794   22231   22207   34786   25824
   24184   28812   24146   31146   29179   21813   20334   31025   32693   27924
   26119   33278   32689   32115   29540   26518   36682   34745   23765   36350
   28949   36667   20398   34135   24484   27007   28100   27005   23371   29051
   33989   28872   35629   27564   26315   21871   23092   23813   34585   24979
   24074   25081   24171   21809   20479   30254   36553   32883   36887   20236
   21757   20061   20312   35839   25405   33977   32043   26534   35760   34574
   35247   35924   26837   34763   23218   25007   26468   21445   21120   29206
   22991   32081   25546   27775   22145   26896   30723   36210   23932   36299
   21032   28517   24240   21354   28295   21530   31862   22565   28097   31759
   24854   31435   22550   31547   36500   24848   31887   26109   28409   35958
   30782   30070   21008   21969   30093   34053   21250   36715   33844   36324
   24040   35191   29914   34863   35666   26570   28792   28169   31705   31579
   30288   28926   27958   35227   34685   20572   33751   20673   35493   22894
   25317   22202   35249   25592   34974   27153   36073   33201   20152   21788
   36457   25189   24049   23398   22593   22023   20467   20116   32079   30595
   31778   35936   20871   24911   33397   23512   35770   23345   20418   24985
   27550   26616   21789   32028   36925   31747   28117   29819   22570   32779
   26055   27280   35790   32127   20017   23821   29864   31740   35881   32605
   29942   35255   35287   24060   35768   33175   25692   30310   26588   33116
   24089   23666   33294   26693   23750   32415   32453   36137   23479   21029
   33509   28329   34134   33649   24466   27868   25926   32897   27893   36506
   22920   35411   35551   35373   32054   35717   32249   24713   26904   29825
   27038   27473   20529   28519   20205   24346   24974   26163   34809   36087
   32747   23630   23033   22510   35805   25658   26203   31269   33063   28094
   22284   35800   22152   25039   22827   28537   36162   27509   27840   27709
   34860   28621   27823   22632   27337   34339   35331   27713   35359   35438
   25328   34956   27972   33513   22484   23276   30709   33410   25769   30551
   36202   31574   36644   36439   30447   34157   28776   21019   27434   22684
   28637   24785   32918   27015   31841   36048   21479   28352   22833   31205
   23379   24627   25639   32100   28425   28516   28250   35640   33480   28029
   28999   29446   28654   24737   21579   27481   36053   21933   35947   31852
   34005   23453   27606   34903   25971   32523   35549   31685   33793   22903
   22445   33506   22211   22127   23299   26239   26478   26885   23445   25069
   35903   34423   24665   34510   20786   20384   25028   30047   23107   34008
   29049   29216   20568   31158   31707   20233   22659   21951   29115   29708
   20159   33065   35089   25834   23579   26335   29615   23222   30109   32825
   22420   35858   32550   23130   36837   22836   21173   24933   35597   36345
   27014   32535   24750   22252   32358   31717   26116   26573   25551   32785
   29892   30410   25414   24735   27004   34921   32705   22768   33880   23734
   31441   24721   32448   35681   36596   29009   23899   29132   23178   36060
   26136   30065   33351   22910   28596   22225   34293   21278   23393   22770
   31668   34299   25904   24010   25593   23480   36456   35132   36735   31363
   25272   28559   35413   35909   27618   31974   35270   32767   25979   23594
   27719   33264   31518   34327   22932   32640   27173   31851   25350   30766
   26089   32389   21343   27559   32468   32969   30135   32361   26517   22448
   20289   36975   34306   21383   30376   31868   28235   20959   35695   26255
   34835   29800   31264   30736   33739   27781   31726   35648   23634   31284
   27443   20530   28672   32109   29955   23082   28814   32174   25024   36003
   29304   35911   36169   22942   32684   32140   34930   30456   36113   23486
   33890   20138   35405   31389   26846   26513   28459   30098   33533   34761
   27656   25082   32498   32102   22491   26695   29037   21042   30482   34759
   26622   35877   29669   22885   26983   25914   32598   27544   35853   35483
   22192   26738   35160   24702   21126   22573   32687   28602   35565   36494
   24391   28470   36784   31053   27308   28577   24459   21146   21584   22111
   26754   31808   20335   30496   33132   23036   31514   24446   29810   36074
   22214   35638   29882   29626   34649   30448   25362   30934   28221   34243
   22561   33300   28206   27877   34410   21272   36684   26433   26392   23915
   25659   29691   33672   34039   28668   25086   34719   35515   35170   36343
   25220   22039   30796   24836   31613   31041   28748   21665   34914   25117
   21519   32212   35699   21054   34124   34141   34185   20121   22070   36103
   22804   32403   27407   31540   26540   30302   27315   22901   24512   29394
   23507   34543   34578   27609   22182   35857   27129   33900   33185   29292
   27718   33388   25792   36396   21981   34572   32579   29871   28815   31782
   22303   32502   22638   31240   25643   20857   31256   20953   26524   34919
   20767   32446   22242   22486   29693   30890   32237   25689   30280   29409
   33611   22897   26491   35568   27123   31667   26145   29129   20894   31210
   21531   25573   28591   27002   20191   20147   36189   26936   36862   36178
   33293   26327   24061   26993   33117   32122   35611   21940   27039   22028
   31305   33920   36326   23697   24387   35502   31083   27081   21258   25330
   23969   25582   28180   29752   22631   21266   23705   20940   26792   30854
   34937   28823   20938   33566   31425   21567   20081   21711   20024   32400
   20644   26212   28877   24227   32221   28553   26465   22891   32350   33113
   27092   25433   30641   28940   21862   24194   23392   20885   34476   27498
   23292   28504   35602   36116   28150   32493   22351   22158   25313   32824
   23039   23549   20139   22961   35871   33054   33125   26579   36128   27419
   36560   29714   20565   27114   27698   23966   27094   30634   26759   28274
   33325   30648   34696   23893   35445   29473   32437   20301   27289   26045
   20534   20052   22636   26074   22374   21693   23731   35063   23748   35165
   25326   31107   36329   36575   22545   34432   26237   24954   21286   29962
   28073   33831   36005   20903   32719   25599   28510   28821   36651   31766
   29481   32884   34529   33919   22081   23758   36155   21117   23181   22630
   24569   28160   29348   36264   23460   21598   36929   25973   26777   31833
   34613   35676   34697   22045   25773   36311   29431   21607   33990   33283
   25828   20509   35899   20457   33605   31521   26841   24091   36208   25256
   35092   20014   31531   23980   32452   34489   25875   27273   33236   31382
   34052   29518   34645   33218   35296   23815   26022   21568   31353   23447
   24835   36126   20348   35501   36172   32698   31404   28430   29740   25547
   24577   23874   27844   23387   23241   31356   25411   30613   35743   26899
   22249   27141   22155   34056   36816   20682   23350   36898   30831   20952
   34132   29321   32377   30869   32092   32941   32099   29449   36037   21060
   25191   20053   20636   29487   24426   36364   24888   28037   27222   33633
   33617   34553   32802   27171   21968   36032   22079   31320   29057   29339
   35286   31293   32759   28581   23063   32443   28763   29876   33627   27685
   21824   26686   34266   35610   31513   24668   31978   33822   31906   35002
   36706   23708   25989   29470   34849   23029   25150   25781   31163   21090
   34540   30815   27342   23996   30004   21795   21118   23412   35520   24432
   33317   27229   31902   26978   30085   24250   25383   34314   23749   33746
   35562   31943   23401   29817   23812   25107   22577   36899   34121   36586
   22572   31933   26279   26412   22668   30514   25164   20518   32860   27949
   34627   24407   21160   33824   25554   25334   26248   31470   27772   32685
   35946   34347   25489   34779   25791   24691   25635   27231   21289   33553
   29721   24517   36764   26847   34612   36318   30755   28695   22441   22736
   31220   33486   24904   28304   34926   35614   31915   25502   28573   25403
   34468   29716   20237   27622   26848   24748   23110   25199   32235   31967
   32984   32303   25873   26954   31006   30023   29528   30146   34490   36819
   24191   21669   23441   27385   35713   23740   22304   21484   32632   33248
   30941   27638   28420   22576   25138   21698   28686   20225   26471   30713
   21326   32090   29456   31203   27745   27990   35293   32128   27355   30155
   36090   31094   26317   23602   22392   32740   26931   28676   24837   21823
   32692   23129   24208   25087   28435   34426   23769   25939   23569   34137
   36674   29170   31242   22169   23424   31638   34210   23685   31546   31484
   24884   30221   36058   29291   22791   32673   23695   29121   21592   26508
   35646   35364   25982   36000   34002   21323   25997   36432   26495   26749
   24158   35667   24075   31422   23971   34366   28133   36587   24942   28472
   36070   28708   21765   26781   31144   27508   25018   24424   36330   24544
   22453   22396   27076   36170   31099   23190   27087   20578   21210   33017
   23283   36617   21103   25663   23984   34012   28970   34158   33709   20701
   27534   30171   36946   30638   23468   34499   25628   31628   28629   36395
   26604   34492   33906   26815   27783   26362   20075   24417   32265   33240
   28890   32861   36598   27802   20920   33908   35419   21766   29896   21249
   33684   29678   25641   28759   26024   26868   30823   33524   20743   29195
   28983   31867   24098   27773   29209   20717   34505   28067   23099   21436
   22408   30711   36078   35852   32226   24814   27737   30435   23256   32518
   25099   22410   33353   29646   23484   22794   29675   25734   24451   35864
   20757   31233   34171   29236   23358   28631   23269   34324   26888   21366
   34130   35208   35557   30883   36775   24533   21797   29103   32975   34895
   36450   33378   30185   36413   24334   20272   32162   36292   23647   28464
   22615   35993   21061   28383   30640   29963   34479   23156   27213   21308
   31526   35884   22529   31020   36908   29104   36157   34021   23357   34018
   20496   25698   27108   23847   35021   26958   35198   33859   32823   30688
   25942   27399   34711   29231   29771   24734   25853   36736   20668   33712
   32806   34238   20232   28817   28749   23319   32352   24708   31662   29352
   32637   21140   21367   23687   24337   36250   28603   21355   20615   28436
   24472   24762   26342   29322   28664   34573   20559   20651   22447   20049
   33869   27357   26108   25109   33992   28570   35718   29158   35238   22312
   25921   36167   27464   34155   30137   24603   24161   30575   26609   34659
   32971   28839   31724   35348   28183   29885   32621   20626   34727   35836
   29327   23420   22976   30440   36079   34042   25972   23127   34246   30367
   31221   21836   29096   34043   29660   35085   35952   20607   31187   30445
   26093   36891   35700   36769   24881   27539   30810   32272   31346   22530
   22778   23051   34757   34639   25699   23047   24995   22126   27765   33057
   28474   21508   31630   35726   26620   23135   24436   33706   23857   29303
   30974   27528   29725   33286   25703   27573   31473   34408   27341   26057
   31949   28056   30952   29998   23781   27886   27536   31228   25977   28842
   36009   35537   21692   22269   26396   21380   31316   21427   30661   24463
   29804   35506   25129   22432   21138   29421   36521   24693   30669   35100
   31539   30211   22165   26325   22569   33698   27127   23985   25674   25209
   35925   21643   31656   28789   35683   27361   36990   28118   35233   27154
   24771   25786   35257   24991   33096   33913   23309   25293   22594   31716
   33768   34629   23757   33599   30315   34874   23511   35685   28077   22260
   28017   32117   35428   33389   30976   32477   32042   26097   34741   30184
   30337   35398   36823   36766   32294   31017   21181   35091   33873   20440
   35835   24535   21320   29155   26314   35248   31408   35259   31503   24990
   25227   25275   31262   36512   31019   27269   26080   27506   22538   22378
   22251   26617   20555   21869   32388   25023   25212   27197   20702   33112
   32325   30040   21237   24323   20749   34085   23645   25545   32784   33321
   33805   30903   22397   25675   32207   36272   26106   34080   28043   29395
   28613   33547   21248   26614   22642   22222   24728   26334   28422   28715
   27511   22597   23820   29370   30369   22483   33334   29811   33363   22270
   21695   25067   26015   35891   24225   35771   33987   29786   20980   34220
   30348   25343   34850   24220   26824   21001   24567   20630   36433   27278
   33405   32936   34413   24913   33318   30707   23730   33756   29986   22658
   26922   35086   28266   35496   36864   27191   32894   26111   29861   36994
   24516   22935   36787   31675   21018   35831   32586   35200   28048   27969
   22291   34352   30655   23837   26673   30355   32664   31698   36828   28515
   22806   28125   30535   24555   29779   22719   23016   22002   25225   22964
   26556   35188   28010   27490   29903   27898   27527   23855   24110   22899
   28747   23882   26866   23528   26952   33870   22760   24021   21842   24116
   31472   33419   26215   28908   27440   31361   28153   20228   29523   30868
   20995   25274   36973   21053   36917   35967   20714   30993   36017   28483
   31973   29649   23136   20241   34610   24360   29785   23636   29938   22180
   31098   28579   35810   24893   26205   31616   36194   20659   21830   33714
   25673   25077   22729   24022   30404   26858   23018   26061   29835   33194
   30945   25891   29442   22054   28960   31315   34970   20805   33223   31784
   25233   34226   21434   33339   32841   36135   26859   24275   21223   21978
   25140   28964   33281   32156   28781   20339   30541   31832   22858   27295
   25311   32459   21858   25624   25517   35861   27106   32344   27478   35652
   21424   20937   32983   32324   31739   26086   31962   28669   21722   21099
   35847   30633   25562   28868   34605   31773   27195   28712   35070   24643
   21413   34183   28813   27256   31160   24435   24617   21679   26359   27755
   34748   20506   29188   21694   32483   31243   36281   22673   28834   33415
   26959   22646   29164   35326   22652   24457   32013   22536   29264   22355
   29247   22752   26222   20145   21993   34683   27157   26358   20606   25825
   21633   30072   34261   23206   26982   31197   20099   24818   34618   22695
   21231   31180   33225   27771   32691   25954   26438   36259   35721   23615
   26087   26590   21689   25221   34900   32842   34382   31463   26560   30861
   36937   34310   33771   22919   26554   25590   20174   21686   23937   20936
   26576   24777   20193   20140   21507   21216   20978   34435   34118   36687
   23091   21467   30975   29525   27450   24509   35606   35873   24365   27214
   25455   31332   21905   23494   32313   36810   27344   35550   29917   28955
   34750   32179   30659   32649   24892   31182   36681   20656   24262   25186
   36532   20619   28922   30818   35195   33149   36569   30225   29865   22779
   25391   34537   29766   27920   36779   23570   27151   34455   24238   22215
   20654   28522   27425   32218   32882   21605   21191   21769   35735   34866
   29533   31260   30196   30599   24188   25406   29441   28956   27782   31800
   25708   33231   32989   33674   35079   35064   24479   32776   35613   27409
   36484   24224   24006   23098   34467   26330   20898   34669   20821   22753
   33418   23581   35658   24946   22592   35222   23808   26328   33490   21619
   30293   33344   32251   26527   34070   24604   23653   25749   32070   33583
   25034   27654   36401   32302   22475   21690   28694   27587   31037   35943
   21201   36472   31309   20684   24618   27942   29941   26574   28377   33544
   32671   23391   35754   23423   35559   25984   25441   30904   24254   31688
   21578   20390   36258   22136   22419   30140   30895   33601   20311   22199
   24013   34428   24511   27807   22187   21501   31820   24326   21667   26423
   23607   35380   33948   26884   29213   20377   34819   29770   31311   35896
   25178   34465   35926   23313   29468   21876   31031   31797   32727   30846
   26843   30406   26706   26449   35098   20957   20026   23986   25559   21125
   28499   35019   24453   21801   34497   35337   21085   35854   20550   27835
   31488   31246   36956   30540   26249   35929   36534   32396   20852   30710
   32543   33004   28457   21489   23386   35988   27831   32148   28736   28937
   29959   20326   31731   33056   26723   20016   21804   28064   27117   26272
   27657   28345   22585   29448   23965   33359   27933   23563   24863   32746
   25030   25911   34029   24308   28171   21710   31064   30057   26252   32382
   31601   33713   22985   33721   25889   33123   28887   32084   36274   25940
   33883   36597   29875   22003   24084   26051   24029   24744   31647   22485
   29982   36059   32868   28082   24959   36043   23457   24678   36253   32307
   27784   24338   36863   27148   32895   21663   32381   22948   34892   26338
   27739   33579   31926   35462   25837   34320   35578   20892   36177   24057
   22327   22094   36379   33106   27437   22280   23142   28623   24458   28640
   35705   36985   26711   32912   33832   28835   27435   25731   21576   27967
   33447   28898   30804   25380   23169   31644   32957   30326   23381   28361
   36751   25135   27331   34488   31368   30195   21134   32623   26953   27391
   28071   34631   34561   29549   28546   34315   34184   33562   20696   21369
   20521   26897   20071   36691   26013   24690   20357   22271   24103   25005
   21526   35166   35272   29256   27386   35372   36636   35503   27991   24729
   23728   35180   23270   32792   22872   28938   26992   22852   32274   26729
   27809   28162   23472   33798   32688   35013   31448   36893   28679   23413
   28737   24773   36977   23778   28326   25412   27859   22107   32680   21684
   28260   31682   21421   21890   21316   26829   29021   20079   35083   31659
   35465   22001   30269   22157   21444   36398   36708   30407   31570   29855
   27392   21994   33833   23824   36471   23469   29858   33372   29280   36593
   35523   29617   36036   22694   22191   28203   34026   35901   28365   30568
   36719   31866   21510   25472   30967   34064   27321   31913   23562   24885
   33784   27057   25651   26715   31842   23085   36909   21123   21517   24997
   34349   21538   22552   32171   34657   28466   21998   26650   35250   23364
   34119   25398   29935   33020   32963   25332   27277   21330   35723   27973
   32101   29159   33602   35849   26654   25986   28061   29507   22734   33939
   32338   35604   25519   27826   24419   23271   34913   35664   24325   33640
   31596   23583   35601   33503   22254   32547   26233   27328   25216   30311
   21850   25707   33079   28369   22871   32178   22537   36332   30075   33801
   29510   28020   22444   36375   28965   35769   21437   33997   32537   27343
   30295   33536   36858   21655   33349   33376   20907   21185   36820   25548
   22418   29806   26907   26785   20576   28257   33985   32193   28224   29208
   25469   20756   34038   23631   23699   29134   20234   35103   24090   22775
   27792   26624   26127   32810   32925   35986   33512   34887   36949   22650
   31975   27683   26678   36120   30779   28354   35073   33369   33144   23090
   33535   31787   31145   20280   30257   20861   24329   33354   26657   29913
   23876   30602   34542   26685   29377   21431   26615   31652   36426   29992
   35045   34678   26697   21814   21219   26933   28128   36541   23327   35874
   32710   26276   22681   31642   23353   30182   27290   30927   25036   21680
   30088   34698   31430   26774   36895   24955   30797   28658   25506   35744
   27699   28829   28280   34501   24331   34602   22256   33092   23155   25759
   28666   36815   29733   27875   33084   25480   24515   28978   22314   22134
   26569   26630   26930   20820   33726   31241   20718   23369   25436   30703
   28670   21463   31655   36430   21624   26988   34821   27542   29437   36360
   24318   20687   36879   31322   23164   21893   23216   20403   22469   33543
   25162   35455   27241   24478   31603   21506   31697   31768   27873   21591
   29181   35338   26804   35671   30516   35376   24141   35527   31924   27389
   24834   30231   27824   29774   36499   33680   28179   25021   27030   21844
   21150   35431   33396   23620   25779   33565   21960   27946   31012   34953
   31935   24454   35719   27416   31572   36544   30366   36794   20597   36130
   24961   29119   25686   25327   34660   20522   27619   29346   21867   28398
   23043   36615   23089   33151   23745   34560   35761   31469   29773   33320
   28580   26872   35876   22320   33852   32240   23674   25321   36916   29631
   25133   27209   24756   35425   32243   32793   20268   29412   21177   26047
   34494   30174   24489   36071   26406   31575   29778   36782   31445   35938
   26803   26158   21496   28765   35893   23520   27744   33302   20536   25541
   29975   25283   28741   31154   29995   26131   36418   27950   24732   24328
   31489   26806   21999   25166   20046   29232   36182   28005   31468   28722
   25524   31626   20770   27965   34619   22600   35668   34022   20629   24289
   31407   26732   34834   27746   22056   30118   35484   35017   21778   30285
   25153   31564   20933   35141   36748   20720   20631   24626   30801   33655
   26663   25952   23284   36913   24986   29822   23366   35452   28498   34707
   31367   33444   23502   29603   32014   30735   26307   20105   28928   30696
   22579   20655   29234   28476   36798   20691   29618   24716   21093   23627
   30267   29353   34730   21074   23577   35265   35030   24819   24036   28828
   35274   23946   35991   31502   32888   22834   32513   27630   24774   34345
   30012   35127   32574   26776   25446   25576   21891   30119   34717   31303
   27366   26456   24781   36011   30457   33290   24608   24807   30232   30430
   31308   20541   31860   32751   21991   28822   22962   28795   24639   32110
   26348   21468   36478   21802   23335   33934   23421   27299   36888   24968
   26254   29591   27408   36221   27925   35711   23834   32376   32741   34493
   32002   21027   31391   26564   20369   23232   23510   31538   29530   35905
   28321   28359   26345   22997   30792   29001   35662   27702   30003   36981
   34979   32133   26123   27404   31690   27130   25602   22042   34521   33336
   32789   31206   33888   22723   33179   35908   30871   23399   28655   30458
   26994   22132   31331   20905   35961   33687   31169   33466   33360   35997
   22823   33059   33541   34677   27623   31329   28626   20394   27776   29823
   26187   30008   31634   32462   28513   36055   30884   36206   29414   35124
   33058   26072   33416   29582   29407   33183   32000   31615   28307   34794
   20657   24321   20603   27223   31089   20370   34972   28080   30951   29851
   25747   33757   28848   33717   28225   27995   26496   32166   35284   25579
   25145   26503   33118   28044   24456   26664   22375   22581   21302   21509
   30835   22377   29329   27881   33748   32542   36972   35906   30768   22619
   25876   27077   26016   23080   35164   34871   28063   22029   26200   22353
   29229   34936   33435   34793   36515   35254   27228   29365   22704   36409
   28456   24371   27588   22349   21472   32976   30932   31918   26628   21776
   23670   25999   29411   31569   32580   35974   30030   22259   32422   36331
   29980   23347   26559   35262   35301   25745   24926   30761   30721   32871
   34929   21959   29249   31207   32359   28688   27915   35547   33355   27006
   24536   27048   20942   31174   27590   34227   25295   21910   25134   29299
   22819   24332   35928   35902   32147   26489   33979   30573   28540   36526
   25981   30694   25151   36404   28146   33451   24710   24401   30371   33039
   28682   34592   33046   33548   26688   30759   30033   26634   23660   34244
   35759   25528   20321   24558   32200   34734   27447   23079   20632   26583
   27069   26402   21916   35096   35957   36557   23056   22501   35589   20422
   27139   27452   33404   35850   25353   28190   29672   21984   23702   23506
   22113   20217   26180   30259   26760   35818   29599   32213   32096   34340
   30777   36341   29150   25511   30562   31874   31532   32566   23552   34775
   30643   31067   21101   34770   29350   29369   35136   27394   26571   28535
   24589   21299   34398   36290   27725   23650   32570   26919   27439   21438
   25625   24170   27248   31306   22194   25739   22143   21315   21416   32410
   23316   34593   32758   29797   29140   22667   21979   35566   33064   32801
   32616   35605   20503   20707   31267   27115   30826   32073   28607   36896
   29502   29501   32510   28205   33122   34915   36465   20374   24632   31587
   36980   26567   24613   28251   22350   31604   34079   24292   32717   25431
   35131   31956   22970   21396   36002   21372   29653   33398   32581   22015
   34838   32165   31116   31594   32866   28312   34148   25882   28488   30518
   20243   25448   25508   35253   20302   32098   22322   26932   27653   21671
   20025   23858   31226   36967   36756   22861   30360   26770   21659   31507
   25381   23925   35313   36159   22490   29842   30564   25672   21547   29573
   34633   27734   33780   26259   26162   34417   26253   34174   28254   27079
   20291   22267   33825   26601   34512   26591   25467   35336   33409   24875
   34671   35920   21325   29177   26665   25361   25885   24865   26974   33088
   23014   26820   24707   26995   32995   33893   30279   35357   36144   35698
   25844   33213   31301   27948   20093   20772   32315   33538   22655   35519
   31239   23891   30089   33665   30652   21262   29490   29290   26316   32308
   35951   34720   29157   24952   24595   20802   30120   30278   35104   33755
   29060   28105   30864   23326   24385   29095   27217   36316   25797   34562
   35036   26733   20733   36791   20318   33504   20361   23321   29978   22610
   33257   30813   28399   28115   21213   30405   33143   25782   29562   28299
   36660   31337   31676   29642   30331   21037   29983   21182   26523   28069
   25425   33211   28092   29091   29715   29460   32061   36840   24190   26035
   27420   22780   32023   36306   27088   34947   28782   31413   22792   33950
   23553   26879   35517   24621   27879   35528   29849   36381   31370   33753
   23861   22814   30567   20293   21498   31508   22305   22149   20349   24602
   20343   21041   31577   35010   21186   33856   24642   20038   30867   24427
   28665   24205   21204   20939   35382   27418   34888   31889   29194   22018
   22870   21457   32399   29233   23450   36138   30170   32973   33616   35979
   33173   29958   28514   23197   22331   21021   20108   30986   34067   22279
   32189   26457   34434   20551   23328   36954   20584   31714   26909   23485
   33259   23186   21205   21783   21132   36211   25829   23530   36649   26505
   21055   30294   28567   31914   34319   35762   34344   27230   24673   29590
   23265   30753   30227   35576   33577   30848   35039   24740   31948   27270
   30492   28195   20368   22090   28532   36704   34987   26247   31372   33494
   36530   25717   25694   35061   23015   36117   22087   22558   31771   24154
   21926   31062   36542   26493   26312   27196   28844   33007   23503   34050
   25537   36233   34292   27535   36603   34523   20869   25567   26510   36672
   21900   25843   21247   31838   34658   33614   21950   26434   25534   32333
   27252   22657   21411   28334   29987   22258   23711   22299   35278   26173
   30610   33723   34101   22720   26805   32229   31360   22721   29341   23491
   33462   28346   31204   21187   27354   29399   24899   35703   22497   24539
   20711   28572   23527   20813   26501   24343   22595   33659   30926   23434
   27708   30443   26110   30918   25995   32647   21773   20552   21230   23719
   27044   33628   36451   29388   25349   36616   25193   29886   33840   29953
   25121   23735   25247   26542   24079   29472   23994   30111   30936   28649
   34939   24496   33275   27183   32433   29167   35401   31536   26068   23344
   20676   31451   26148   27591   33955   33292   31810   35056   31048   28986
   29940   34466   32790   34241   34758   26447   32190   23785   23780   33314
   25052   26134   35963   25923   32715   28552   35750   33651   21556   25752
   31994   32718   22181   34515   25941   27396   28617   29880   26778   34172
   25727   26575   25958   28028   33558   26070   36801   23601   35235   20600
   34954   20747   21017   26773   36255   29314   28952   24583   24155   23285
   33812   36225   21086   35985   27193   24303   36817   23919   27034   36373
   23171   28808   26394   33099   30306   27104   28484   27066   23333   29124
   34248   36161   29720   24102   26840   25173   31252   28155   23912   23189
   35252   32318   24966   30960   32948   30517   33745   25678   31728   27759
   34830   35505   24847   21075   30876   28276   34290   27112   35970   30219
   36291   26602   35856   23974   22643   25419   24694   26529   25676   27143
   29364   28863   35071   26917   34300   25158   33304   20769   26356   31440
   24153   33960   21470   25022   24403   25741   22109   29845   36628   32881
   24210   29147   29224   26989   25474   24290   30607   33037   36781   23116
   22116   30493   20899   24016   31492   34326   29316   33619   20666   21705
   28487   31437   24020   20353   36744
