   32436   30830   31102   29336   24179   35927   23349   29585   34308   24901
   27521   36296   36934   24026   27095   32843   24477   22046   20195   32026
   36312   32425   21478   31060   23952   32606   30134   21083   26391   24173
   22114   36675   32108   23642   28799   24038   29435   36227   26563   30995
   34864   33383   30422   34655   25444   33760   26818   24140   27246   29497
   34225   28220   25345   24723   21073   29111   28478   20426   20667   33827
   23356   27018   22177   23215   21277   28592   33988   32981   35574   21546
   27825   32764   30778   24546   30930   35271   36152   36549   28802   36545
   25355   31066   36042   22099   30805   22429   34030   30048   25719   33846
   33028   26223   28969   30409   22826   30501   34270   31745   27022   21610
   28630   30264   34679   27935   25848   21948   21505   27547   27560   20197
   35049   24792   21791   32414   29499   33413   27466   30345   25864   33702
   21242   36683   27318   22938   25222   25761   25561   27428   34693   33101
   23287   21544   25814   26710   26895   26289   21136   21275   20792   35420
   28392   33258   28144   30629   25346   30212   21632   34419   20639   28876
   31288   29300   20932   23081   34140   24236   34126   27210   29466   36231
   21184   36857   20677   33438   22336   22478   27301   27845   33169   27901
   20849   36577   29803   34146   32407   28910   23295   32086   35801   36911
   20723   24614   30454   35885   36608   35670   27413   20807   21723   27417
   35379   21441   35440   22888   20309   26584   33732   22886   27996   29039
   29027   31885   20760   24850   35206   32961   23223   20837   33247   35707
   23108   20352   33727   26095   27874   29561   29622   20342   27178   26631
   24000   31854   35322   35541   28984   36023   25883   30408   31921   36558
   21239   27916   30261   21033   24037   27240   21310   20968   24531   33496
   35053   25887   30223   21399   36390   27368   34912   25492   36453   27846
   36445   34180   30133   20476   24039   26801   24008   23992   29000   23886
   27757   28309   20231   20273   24786   26857   26854   24588   29389   21775
   29735   23989   29996   30825   24674   28757   21291   26682   23126   31032
   27710   34086   20404   33875   26990   25442   28445   25556   25609   28995
   30167   34231   23426   20287   26860   32474   31185   23881   35540   31138
   34797   23648   33902   22372   36349   21718   33206   28012   30380   35867
   31555   20431   29152   28641   22407   27086   34575   33909   25032   31897
   31383   22117   20400   29272   26627   31035   32423   33850   26938   27461
   22641   22298   28387   33819   30781   23002   22223   35738   35919   29283
   26861   26998   33022   24620   31068   21104   21977   36851   34268   21577
   26048   24209   25201   32635   36249   30189   26506   20875   26742   21570
   22390   26153   34525   20738   22502   32232   21720   31619   24072   30487
   35607   24324   24422   34452   27686   31672   35201   22268   23406   21504
   22671   23880   34200   23462   29807   23221   22994   27695   31479   27992
   32996   20382   24684   25287   29570   31143   27255   21404   29711   36263
   25240   24107   26408   23267   20490   30943   31607   33518   35444   20674
   28684   31970   36124   21743   33508   29386   21112   23905   26023   35937
   20789   35860   26807   32836   35202   31506   34898   33083   27304   26916
   23078   28853   28458   25043   24160   34661   21513   32270   23788   20480
   28252   24069   36416   34886   32153   27456   30644   25226   22591   27575
   30973   21095   23478   27939   25896   23993   28693   21348   30556   30308
   35074   31338   36389   21159   37000   26822   35542   22138   24504   33267
   24983   27822   20114   34564   26972   33235   33899   36847   27934   23153
   32412   20226   30878   29342   27900   21365   33808   35508   34706   23322
   26380   34747   29944   33437   32048   21252   20873   34611   20313   35190
   20670   21429   26520   29063   23715   24104   33644   29084   30802   30913
   36574   25263   23782   31283   32075   23348   26955   31093   36254   32838
   23031   29130   24088   20599   28241   25171   21827   36109   25894   20415
   32332   33474   31405   23678   28182   29050   27847   24083   26850   31636
   28202   35463   34841   27576   24327   25645   26211   29189   23160   33916
   26668   22118   23120   34833   24616   32310   27997   31849   31870   31490
   24982   28804   24094   28647   25289   24757   22653   33181   22241   31588
   23998   23878   27626   27690   30700   34724   28874   20306   34187   28856
   23152   26507   24718   31653   34009   21764   23689   35524   29198   26687
   36741   28539   34635   27779   36838   23220   35870   27067   30626   26533
   35434   30347   33567   26698   20218   20202   23105   30128   29478   22696
   34781   29581   22465   21271   32095   20973   23332   32063   27917   20909
   27433   33778   27410   28317   28824   35587   29317   30307   27291   29403
   28818   29593   21327   34329   36813   33043   32216   27659   21699   33155
   29699   30378   30609   32728   34395   34047   34848   30194   22812   36740
   25142   24182   30365   26297   23293   24832   28316   20779   24206   26147
   34668   32822   33237   23885   29638   32071   30827   31537   33705   22103
   34780   21927   34181   25432   32864   25595   24909   21583   30887   21004
   30906   20033   21521   36513   28132   36594   29674   31621   36363   28371
   28989   25771   32968   22747   30249   27876   30000   25574   27364   34024
   28106   23692   24381   27723   26791   23652   35394   24287   26226   33863
   31734   21203   25435   20258   21925   35582   28941   28240   22037   24692
   28463   24841   33597   28322   29032   23038   32341   33922   28568   33790
   28982   26701   28854   33343   27705   20391   35886   21704   29459   22929
   27001   23077   29287   35729   25655   22123   30156   28831   24526   29893
   35084   28214   27954   34964   36671   20410   32107   23768   26734   34667
   25214   35823   35118   36808   36463   33660   35815   27181   25626   27376
   33571   34716   34967   28114   20089   20483   32353   29328   28780   21338
   22613   24987   20451   35290   30566   32083   30019   22344   36623   28333
   30387   21379   36143   24077   25932   34107   24747   32595   35458   27073
   24765   32119   33707   35687   34323   25045   28185   36729   29172   21673
   24358   30587   24408   33618   34383   29527   36268   32573   33998   21462
   28883   31300   32875   34705   32795   31069   30899   30948   22824   33375
   36427   29360   22785   31618   23365   27661   21755   20502   32820   35215
   30554   36983   25854   36986   34690   21097   31516   21651   35349   30576
   32929   36711   25363   33052   34579   29265   21153   25531   36199   36508
   36045   21342   25991   29939   20367   23030   21449   30131   33327   30902
   21571   33449   30224   34985   34701   20161   29836   22421   28284   35196
   30491   32903   20712   29237   21963   27298   30653   30494   25290   29031
   29154   31829   31281   33384   36714   29645   32769   28593   22727   30309
   30702   22230   34746   35477   22839   28587   34976   27579   23910   24571
   25865   26555   20500   35454   29989   23611   35872   21691   32701   33671
   30582   33696   28176   32417   24648   24351   36309   34643   32481   21312
   34883   31459   35283   26488   31761   22146   31381   27268   32231   25920
   26028   33072   25500   33431   26839   29943   30502   28827   28576   32992
   36993   32273   26322   26970   28786   23822   27134   23188   34616   28410
   30011   22754   23482   29408   28561   34482   34692   33023   29079   35498
   35741   31071   36082   25775   31796   25374   29792   29730   34342   36701
   36056   27279   22912   34373   23582   24754   21214   33270   25352   28947
   21057   29859   34282   31817   31792   28866   34791   33288   29513   26674
   27381   32374   23943   26059   23732   27565   24579   24386   34115   20929
   32760   24993   23402   23145   22795   23610   36407   26377   20533   28512
   31294   32955   29688   23492   26266   34586   20204   31729   36184   29223
   20698   30698   20208   35714   25218   22666   23207   21482   36107   24320
   30060   30465   20608   30382   21063   28272   30614   20828   24296   22956
   22091   25104   26275   30984   26672   26910   31464   20681   35023   21332
   22766   28698   25267   28622   20641   31972   21147   30678   30997   33472
   28500   26771   33261   29101   22674   31045   25250   32314   24898   27962
   25872   33446   23183   25614   27677   28083   36064   21554   32706   33255
   33402   23940   28557   33148   32522   22895   23239   29332   21658   33994
   31633   34449   21003   36543   34804   25027   25137   27794   30471   22649
   26125   24384   32091   24297   21894   35393   31378   36385   31721   29252
   20266   29789   23640   28025   29628   34559   32288   27552   32813   20084
   33191   23427   29928   32592   36118   32832   26159   25019   32281   27215
   23529   32913   27836   31814   26696   20812   32828   20865   32812   22705
   31082   23953   25219   36460   21719   24988   30622   28325   35234   23720
   34807   32748   32187   29087   35429   31149   34950   21697   21975   32005
   32834   31390   27272   31114   28609   36721   30841   34952   22943   22209
   31898   33465   26340   20811   26511   27491   20438   36516   32031   33008
   21853   20986   34721   35280   26780   30513   25390   23456   25179   28953
   26193   28455   21641   26092   21533   21805   28518   31436   30837   30317
   22253   32431   32406   20094   32997   23028   23133   21023   35900   27811
   21575   31171   32775   25029   27553   30113   27908   21220   28942   35163
   24192   35863   31112   28324   24934   26063   20569   20881   27177   25751
   24265   35682   23830   21321   32653   35577   25868   34765   22815   21542
   32781   24677   35543   23124   24655   21491   21557   23840   33569   31929
   31299   27281   31517   29429   36133   33981   29933   32191   31758   33677
   26407   36924   33153   34614   28921   31286   22717   34882   35018   23323
   30684   32800   28218   29768   28685   25893   21639   35561   24442   20408
   27484   25505   26463   31909   27492   33266   29419   22599   30877   26943
   21359   23194   35298   28473   34138   25094   21903   33718   30803   20591
   22332   26951   23770   30024   24440   30547   27325   30304   25310   35595
   21446   34982   20989   24802   30953   30770   24333   21297   33436   27025
   29813   33622   22807   32182   34420   34028   34766   25281   29791   36670
   21356   24984   24172   36237   25389   33277   28758   33926   26370   23228
   29954   32548   33026   26042   30333   27377   23045   33055   24452   34418
   24731   34726   27999   20768   27837   28265   29624   30215   23672   35264
   31028   29102   22844   25912   20058   35763   36723   25084   26308   36576
   23639   23493   23517   28434   30358   31696   30978   20831   26794   22553
   36168   24800   34291   28014   34713   32735   22898   32942   35116   21371
   25774   29717   25577   23151   32818   23437   33401   29220   28147   28656
   21492   31304   28331   27843   30968   23410   24218   21015   20082   28170
   32833   25933   31692   21334   29950   26000   25392   35460   26151   35154
   23981   25262   30328   22555   34073   23237   33434   20785   24951   31798
   31297   26655   34651   31681   35358   34046   24688   20984   31446   34904
   35324   21502   28680   35531   32010   20184   36503   30881   36229   28826
   25831   25360   24307   30389   31976   29799   36793   34393   24105   21820
   33904   27994   22796   27184   35145   27479   20315   23907   28563   23119
   23856   32280   28554   22370   31139   31231   34279   25897   21306   36081
   36477   35113   25093   33260   25244   36650   35469   28918   21488   25439
   24101   23144   29093   32678   28746   27251   21847   33081   23260   33700
   24176   25010   36609   23537   20739   34816   26610   22701   36605   30081
   21715   33445   28271   25230   26107   32807   30949   34415   33816   29522
   26189   32118   28159   25810   25605   24027   20967   32928   25170   24542
   28728   24918   35981   34396   32038   36104   32239   21551   30107   25691
   35080   34196   26245   30486   32208   33186   32527   23684   26256   22498
   22557   20048   33678   24945   33082   22509   31129   35621   35368   28418
   34601   35779   21635   35027   33881   32134   32125   25357   32394   20465
   34284   23531   23266   28660   20840   24126   23739   22307   24760   35333
   35128   31984   33091   35510   20658   29662   20771   26561   26997   32726
   23310   21971   21066   36552   34457   36449   25333   23584   35137   28980
   24679   36197   23048   24980   31586   22074   24482   23959   22900   33365
   33835   25664   34774   21092   26487   22472   22847   30015   23212   20851
   29381   31431   25319   20180   30312   27842   20830   34317   22982   20647
   30635   29712   36664   26755   30479   31134   36703   30313   24418   28223
   24914   20688   29266   29924   28650   28390   34568   30110   20731   34154
   24350   24498   30572   27799   20965   27309   33108   23606   30950   21511
   25808   30548   20358   25822   35843   23625   31931   20454   31417   26743
   29016   32993   33107   36517   34431   35521   29700   36305   25401   20239
   22945   22108   36164   31703   32335   27878   36978   26589   34598   35840
   22385   21798   28194   34112   24967   34682   22534   27180   36353   21259
   21433   21234   33585   27880   20991   34702   36805   22403   20686   27019
   22457   35181   28255   34934   36733   23325   21163   26091   26490   24650
   35730   26268   30436   33607   33763   35672   21034   29635   21688   21952
   30752   36528   27675   26027   27063   24130   35304   22129   25239   34623
   22257   31092   36535   30242   27786   34528   21754   30039   30937   22689
   35591   27316   28330   28594   28506   22917   21803   36783   21440   34961
   33803   34371   21007   22318   20508   31981   31928   20173   30982   36890
   29985   20090   30621   31070   21098   30674   20363   28291   23667   35834
   34755   20462   36429   29902   26294   35497   27525   29636   29025   35781
   22342   28482   34736   26243   26500   26544   21477   20414   33178   35221
   23741   30601   34576   20853   23040   21352   36770   23070   23970   21706
   21560   35415   29495   26793   30384   34331   22275   32036   25194   34182
   20588   30316   20463   22273   28165   33031   25578   29275   20030   35661
   31512   24111   29744   23180   29815   23230   35245   25983   36180   28794
   26206   29921   34617   28283   29805   31879   25533   26819   31878   35832
   21475   30433   36991   30274   33666   24625   21670   30689   33423   27020
   21552   25060   30765   21942   33184   31008   30255   29452   21645   31678
   28461   21238   33837   36776   20359   29011   29964   29312   22016   26204
   25611   29335   24042   31419   25402   31686   21108   22843   28724   25955
   32662   27692   23841   32192   32708   29141   23714   29519   31735   26519
   30238   35240   32514   34249   20863   32149   21888   33127   36496   29529
   33429   33035   25078   26525   30954   35168   27390   28229   21676   30851
   34333   33591   31946   34944   27032   21495   29508   33385   30511   34584
   34502   27928   30064   24806   31524   36885   23956   33381   33795   25047
   21834   23007   27660   32529   27098   29762   31548   20354   31224   35365
   21637   25208   33516   20283   31757   22306   28912   31525   34019   25068
   25490   24455   25777   27674   21388   26779   30079   29250   27678   33730
   24473   22693   20829   21712   21152   35964   28270   33658   29434   31141
   30649   31673   22928   32933   35140   32076   25046   23817   20405   20142
   35306   35457   31585   21953   32526   31290   34152   33455   33078   31302
   33515   30052   34370   30037   22716   35560   24878   32915   23865   23508
   30679   25495   22829   23863   33041   28437   29413   22238   34545   22986
   27109   27952   35579   34654   29374   35673   33195   35973   26390   24152
   32034   34040   32428   24671   22759   23793   20816   20998   30080   20709
   29749   33311   24745   23679   36556   21386   26644   27804   27604   28846
   31709   21550   20746   22443   34500   28671   33252   28704   24816   33642
   28530   28335   20992   32766   30018   34799   22044   33749   25473   32289
   22068   28491   30132   32620   36998   34055   24573   35291   22300   27476
   20956   25555   22144   32266   28916   28610   23076   32791   28415   24628
   21864   27336   32945   35038   29911   21452   34556   35194   28116   31554
   34071   31172   30272   32049   22762   36752   24450   34332   34749   35480
   36127   22493   22393   26102   22437   35343   35281   32291   32849   36546
   36747   34820   24019   32058   21224   32643   21736   34123   29673   34280
   31347   22924   27681   23297   31648   34429   29623   26497   27335   20838
   22522   31377   35645   27863   33612   25048   23633   25291   27651   33333
   32411   27854   31938   34153   22915   25798   32186   34142   30209   25485
   32490   33942   34179   35890   25677   23533   28914   22173   25702   23849
   22817   30160   36653   30462   27058   35544   20167   24525   23020   31504
   26414   24638   27827   23686   24055   20972   31622   30237   32636   29151
   24043   24271   24345   25169   31142   35167   32183   20211   21114   36156
   33268   24858   23789   32185   28035   22618   22699   28477   24580   28520
   28634   21304   29945   29961   23143   24082   24001   30524   26053   31968
   23839   20843   20845   22939   26619   28166   35316   33074   24476   33016
   33894   31433   28135   29125   30416   33668   29355   26071   26445   20477
   36230   34011   25429   33227   33489   33924   26354   36919   23911   35848
   34216   34453   28881   26284   23278   27819   28996   36044   28294   26369
   27750   22893   29780   34498   33478   32904   23756   30558   24592   26761
   21967   20974   23214   27274   22212   26244   33342   24364   21822   32283
   30417   24017   28292   25961   28189   30480   31136   35782   24799   24636
   24157   34776   23064   26883   34477   27617   24045   24919   24264   35514
   35320   35959   20386   35203   28019   27733   22274   32876   28945   36251
   33439   34920   22381   27430   34925   20931   33676   27906   26126   23721
   36626   31155   31051   24775   36464   21616   33587   33036   29207   32504
   34117   30838   32815   36029   20473   31393   21760   34433   32665   20833
   36652   21382   32667   31444   36040   33067   34812   36192   32950   33670
   21284   28635   28320   32507   24002   23944   29951   35075   28342   26603
   29380   24699   27978   23794   24056   30760   23177   29761   28130   33958
   35534   26372   24214   28691   33874   25587   34577   27003   23978   32821
   33574   32285   30856   33969   20303   25640   25744   23435   28711   26647
   35150   23463   34454   28469   20764   23432   35882   25478   22611   29163
   27285   28247   26764   21196   28376   36892   27043   23877   22061   22311
   24316   31742   27975   29305   33366   27182   33604   25629   29443   20151
   24347   20624   31760   20745   32768   24599   24675   30788   23673   25721
   36302   27463   22625   31912   36724   32827   25518   20596   22092   32093
   35753   31598   35340   35375   36790   24877   26593   24483   31261   32979
   28471   23655   25943   29511   32356   22902   27353   22575   24071   21228
   34742   31108   32238   30504   32011   36836   22801   29210   23916   27126
   23656   25139   24651   27457   26274   26546   28374   20519   36217   32255
   23887   33774   22969   21405   20587   30143   24121   31438   32844   31959
   24024   36648   27930   21222   34942   25644   22120   31375   25241   28954
   25975   25130   21349   33011   21129   34583   34267   33272   31711   26766
   31423   27475   20595   21829   29782   36655   31179   26339   29054   29243
   32830   25874   29066   30544   31371   26368   31661   29878   21460   36997
   28449   31188   26562   30955   30158   36026   20943   29075   29160   23262
   32536   34149   29410   21612   23724   23575   24279   24764   20836   25879
   27706   24758   29556   36392   34170   21627   21145   32974   29400   33479
   24661   22323   25992   35878   32373   34058   31966   35005   28468   27557
   31056   33128   21628   24115   22027   28021   22048   25409   32655   35230
   35954   25466   21845   22543   23411   22036   30886   28862   25766   35829
   32943   23573   25890   29620   27834   36497   30809   20935   20922   32874
   36622   29814   32495   29739   34569   23257   28714   24162   25713   29594
   25114   21790   34109   23691   34868   35691   36242   31723   29046   23134
   33946   27813   33901   30284   23958   28495   21064   32304   23289   21400
   23941   34230   29999   27724   27640   36063   29241   36382   34205   26451
   31663   20070   27477   30938   35117   24411   33887   28687   32078   21523
   20737   28192   34365   32286   25095   27514   23949   27567   25460   24361
   33274   20594   23439   31237   27455   36317   28777   30685   24530   30266
   22236   23939   31225   36234   25248   21729   36856   26343   22399   22228
   23982   32032   21934   26877   33190   27603   27220   26893   30561   29024
   24207   22137   23418   30789   21988   36098   29901   31754   22857   28362
   28129   24715   22184   33581   20186   31147   30022   36088   27319   23802
   25652   23541   30258   26021   34624   23368   31244   27035   23062   29462
   36995   22541   23726   21650   27727   35535   30151   21912   25964   28372
   32539   36359   29013   32309   28104   26639   34632   27302   35807   21989
   23775   34281   20331   26160   34846   23115   21447   29687   29614   30429
   31046   36262   34703   36022   31960   25493   27921   27721   24789   26708
   33570   33060   23681   27600   31402   23762   36755   35213   27922   35934
   36871   36006   28869   26202   22078   33488   29601   22700   26387   31475
   23409   31254   30852   33855   35275   20210   27742   36061   22216   23229
   21474   26156   31738   28397   29872   33303   25925   25685   22504   33511
   22966   22850   31903   33944   28948   28564   21753   24433   34256   30283
   20916   23903   30855   24395   24243   25454   20854   23675   34941   35552
   31632   20316   21700   21763   27446   27872   35276   31505   24761   34105
   28615   21683   28337   34445   22473   30844   33491   34506   35193   32924
   31201   31036   22196   35953   21295   34194   32203   33076   33135   31238
   28601   31706   29391   22141   27323   26139   27372   25661   28344   28861
   31791   20783   36914   20650   25720   30123   25804   20146   28053   36447
   29907   34298   27406   30318   20154   33743   33531   32465   34636   30455
   36320   24378   25437   28788   35727   32562   21767   32177   22197   29138
   20029   20376   32454   25204   32817   27021   23521   30228   23658   32123
   24475   33568   23703   26428   26088   25662   26443   20994   28525   25763
   26084   25055   20775   26666   21255   30026   25935   36507   36693   30058
   36566   26586   31670   23767   28211   34582   34131   27810   27595   35090
   34680   33200   29288   20304   22906   31884   23071   29905   28444   23175
   33330   32257   33010   21274   30469   28762   33387   36099   36434   28909
   20042   23109   22425   25767   36051   22793   21503   24145   30832   25312
   23792   31222   29480   27293   22095   27284   23737   20975   36100   33188
   33933   32097   33724   35397   32956   34159   20433   20721   35236   26454
   34401   25726   27059   26040   25100   31639   26775   32714   29748   32611
   31105   34983   30320   33250   20246   30774   28060   29929   30722   33021
   33033   30032   29176   27986   22921   21188   30523   25207   20397   34828
   36173   20322   24824   32384   25090   32159   34385   22811   34338   22142
   23195   29515   27594   32367   31133   20282   22548   23790   25612   22532
   35115   36786   29161   35904   32461   29187   33505   25035   27283   29571
   35625   20096   36631   23875   22022   36834   27641   25750   31014   28424
   28878   32401   27791   33014   28992   22635   36932   23106   32224   23088
   33810   31650   21430   32056   28565   35174   27894   23864   23378   22930
   33781   29526   27216   35799   20970   23632   29120   35802   20043   23261
   32111   36930   24460   24288   27401   36830   23275   33234   30400   34988
   36295   26484   24490   22663   33911   21384   26288   30077   33573   21944
   30453   24964   22085   23342   23754   20320   25071   29756   34351   24474
   25461   35309   35983   26296   35377   25683   35108   24939   22797   27266
   33324   23988   21636   29428   36480   32106   31858   26942   21629   33937
   33931   22185   29320   20219   35374   29994   31819   36473   33600   25462
   25742   29648   34460   26267   34093   36483   22951   25050   28611   31993
   34640   30697   27897   21596   28079   31660   29607   28632   35639   36635
   25869   33728   24481   21854   29520   28870   29073   31606   29471   36437
   35833   25801   28096   32188   24891   31749   27362   33310   33966   22025
   27040   32663   33121   23385   32567   31128   25526   25618   33126   23950
   30563   33174   34394   23547   22163   21135   22713   32786   29750   35126
   33085   34283   24989   27395   36610   27449   26062   21785   20787   29965
   29790   24150   28545   22317   34392   32553   24305   20983   36953   20461
   33042   33777   27549   26397   21358   34823   21540   31535   29639   28127
   36725   27987   36269   31498   23477   34949   27263   27330   24950   20076
   32168   34861   22000   28642   25484   22373   32398   28177   23500   36742
   21884   36235   36062   26186   31608   28318   36139   31345   32577   31919
   29406   27768   27313   27507   33923   25211   33146   21020   21652   36707
   31955   25510   25119   21345   25951   21878   26935   34045   30121   26498
   27487   36676   22195   32393   36806   29282   26260   21553   35487   31599
   26514   33102   23646   31813   22463   27155   35590   25475   33452   31625
   21395   22881   20523   22706   35637   22821   23774   36989   24696   34722
   36904   32702   27613   35827   20092   25525   25857   21569   33675   24611
   23003   28355   24018   23006   20445   34186   28268   36941   30392   32347
   34857   31362   24274   26479   33150   24597   28899   32277   31009   26572
   26067   32312   22761   36523   33510   20859   30987   36386   24132   31044
   29741   20886   32369   32001   32572   35403   30473   32947   34800   23168
   25909   23704   32268   28859   33210   32858   31199   26790   36720   26680
   32563   32253   29020   32262   33884   34752   34978   31374   28832   31369
   30784   28873   34384   35875   35644   22605   25128   27349   24059   31700
   28885   24890   32902   29852   34095   32451   31049   29133   28734   22849
   23112   36548   29984   26236   24211   27027   27142   36246   33075   33608
   35643   35889   32201   25009   28087   26939   33430   33379   29286   30520
   26181   35596   32853   27102   21305   30545   20015   22690   33047   22405
   31882   29988   35615   26400   27963   26337   23866   29689   22518   35585
   34103   28624   26301   33652   33012   30559   23733   32205   30503   23505
   34379   29068   23351   20134   36809   27346   24743   32180   36663   26880
   31075   36647   28148   24300   23890   36883   29343   26980   26081   30205
   30153   22682   23103   32475   30179   25190   32223   28598   29294   31892
   34325   35949   21587   29214   22064   28569   28958   36481   20459   22082
   34715   32819   28575   24030   31827   20917   22983   27249   27009   23999
   31084   29661   21254   27860   29652   33308   35352   33018   34278   22431
   32533   28245   27694   26078   36737   33208   26937   20362   30055   24873
   25418   32585   30481   32008   32234   31410   36190   34687   35077   23927
   35122   23603   36265   23513   30865   33024   22340   24187   33207   32089
   26364   26422   29273   30381   36571   30546   23314   29354   27090   23884
   25192   22505   35044   36271   24139   26172   30282   21013   32039   29839
   27832   33000   25185   33393   26098   20548   34034   26765   20270   25693
   34033   27953   29874   25063   21168   36582   33701   33688   36224   32809
   31324   21178   23461   30680   33395   20560   30600   31790   32329   26058
   35620   35828   34549   32154   24607   24196   30771   28142   27971   28038
   36519   23892   29920   33193   28303   23245   35385   33273   29184   32068
   30671   31730   30206   33648   20458   22367   26112   25850   30476   33485
   35684   32116   25859   32906   20516   27239   36108   36825   36738   31307
   31617   22097   28893   22283   29701   36160   32846   21190   36328   24497
   26878   27602   26606   25365   22664   32898   35179   27691   27981   21779
   33667   20945   20979   31156   20781   24924   36578   35220   32146   29284
   33464   32292   25800   28524   23842   32560   20610   20780   24903   22433
   34788   20297   31245   30687   36750   34872   25725   22698   22562   21740
   33928   22386   23798   34346   35229   32839   22876   26486   34995   33815
   33110   34516   20877   29165   27047   27537   35314   25110   35433   30534
   33954   35172   28032   21022   29705   32300   21058   27828   36572   31719
   21211   26195   21965   25530   29433   22285   30611   36200   34189   28840
   26704   22415   28107   26133   34729   24779   35471   32863   25906   36487
   26746   25970   33766   32242   25552   24882   24197   28343   22050   31218
   26453   23448   23429   25417   21115   33338   20271   28386   22229   31159
   32713   29019   24925   22178   21868   35844   36773   36880   34777   31052
   30005   20350   25174   29310   34442   36498   27856   21731   35630   33103
   22722   30201   30340   31268   21828   27454   20360   30049   30164   28998
   28903   32891   22987   34798   36889   35269   28560   35350   30785   35944
   31192   24703   20870   35693   29784   25003   25254   32816   36106   33838
   31480   33137   34829   33262   26036   24796   20545   34065   35757   21835
   27555   33166   26789   30161   32052   29228   26429   32783   31713   33073
   36677   29747   22606   27008   32645   22556   23700   36877   35736   23680
   20564   24821   20640   22680   26813   23622   32434   35360   29040   21264
   32953   28233   31888   22741   20538   23125   29077   24248   22883   34253
   25449   28971   27817   23172   23729   30180   25838   21741   33689   27636
   30017   31447   31998   21614   28975   24166   30043   26892   33683   31467
   33199   26532   29344   31821   34411   29255   32278   33872   33428   31595
   32198   30198   26502   21666   36365   24956   27267   23403   28151   34305
   29630   24657   30434   23518   29681   21377   21810   27707   25320   21016
   33514   21336   22517   36394   35812   26413   31701   28050   36179   30557
   32438   36580   29235   33889   30322   29384   25451   23044   23991   28098
   22975   33679   27938   35716   27110   30515   29116   23572   31875   21476
   24791   23860   21068   24044   24645   35665   30550   34600   28364   20299
   25732   32614   36634   24280   34462   22105   30357   27624   29359   27513
   31055   33134   24370   33139   23987   27693   30104   31837   27119   36244
   35674   20547   29038   34100   24759   35267   24831   28047   29191   30199
   34675   24234   24730   26783   33224   22435   31376   26473   20481   22916
   27896   22925   27332   36175   29650   26424   35432   34356   28031   25423
   22669   35941   27714   24906   28113   24239   29818   36203   25918   23900
   23548   34700   34879   31987   33422   23826   36443   30149   28230   20570
   30200   27064   21620   28897   31769   33711   25840   22675   22612   34638
   24712   33576   23930   34764   31080   32340   35214   22995   29856   21909
   31095   24189   34285   34475   24768   32949   28336   31923   30676   35804
   23263   21106   36547   28356   21212   27175   23467   30148   25125   30623
   27365   28595   30522   23060   20279   23100   27645   33032   21290   31033
   30961   22446   35026   33876   30972   29828   22427   35797   33373   33929
   34509   35129   28536   29634   27974   20485   32363   21777   22637   22458
   25202   36629   28911   33895   21929   25601   31406   30577   22677   26281
   36642   29883   29271   36490   29197   29494   32675   35825   29263   29796
   35545   22933   33758   29668   21121   21851   22810   29267   23772   21939
   22712   30112   20257   31190   25688   23400   20110   27923   33975   23318
   30451   27561   23117   26286   24902   36115   26902   35600   28058   23416
   25085   27762   28931   30683   36921   20430   27351   24501   36351   21548
   24138   27482   35361   35186   22496   27505   30216   25253   23149   35826
   28149   29072   22999   27100   29281   23616   36568   25053   34539   33457
   31348   31125   35659   21761   33141   29738   36261   27815   29686   21157
   27165   31474   32035   24500   30860   30141   21601   35052   24932   26977
   33914   28090   26929   25177   33932   31211   36966   23671   20284   35423
   28606   25012   33791   25378   28932   26652   22890   26138   21077   27288
   27049   28184   20778   33222   32641   22235   33864   31853   23244   34676
   29545   27122   29402   21964   26168   30083   23688   30911   24623   35041
   33521   33806   23926   33735   34541   25962   20416   32464   25041   32486
   24860   32552   32965   31424   26167   31774   36625   24593   34000   27260
   22276   36533   22265   31200   30450   22338   24461   29758   24398   33519
   34066   21941   22110   35692   24362   27984   33603   24389   27096   22224
   30963   21406   20411   24421   35679   28173   31214   26269   35155   23191
   36964   28767   34139   35102   23957   35158   30188   32919   23676   29218
   27046   34695   36894   33500   20054   32144   21113   25384   22875   27848
   27774   20351   32938   31321   22879   31493   30176   26817   24921   20710
   21831   24058   20705   22255   25083   35142   23201   20356   28966   22767
   33794   27111   31450   26541   33347   28009   24767   24246   26744   21402
   30933   25572   26393   30734   34363   23977   32575   20212   23414   31088
   34918   22009   28934   23559   30730   27199   36732   36518   34955   25061
   22941   27176   23574   22140   34597   36174   34997   29500   29240   20847
   20824   30907   28833   29464   20346   28164   30290   36072   23200   32569
   29192   31834   30136   26788   27818   24341   29086   29461   35917   32755
   31552   25075   27340   28850   31276   29211   22511   31395   34269   29088
   25427   21615   24658   31165   28423   34027   28600   32211   28460   35217
   26485   21786   20963   24978   25342   28962   26135   36493   24697   20850
   21281   35390   30958   34968   24564   30193   36963   34088   21668   28959
   35138   34213   31130   26140   32515   30147   31961   30168   30009   28633
   27680   33695   29215   35990   21130   33019   36019   20216   33417   22977
   35139   33160   32408   23203   24048   34328   20083   34048   36511   20996
   20493   33537   22130   23807   31011   28855   20292   36606   26784   35381
   23664   33532   27647   25768   28858   31110   30624   26121   30824   29417
   25004   30485   29637   20323   32343   35407   28479   32442   32551   28864
   23961   20381   20103   36878   31351   21716   26234   27107   26446   24992
   36366   35351   36146   32256   29496   21841   24382   23499   25407   31496
   32320   20307   20690   29085   31576   26717   24660   35022   33575   20997
   31612   34164   33216   21499   28315   36215   34508   28380   22295   30787
   24213   27529   20337   30299   24922   25540   24910   24402   23742   31277
   20628   31702   34069   27753   21040   23960   25764   20887   21732   34858
   32607   20375   25620   23046   24363   21520   34335   22748   27816   28852
   30125   26076   22489   25776   32321   34169   29794   26474   30519   30150
   33483   24068   20754   25457   31999   31230   30062   34404   22369   26319
   20305   27384   28186   23250   20385   20132   30073   23449   32450   26735
   20366   26410   29888   21124   28065   21840   35581   20220   28798   24414
   35680   32619   27976   28752   35765   26516   26814   23360   25261   32597
   25930   26037   26882   32803   33312   23870   21148   33309   35808   29239
   30882   36646   36112   34993   20068   36142   30718   34555   20055   20761
   21461   33071   28373   28900   30341   31811   36592   32622   20867   21044
   21047   24698   26347   28231   25074   23209   28313   31366   21581   36300
   33804   34206   24568   25737   20499   26903   30460   34014   25916   26073
   23497   21913   24949   32960   22084   23526   26349   34567   20379   20437
   29467   34311   27584   36876   27628   25276   35516   21529   20406   35169
   32271   35883   24720   34673   24507   35001   36789   32674   31298   26114
   20455   36016   27056   24276   31930   26032   34425   30300   24216   24142
   23963   28259   27185   35176   34129   24311   25016   27431   26906   29274
   28288   21800   26855   24336   26975   24221   21623   33219   22884   27673
   28388   24143   24368   32829   23504   23829   30006   26217   24278   35242
   20010   29759   35143   20264   22564   30353   32940   34811   28604   30773
   33595   23753   25106   31495   25031   32506   31175   26261   33399   20196
   33392   29029   32568   25568   20421   27400   32496   30915   23017   22462
   30044   28696   26642   35594   35976   32501   33328   21303   32040   22347
   23308   29276   27378   29420   24532   33087   31869   36287   33586   29857
   34771   20915   29990   23282   20976   32120   31344   31421   36093   29587
   26956   26310   31005   25950   24820   31736   23539   25400   24007   29269
   21162   35677   35624   35426   22813   27729   21681   29644   31127   21030
   21621   34440   26273   23034   24738   33291   20078   26014   24970   25294
   29418   26671   25266   21143   21039   32774   34647   27010   25102   34681
   33699   24682   24537   23433   28480   31292   27800   22873   36209   28628
   30425   34143   34853   23936   20260   28886   20633   30247   26618   31571
   32482   26318   33426   30045   31610   35241   30263   33013   27788   32319
   33459   28204   31161   36466   36110   34262   26010   20730   22089   24552
   28772   20823   20864   22953   36829   20695   27666   29099   25649   26196
   24935   36659   25937   26641   35399   26103   25647   32342   34641   25638
   20635   32555   31397   24772   30552   21363   22086   25650   32386   31223
   23384   30947   25886   23042   36038   23068   21774   27050   34768   28093
   26976   21071   26838   36754   27028   20692   26612   26694   32773   34810
   27226   22596   35722   27599   30618   33995   20577   31090   30361   36680
   26439   34646   27857   29444   28838   31081   36700   27795   26304   36285
   20776   36374   21793   27688   36827   33681   32330   28262   20423   34737
   26025   26419   29285   35512   21600   26633   23193   34802   34767   20573
   31176   34035   30236   28175   26949   32730   20443   36218   30956   35809
   22531   27432   31680   35037   20928   24559   26105   28281   35437   31443
   24342   36279   20365   35880   32132   20800   20388   32782   28018   20064
   33925   28529   28263   20472   24936   20018   31995   25845   34552   29767
   36583   21877   35778   29809   31117   35346   36276   27787   24165   21324
   30786   29168   36965   24663   27190   36584   22580   24896   25636   23751
   24784   30742   22426   35475   33776   29937   36928   22662   31848   27589
   34239   28742   27850   28544   30314   29795   32587   30498   22495   29544
   22072   27082   35305   35642   28111   28985   34580   24319   36807   36442
   33367   24464   26538   29605   34375   26128   23251   30839   28368   20844
   29058   26816   23489   22526   23696   20955   29340   35007   28360   26192
   28348   33377   23736   28608   32473   33221   29679   27543   35987   21454
   20106   20888   26425   36448   32907   36256   34527   34209   22365   33238
   33104   24128   33335   34665   24266   27814   32484   26005   29919   30924
   29971   22315   22835   36866   21344   33609   27533   21048   29137   35734
   28810   27501   26967   33843   22877   35817   32160   36212   26293   30203
   24344   26736   20456   32921   27929   22598   34908   27026   20703   30497
   28016   32194   32646   27801   36122   24125   21648   29745   30091   35177
   28967   33947   33329   23604   23662   30252   23595   30354   23146   23975
   33044   27093   20872   26436   33245   31751   33192   20919   28417   33177
   32499   21394   26381   23717   34108   25144   34322   29504   25668   24164
   27074   28976   33394   25370   26157   25025   25165   23361   29731   28139
   35388   22772   30115   30338   24231   25503   33551   20263   34535   29053
   26648   22289   34959   34160   28391   29178   31040   35099   34245   24471
   25152   26346   27212   30235   31836   22422   26441   36025   36435   29149
   21936   28766   32690   32982   25586   23465   27150   34360   26934   23438
   36846   30234   30940   35777   36936   32696   32267   31763   34150   30351
   36102   23166   20999   21956   21056   22455   22825   24117   21997   28701
   25329   22368   36780   33761   25821   27227   30939   25682   20617   20825
   25157   29289   30466   26543   22387   21194   32914   34461   31310   29659
   21096   28051   33800   28485   21403   28400   31001   26341   27421   31562
   25823   22513   34994   28085   20902   33584   34595   35720   30853   29722
   29583   26352   36767   30116   20098   30129   28404   26430   20554   29100
   30991   28830   28119   27741   35733   34852   29162   21631   30229   25434
   35134   32197   34369   25238   35862   27839   29477   25366   23383   25299
   36196   23917   23367   32440   31166   28756   35366   22731   22944   23320
   36198   25827   36097   23023   24783   32264   26367   28584   20751   28845
   21664   27964   22981   33892   22602   32908   30086   22519   24581   36710
   23137   22066   35504   33545   23654   28738   28785   20790   34313   29968
   31816   20448   31183   29368   29319   36559   29854   23147   28140   36085
   34472   32910   34962   23341   32669   36905   30931   21859   33070   30226
   20532   32060   26230   22697   27264   34634   35623   28393   24175   29981
   33114   34546   35513   30273   20618   25011   26873   25014   24304   21618
   26709   32066   35788   36482   28541   21167   21391   30767   33469   28286
   29783   29202   34544   24523   31605   20722   23544   35205   23095   34374
   21045   35859   28108   25507   22782   24548   24659   36854   27780   25235
   31785   25504   29226   32230   30776   21625   35622   25297   33789   35111
   24570   22547   33279   20344   30657   32003   24032   29976   20592   20675
   20910   20470   20616   22416   21674   28431   21687   35978   36129   31932
   21081   33741   33823   21251   22362   34948   27326   21156   33691   22688
   29069   29588   23725   29576   33982   26962   31270   26537   33685   24887
   35766   28901   32247   27890   26170   27307   29897   29600   26388   27305
   25660   21707   24676   20804   28216   20127   35820   36643   36992   32244
   21735   21837   25120   24028   27522   35436   34825   20791   31358   28574
   36387   32554   24575   24174   27495   24973   20948   23242   35442   20155
   22337   33915   33529   26041   32576   31483   31891   35060   31845   30401
   25123   31015   27716   35972   34222   26864   34219   27072   24941   24031
   25213   32322   20814   30553   32065   27758   26444   21738   31687   35273
   25948   23049   28429   21970   35914   27045   29122   20131   36718   28719
   36491   22160   33750   35210   26887   35106   24869   20166   29005   21574
   22166   33967   36910   34082   32326   30691   31890   33424   20135   20982
   33744   31003   29676   23225   27429   34397   35592   29598   30733   30289
   21660   28961   20441   20699   23816   22589   35216   25155   27120   24404
   24302   22440   30829   22325   35798   23246   29257   26521   25860   31466
   24586   26043   22366   21806   27911   23576   33799   20395   27601   30240
   32297   36041   30732   26351   21139   20985   23845   35775   34531   23938
   25395   28744   27639   36536   23343   23334   25430   30836   35396   30843
   26194   22805   24566   23073   34177   29447   28237   23561   26332   23065
   21744   23942   22334   24367   21078   34122   36476   20611   29726   35112
   31063   24195   31765   25711   24412   29824   20396   21370   36745   34945
   26031   23204   24148   28234   21002   22073   22583   34704   30154   36570
   20925   25736   20614   33214   36368   34147   28659   21886   24258   22832
   28062   36094   33542   32087   35024   23612   24467   36424   35617   22471
   29126   20494   20460   22863   23557   22578   36590   26190   29706   31558
   31665   28843   34422   36158   21206   22477   21059   35414   30342   28505
   29952   32029   24065   32672   25111   22104   24423   27234   32430   31643
   29258   27696   21727   27820   21451   25803   35354   27614   27988   31957
   26585   24309   21914   23644   26796   30222   36489   29682   21279   35130
   30214   31590   34731   22302   25967   29309   28508   32397   30579   34448
   29658   36151   24510   20242   23896   36145   30385   27829   20815   25513
   31328   34538   28924   24118   36771   32494   27474   20613   20203   24468
   23955   20495   21283   27526   35120   24185   30583   26690   31725   26852
   34960   32080   29655   35006   32712   21263   20563   22034   32246   22128
   33077   25818   31061   25539   23227   36974   31131   25799   27379   21672
   36084   34098   23931   21532   32033   30850   25344   26009   26278   34551
   20822   31022   23240   24078   20045   28426   22968   34822   24470   32654
   31477   27748   20059   23743   22896   24931   30727   36083   28486   26018
   33345   23362   25634   31282   22937   35491   20277   28558   30589   21906
   33643   25553   30642   31780   26828   20645   27427   21233   25242   20966
   31460   24180   32151   28678   22201   27261   34459   24540   34145   20537
   25101   21843   33557   21426   29148   36694   25116   20022   24135   26082
   29227   30305   28730   27465   35303   22364   34856   27849   35097   21892
   34111   22461   26262   27259   35712   33097   27580   28210   34191   25594
   33432   30966   35119   30166   22481   31583   20993   22936   35081   22934
   20027   21333   26719   28884   26437   32722   30715   21918   21079   26384
   32258   27219   30256   31352   32901   21713   34368   25501   34463   32143
   22106   34250   24833   26587   34251   24864   30675   27918   34074   21322
   28327   30500   35032   23516   21357   20136   21626   34330   27763   26176
   27726   30142   26371   25292   25564   25959   27422   24725   36824   34001
   20409   22041   32608   22743   23140   22853   23545   23598   36086   35446
   36915   20019   22121   31991   31743   28099   29416   34451   21527   24843
   31674   21832   25058   36080   25079   25815   35490   24488   33896   22979
   23913   33716   36039   23514   36562   34483   27224   28013   36551   32753
   35897   35485   28120   35408   31786   31339   30532   20719   20336   23605
   27593   24741   29860   32349   33635   26004   25956   31150   23300   31386
   31227   30343   30281   29881   23800   29843   30108   34078   34218   34977
   24897   31452   25097   29830   24871   31965   30067   25712   20549   33285
   36872   30013   27147   28227   27055   25072   26964   29498   24867   25187
   22176   26227   29112   27956   29405   34817   35740   23587   33507   35694
   20683   26001   36028   34815   32030   34526   27235   36280   28131   30741
   33704   21088   26353   23454   28432   34087   36223   33853   27218   27907
   32609   33572   31398   25852   31058   28215   25348   26324   21642   32172
   20182   30743   28267   28526   25806   20930   26844   27023   32405   33530
   20763   21443   29536   36495   32113   36901   32470   29619   36705   20177
   23867   31762   28825   20133   35329   32219   26373   32015   32316   28533
   35879   27314   28290   34563   30078   36907   33936   35803   26065   36252
   32865   31101   32679   29245   26753   20378   22559   25323   36119   30751
   20128   33284   23359   28521   27855   21028   33433   27861   35511   36612
   29070   20612   27480   22313   35342   24805   32661   30872   33813   32141
   25929   35842   29868   27167   20276   23157   28732   23522   23052   23536
   25206   22989   32175   35153   25878   35321   27042   22661   21225   25613
   32994   25851   24565   22614   21049   22156   25998   30163   30092   32150
   23964   36417   23763   20727   21972   32787   22008   31871   34006   22656
   25280   20960   24255   29869   21825   30097   33891   22730   35789   33549
   27339   33848   34843   20652   20671   22499   36313   36906   34550   21309
   30172   34438   33986   23331   33168   25303   28208   25735   36092   30737
   27865   25037   23589   36821   26242   35746   33905   26681   22060   28925
   24034   21599   31589   26869   29512   21128   21142   23375   28101   20125
   28816   30695   24969   25666   29301   22904   22546   21011   25236   25813
   32711   36297   32633   25371   22154   21450   31414   20728   34599   24269
   25001   28143   24112   32613   35144   25463   32053   22013   32750   20254
   28384   21207   27751   28979   21026   24159   29566   34606   27648   34175
   29451   33941   30748   29979   24014   32295   35980   29922   31527   27442
   24916   29415   29139   22724   22837   23898   27731   20450   32742   27676
   35977   29483   28556   32364   23663   23210   29297   24727   25108   31925
   24640   32517   36406   20601   20808   25198   28703   28236   23677   33996
   32582   24886   34276   31429   34839   32512   32184   21285   25820   26923
   36315   32027   22626   31657   36554   34403   30909   34353   32105   24249
   23889   20032   28089   26973   22017   24232   32064   35421   31920   29612
   31219   27397   20581   20694   26756   32899   33598   29665   25535   25167
   24794   25861   32019   35690   34277   34859   28339   25687   30745   25386
   25917   34630   23682   21199   22032   26094   29242   20795   24503   21987
   28523   29578   31627   21728   28726   29537   33797   36867   27460   29071
   25585   22414   35251   27360   28428   25654   22189   21594   25269   32006
   25584   23853   23979   36935   31896   24251   20556   26323   30489   36408
   21923   34114   30470   20637   24610   30042   26494   31645   35448   33249
   35146   22864   21954   25919   36611   30162   21537   26836   30298   21107
   30383   33495   31826   24313   31822   31373   35047   32862   22488   36802
   29076   22026   28007   28779   21675   28353   31939   36778   28496   25421
   34127   29625   27760   29844   30820   20858   20023   30356   31666   27204
   23554   22507   30834   34836   33737   28820   23869   31135   32937   23123
   31380   23600   34603   27869   32644   27444   28803   35495   33770   33170
   28193   33527   23766   35933   28923   21762   32357   24270   35956   20149
   20513   27864   30537   23836   24999   26458   21269   29684   29372   32085
   23819   36035   27679   35232   27885   31520   22676   36012   22623   34402
   32559   22193   35632   29251   25465   27882   22988   30608   22033   34754
   21419   32346   22382   34228   22450   35992   21602   28723   21422   27957
   28081   33171   23141   27103   34133   21586   29923   26499   32334   33129
   27572   23243   24373   30276   20653   29385   33917   30543   23162   25477
   29633   30428   23097   26461   25020   27749   26699   31788   25616   28191
   22503   28929   20621   25588   26182   23948   33400   36668   27405   22088
   29906   21364   25529   20179   35955   31727   32157   29947   29036   32999
   35553   29632   32926   21067   31783   31295   35453   24861   30630   20137
   26636   20261   26415   33630   33626   35966   20625   20296   28547   36423
   32360   36678   24695   20882   22965   32733   29238   32017   36111   27369
   33540   36468   31664   25748   35819   29970   24109   35898   21995   30173
   35709   30739   31132   35697   34464   24923   23373   20908   26969   35965
   33440   22297   26469   21378   28439   23213   20187   26132   34650   36637
   26739   28347   24930   30637   32624   35758   36141   21397   25740   33637
   27568   30858   27932   31364   20439   28612   34840   36602   26536   21549
   27105   27998   28412   30444   20034   21014   25527   28562   31251   31497
   33068   32677   27496   33306   30521   36702   32676   35020   23825   31944
   33448   28091   20947   35297   22996   26658   31934   25968   28314   29997
   27170   27373   35948   22527   22816   25892   35649   25351   28904   26403
   23286   24011   31494   27113   33910   25667   30437   31609   24335   24742
   25729   25570   29936   34163   35311   36204   31578   21407   25054   34343
   28943   31971   31471   33015   30411   29898   29569   24023   30239   24235
   34265   35184   32564   30645   25092   34625   24268   27697   22038   26870
   20879   20900   26418   27116   28287   24545   23586   21896   30372   30857
   33093   22855   31732   30432   24167   24976   34909   24782   23159   23374
   21268   27966   35821   28379   35732   21448   25059   25103   29553   32707
   22161   30187   35300   25277   36238   29596   35931   22244   22101   24594
   28494   27566   32804   20215   28070   21292   21807   26798   23025   25354
   33802   27352   23290   31399   32958   23803   34099   34198   34933   31582
   35335   33215   30970   25105   20120   31861   36340   31030   31010   26900
   21131   26797   21464   36370   29392   26150   22076   20122   34620   34441
   33053   21541   32739   26863   26320   22947   25793   32378   35325   27132
   26979   31623   29743   20524   33460   36654   21465   26265   35243   29136
   28199   33690   28811   25608   24714   25382   31456   22210   22629   27488
   22309   29212   20251   32991   32336   32697   22226   22466   27910   31983
   24348   36796   32413   25908   35507   36047   28258   29927   25733   25051
   27926   36337   27179   30726   27637   22972   23801   22687   21649   29696
   32721   21473   26831   20488   21208   25376   22007   23487   30946   30477
   26862   35657   22131   32911   24866   33461   21545   21161   21514   29014
   33662   30979   30352   35391   34855   33788   24827   28408   35031   23846
   20428   22751   29820   36191   25438   33163   31198   29848   33877   30651
   20661   33886   26849   25581   23983   22967   24054   27121   36613   25690
   25811   26787   31553   33647   34615   30555   34406   32652   32385   26270
   29308   30393   31054   24736   23337   32429   35459   21931   29974   28917
   26689   23831   29698   25778   31319   34075   24752   29850   30402   27605
   33952   22243   34990   30708   27124   30828   21458   35004   33842   33868
   27287   21714   32541   21418   34407   36716   20466   23154   27717   22266
   24622   20918   31641   29657   33865   32657   36565   32447   34806   27812
   23306   30398   36240   36335   36726   32777   31530   29680   25098   28652
   20527   29078   27426   21572   32959   33897   24635   36567   23202   26382
   35068   25542   36355   33912   24359   32939   27161   25180   24519   26985
   22371   34981   34096   34471   31458   23838   30592   30606   35209   23902
   33228   24664   34484   24780   27769   22670   32259   24405   21076   32870
   26020   26915   29180   29769   28222   24977   27554   22974   36952   26404
   26264   31905   29479   32532   26920   21895   27221   28902   30656   24169
   20275   24033   22622   25743   23317   32195   26835   29506   28915   26299
   29107   33280   31151   35747   34694   32509   26146   26914   28042   33233
   34362   36275   27467   20748   25306   21158   20345   32952   25903   33407
   20392   24944   23182   22286   25482   29647   20035   22345   31744   27324
   22200   22714   20819   26592   36068   34473   30612   31208   36658   23382
   30483   34906   32456   29960   23483   21861   34773   33152   20259   27732
   23621   33610   23376   24704   22601   26728   24272   29221   34824   24087
   22709   31640   26722   33049   32887   27909   27663   22640   31950   20288
   34688   30905   24245   22973   31646   24425   26483   35159   34032   22261
   21759   27500   27902   23302   21339   25159   31856   26164   23933   27664
   33380   30117   35806   35183   26551   30094   27068   25410   25397   36591
   26375   36709   36630   35837   34674   36288   27053   24376   20884   21235
   24998   22102   36826   31280   33239   36024   27253   27937   34784   32228
   23879   22080   21469   22067   28181   27940   20834   24653   24428   21072
   26679   21425   23291   26632   31217   33253   31111   30590   35087   30539
   33849   31982   21175   33525   32227   25278   35355   22665   30034   31654
   33217   24889   34427   32176   36420   22112   36811   33656   29098   30375
   25049   24851   24097   24312   30270   33809   36219   25728   20593   23509
   20672   20227   28879   27286   27062   29948   29912   33364   27993   27700
   36604   21860   36984   31259   34905   23390   24186   26911   22742   36336
   20954   25966   33454   23192   27371   28710   24600   24647   31140   29004
   25765   34031   22563   23428   24529   22542   25176   34051   22055   21787
   26578   22802   30510   27504   26853   26996   24215   25042   25915   34519
   33450   21662   24257   31123   35764   21796   24900   25470   31091   28395
   34566   29973   35356   29531   35556   32694   29423   22124   35318   34845
   29776   23924   32478   36502   26398   33991   20130   36371   33878   33686
   28731   29382   31533   35869   32196   29144   24907   22854   21535   30750
   23339   25710   33539   22164   29692   26809   36474   30095   22516   27747
   27207   35266   35887   33956   28892   25175   32890   30265   25486   25393
   21982   25426   25901   27152   22914   28200   29709   28363   29710   35225
   36588   23058   26821   23196   26747   20510   31449   31342   25762   21393
   33729   26467   21082   30441   29677   33588   34288   26017   22809   20085
   35312   20689   27983   30297   23121   24733   30799   24253   27608   29595
   21784   34025   30102   35715   21919   20425   30414   23394   26464   36951
   31683   27913   29926   29640   21111   25809   22971   23747   25871   25156
   26333   27292   33269   22512   20810   25670   25265   22758   36943   20680
   30560   20841   30452   26684   33664   22702   33326   28646   26721   28663
   34831   32886   28657   27821   24067   26731   25224   23850   32284   29560
   28198   20846   22151   27944   28542   21035   23122   21943   27503   29193
   35040   34570   21608   30253   30463   35256   34307   34321   32009   27520
   31122   29090   27891   29396   27989   20113   34893   24377   35555   21947
   25258   34113   25974   35654   35728   30056   21606   35014   32348   27060
   27634   20753   20893   20911   31193   26522   31708   20031   35701   21808
   32743   23779   24267   26667   24226   30992   25805   27051   33847   32455
   23464   27225   24052   23567   31249   32544   32970   35866   27538   31602
   20539   21990   30717   31336   20109   32738   21961   24119   24506   31704
   30724   35811   28103   28957   26599   21351   20736   27761   36961   29808
   36874   29324   34628   23352   29313   25623   34062   22052   31018   33145
   22424   27895   27317   20649   35088   30885   33715   26581   28935   28289
   24046   20436   35244   36712   34783   36579   27858   36656   30981   24228
   36852   31416   21412   36270   24689   23055   25931   21240   22395   25760
   25298   28072   33984   31152   34015   20020   23004   29318   31248   21087
   35344   23084   22237   26165   34604   33641   33980   33154   26044   35207
   34312   32530   21169   22139   32626   24746   25630   24212   20447   23744
   35923   22487   35489   34318   28894   21119   29105   35731   20067   33341
   20424   31969   34405   35975   31515   26757   20896   30536   30014   34530
   28797   23568   30793   33140   26716   33062   28503   21298   31272   27469
   21046   31873   21958   33297   22098   25580   29931   29035   22179   26726
   21296   30197   28555   21875   25481   21873   34999   29539   29604   36304
   29577   21696   23185   31265   35315   25532   27841   32471   23037   28049
   34167   36293   32794   23954   24282   34975   23805   29476   20491   26003
   36759   32854   26450   31691   34377   30570   26277   32840   23324   24787
   33738   22648   24521   32930   30051   36286   27562   34524   32778   25234
   24981   22456   29685   27084   26303   29946   36470   25113   35686   22434
   36165   24963   27085   27806   28462   36804   29261   21821   29422   30983
   21833   33740   27870   20112   27345   23591   29793   34289   28370   22352
   33733   30069   25888   22479   29376   33634   21726   29548   31631   34199
   28489   21528   29204   22404   33352   25679   26653   30999   26077   32588
   28549   26290   26626   23158   21209   25994   32516   21024   30325   25849
   24562   22005   34358   28443   28207   28677   28527   31855   30922   34491
   23057   27158   25062   23329   27518   22845   22711   27398   26201   26912
   22963   32491   36411   29367   29757   32135   34125   24543   35055   24804
   31442   20253   25795   20634   29074   28163   34927   23935   34136   23032
   30063   33276   36307   30059   25600   27375   29524   27620   25796   30632
   33453   27333   23828   30912   31106   31679   25456   34003   25322   33287
   31481   22525   29746   33879   20206   21453   28761   29333   33858   33187
   27752   32857   22480   33860   29517   33167   20793   34789   25910   33425
   29363   34787   24494   30461   24574   27138   35078   20169   32808   23094
   29270   24093   25408   28849   32463   28625   24842   36662   26012   30646
   28768   22219   30616   21737   23709   24753   21122   26129   27017   20097
   21408   36393   35845   21307   32666   36131   34188   27198   30016   20126
   36762   32972   35392   26361   32729   29972   27556   29543   21816   36154
   35755   34958   23624   30814   24557   25375   32917   26452   22047   29557
   30798   25304   27570   20040   34275   32163   24598   27851   26115   36454
   26038   27200   25154   36149   30327   33554   30344   23471   30036   33382
   29361   23219   25452   31510   23776   31746   35069   24644   22524   32732
   20314   21485   29934   29081   32704   23458   24528   35341   34790   27083
   22172   29611   22946   36768   34496   36195   25282   22672   35319   31412
   22617   24868   29222   21229   23249   24656   20623   24812   22568   23515
   36665   20511   30181   22750   30647   26557   36800   27540   34744   26046
   23490   34911   21590   35631   31917   28088   36066   32263   35011   26411
   21318   27091   33289   30413   31541   30027   32814   30374   22927   35362
   24672   28501   30071   28721   31863   36323   32331   30512   30746   24522
   22763   25428   21609   33189   34847   30764   25015   35000   25057   33299
   23315   20077   20740   21518   26758   35468   28968   33953   20332   31799
   28446   33882   20934   28896   34504   24462   33523   22213   28790   32479
   26566   33762   33734   31750   25509   25884   20583   20906   23665   31296
   35724   25738   22389   35123   28411   25538   30795   36289   25830   20328
   33930   27583   34355   22358   34803   23543   31314   25863   26867   23873
   23132   28760   26812   36950   32114   28616   36125   21301   36624   28068
   23059   24766   26845   20160   26702   30569   35575   24241   34447   27232
   21232   22851   28675   21653   23580   27071   21709   30007   20969   20256
   33593   35563   35678   21227   33645   29554   20222   32362   34156   34016
   28238   28837   31580   24755   34485   30087   28137   25494   20101   32088
   24541   34421   24147   34116   22514   31689   21094   22627   26169   20801
   26940   30957   21701   23173   34195   30919   23372   27548   35029   21288
   32772   24281   32540   29488   26426   24524   23470   31900   28319   22918
   29108   26752   25794   22263   32214   21038   25575   32837   30474   28136
   26056   27629   34589   34899   24550   26218   34756   21742   32905   34808
   28509   33069   20104   29379   33927   32055   35441   25987   26118   23281
   22293   36213   31881   25498   28847   26965   26856   32365   27888   31568
   23446   35082   20685   31953   27159   34260   26177   29621   34826   24609
   36618   29067   31418   33209   35984   25758   22787   28332   22745   27075
   23814   32021   22031   34049   34061   34444   20590   31427   31802   24163
   27715   30427   27903   28382   26898   30439   24149   27670   31234   26677
   27884   24958   25985   28773   28134   33470   24652   32062   33002   20469
   26548   22329   32252   35989   28783   24375   21780   31560   25900   27485
   31899   29610   34533   26611   28697   27689   35461   21656   22234   27871
   31313   29772   21069   27578   28963   27722   33623   24015   32298   31354
   26019   32966   29580   24051   24928   35488   20229   22784   27532   25064
   28034   20627   24219   23395   20558   34513   33484   31065   20185   29225
   30379   31777   34910   28933   35263   25200   24561   20507   23657   26745
   36788   30246   25963   35895   30262   30663   22603   23217   30998   29425
   20387   22277   27078   23258   33961   30475   22789   20413   24629   28571
   36278   35327   23519   29378   32856   27743   35289   33473   25520   34805
   26104   22862   32780   33968   22049   30668   20072   32427   27206   26968
   24322   27642   33045   27970   34359   24514   33319   35593   25358   20759
   22874   26769   35025   28217   24053   28059   20542   20971   26306   27581
   29059   31266   23311   34753   32628   33244   32670   24953   23346   35051
   34242   26941   20517   27250   23716   25146   29563   36621   35633   35888
   22609   35907   22788   36347   22992   27551   28551   32658   23904   30615
   31007   36504   22171   24198   20245   29627   25754   31901   34984   31137
   24237   25514   31478   34565   34221   33038   24256   31086   35994   23405
   25203   25665   34336   35058   36696   30719   21340   20471   21084   21874
   23012   22584   30054   22566   26966   33629   34354   27245   29546   34626
   36325   21500   30050   30527   36405   29201   26582   34587   34718   26670
   23894   27778   36163   31629   26228   31148   34287   31996   21174   33105
   24717   29651   28273   35912   26178   34151   29153   21748   26363   33839
   32254   21490   26210   23759   32391   24838   28209   28396   32511   27334
   26448   33594   24261   20036   27208   21752   24815   29246   32627   25479
   25497   34951   28717   22931   25040   23009   36077   36933   32233   35739
   32420   21799   30833   31545   35472   30935   20860   29371   20407   26512
   30964   33458   30403   26033   20102   33003   33556   36510   29485   26008
   28906   32339   26365   32561   28121   30186   31384   23208   34214   36774
   32797   28754   33613   23613
