   24220   32575   12005   25007   17688   26156   15832   12950   29600   28993
   13404   34220   24213   34526   11388   28210    9068   20619   22163   10262
   31468   12159   19454   35696   22545   29523   10279    9895   17505   20616
   19645   21961   35538    8755   26656    2311   22448   15125   11330   14287
   36653   35703     222   24357   36814   29631   12692   32975   36347     972
   22360    2525   19281   21590   14531   29189    7778    4779   17728   21406
   21516   26017   17447   18086   14180   33801   36727   13478   11905   25761
   23895   35546   31288   36530   10315    2699   14404   22918   26171   33384
   13791    2832   11777    5084   20453   25600   33359   20936   17035    8821
   27302   36318   20101   36454   14114    6152    6067   10920    3240   32739
     297   26422   26254     998    5953     885   26708   34895    7866   21957
   30055   32940   31156   16292   13397   22644   15782   33750   20990    2221
   25451   10585   30848   24841   20922   36732    9347   30384   23839   15545
   15347   21081   30352   29053   36375   36890    4314    6876   35289   28172
   34309    9522   27939    9190   29716   27580   17680   10839   14992   24538
   11373   20854   27227    3565   25994   32103   36999   19338   28944   36760
   29864   25471    8961   14798   33129   13892   20287   31422    4797   36166
   12848   30762    8110    2088   17809   11415   18027   29639   13868   22444
   17345    3960    9440   15239   17918   12629   15404   30210   30557   26152
    4215     469   28738   17618   12340   12253   35591   18332   24277   17807
   13705   15696   34491    4567   28193   31562   14829    7951   10689   29856
    5748   21158   10725    1264   34193   26345   15443   18015   28189    2552
   32701   27443      94   14258   19517   24180   23178   35736   33069   25174
   26405   21709      63   13398    6210     588   11486   26649   20154   27513
      34    2706   19790     443   33959   33605     856    1989   25912    1388
   35965    2212   32852   17904   11119   23161   13482    6442   18979    5180
    8210    9151   25306    2878   34315   23099    9229   30829   33204    7161
   24659   29662   35917    4471   36080   16542    1060   12379   14277   21384
   11789    1171    1973    6765   32123     136   13283   23463   22496   15026
   20839    1999   16088     917   36508     414   26372    6413   17056   12552
   20129    1758   28011   21858   27634   12589   15918   30608    1048   14749
   36940   22978   29219   33219   24438   14449   15087    5533   27869   24561
    3552   22161    3724     762    4096    7912   36644    1736   31478   30798
   15488   35466   17730    6759   27037   24838   22935    6105   28773   28204
    4068   21613   17909   11546   15378    2007   27737    3889    9219   35208
   10499   26841   36235   33541   35006   10133    2666   35673   34745      44
    9593   10553   18795    2210   33799   33937   17162   13825   16573   33218
   26682   35698   19508   19378   23207   26144    5345   35372   13017    8054
   15994   25532   31008   16203   32413    2257    1903   17506   18341    4439
   12121    9310   23731   16138   36863   24096   17740    2509     298    4087
   24498   15718   21078   33350    4086   33570    9799    2105   29319   32623
   13983   19209   13391   35327   16434   27299   20138     105    5062    2751
   33557   22890   15563    1913   23067   13548   30394   16909   23319     243
   30733   35623   32668   32155   13059   35748    8897   33217   29778   32171
   29044   24709    9676   26433   25645   13241    5193   18446   12616   26505
   34688   14636    6857   21467   25500     721    6981   32313    3532    8753
   23655   33804    7517   33276    1853   22813   19491   10174    5811   25953
   33984    8341   23334   10359   31232   28093   12675   35090     736   16824
     630    2422   14706    7084    1227   17691   31312   12312   17054   36560
   36682   17311   27713   29622   22018   25891   24466   14528    8583    2358
   28668   31769   22612   15167   29484    1329   10868    5929   11517    7937
   10554   35439   36802   18572   21930    4417   29461   17884   33817   32955
   33513   20993    5294    6155    2982    5518   34269   11383   25327   29193
   36037   16423   26668   21752   19276   14734   28602   30488   26398   17518
   13351   21210   26446    7369    7003   29596   16646   34481    2814   17055
    9258   18056    8807   36055   22655    6497   27903   22896   27158   35601
    2256     461   10750   19434   13565   13609   10526    8445   11104   28212
   34421   35694   29159   16718   30133   34197   20653   10855    4272   31532
   27284   17485    8173   15949    1942   14015    4811   30713   26607   23531
    6294   28861   21372    7915   22038   30694   18030   14096    2712   19964
   30907   28407   27465   30016   22799   21679   11459     746   24266   28483
   26632   16094   30318   31762   33703   25162   32951   36268   18629   13435
    3563   22691    7824   12662   27436   10080   19395   33337   35124   33796
   13359   16366   16914   25777    7624   32970   36362   25357   22660    9512
    8425    9523   18335   31786    2403   22387   31102   21734   36371    7639
   34302   13118   20893   31440   36846   35180   34395     633   29985    7963
   20534    1073    4859   23057   33080   27586   29845    1719   17794   32550
   34893   23154    7896     392   28532   27845   18729   10135   15400   15739
   24916   18714   10744    7524   14242   20143    5321    4833   28979    8600
    1177   31239   18740    7111    5572   33564   24017    7526    7249   23781
   18126   15769   29292   36806   25344   34259   32751   21676   31339   22885
    2676   22742    7024   10477   20970    7727    2736   30618   18549    7341
    6121   16865   34432   35316   14846    7545   22427   21789   15737   15061
   12144   15990   20985   20620   10404    9281   21206   33715   29674   33223
    1323   16345   36752   24572   19042   32206   16959   32669    5983   11895
    4354   31528   25148   18596    6690   26925   33972   21346   24983   12442
   29351   21607   13057   34572   35048   27460   33949   31741   35042    5270
    3460   32649    1802   23931   19537   33533   25077   27084    2050   13468
    6224   19364   17985   16372   35078   11676   22510   28537   10945   12249
   18518   11823   32053    7892    6530    3253   19268   34120   17788   21253
   30414   18091   18185   11848   36970   33645   22602   35294   12756   22332
   31862   21886   14479   33427   34756   26711   27497   10825    5065   15889
   26751   22524   36412   22015   24133   16168   18833   15457   30721   12173
   25831    1995   27165   23190   29876    1960    3667    9870   10985   14859
   20362   12926    7285   12854   27327   12799   25425   27704    3222   34886
   21339   16878   15944    8357   32796    9420   34065   34620   36627    9864
   22153   12901   26811    3237   29110   34042   32315   13940   14947   27170
   22063   34728   14960    1336   32552    7706   27027   15163    9571     836
   28712   10116   34856   34299    6906   15017   24479   36418   13139   12468
   11527   10976   13454   16179   10518    5949    1495   30986    9141    7026
   22007   24823   33898    2899   16547    4173   34618   31838    2381   33530
   35135   25203   32715    1593   33498   21738     617   12118   25821   24255
   32422   26864   22976   20976   30465   14668   17209   34406    9104   14049
    5517   30442   32526    5117    8978   27980    7880   23002    9574   31458
   12807   34700    4872   29656   26055   17806   14873    2957     510   15294
   27670    4636   17991   24850   20669   12148   24046   10185   12517   28121
   31845    4387    3516   22909    2581    1275   22985    4299     637   17762
   17970   13945   14137   35502   10454    9953   20712   23925   12762    6702
   29273    2622    2854    8836   15875   11228    1290   35760   17187   33404
    6088    9759   22927   10196   34426   18545   17866   19369   21535   19687
   35098   24549   26138   35237   35190    3420   12122     430   11419   10462
   18912     959    1003   15923     601    6587   33783   12474   23077   29151
   15047   13026   13258   15281   30475   23360   27218   34021   21019   15186
    9057   11871    5172    9015   13932    4535   30591   22318   13766    7924
   17663    9287    8561   17930   27925   24264   17766    5057   13802    1099
   35001   27408   12980   15555    5663   23712   26072    7299   24217   32509
   18879   36716    5610   32949   16005    4738   17593    1836   14913    5166
   25447   29514   10591   25008   35718   17079   23388   24292   25151   25514
   13163    9601    4323    1302    5884   28495   17755    4485    6844   15284
   27349   22955   31290   20824     488   15512   12410   24595    7704   17286
   31142    2534    6774   28996   35105   23406   30789    2054   20856   30415
   12664    2406   29913   34661    7725    8204    1318   19613   24410   35654
   25250    4075    3298   28839   13090   16766   26390   31354   21644   27992
   19386    7775   21221   18431   26844   12919   18891    6417   17468    5033
   19988   13655   29537   16210    6546   35911   29665    5331    3866   30443
   36589   10840    5026   26824   11669   25702    7800   22512   22395   31800
   21970   24308     632   15376   33369   31613    1443     682   19865   26905
   13738   28052   19390   26399    9857   36475   35681   23081    1355   24567
   16586   34209   16897   32997   34326   23106    1125   26096    6620   17462
     854    5960   19264    4864   23055   23383    5165   26183   36798   35970
   32612   25035    8370    9958   24356    3695   31005   10724    4868   35147
   12201   30953   18288   17301   29388   17337    3342   19278   26734   19410
    5520   33428    4604     273   22033   26778   21003   27901   32322   25808
   24070    7197   18144   12933   32456    8617    1471   34225   24474    5053
   29223   35590    8223   33672    5077   10788    5814   34946     455   33403
   25044    3405   20422   25190   32061    5910   30428     534    5685   19016
   32533   16449   25456   35395   18016   16825   32723   34086   21357   29266
    8128   22957     517   24328   12597   31491   26803   35888   21762   24306
   33058    6079   20014   28029   30295   35897     638   19562   22299   21716
    7823    7180    2008   35689    2918   20555    1311    9508    8702   27954
    9866    2994   11305   12995   11034   21247   28363   14795    7028   15759
   23508   17890   25283   35846   36870   10937   11734   26355   20907   24196
   31115    3225    1327   34806   34843    9263    4204   22943   12554   23401
    4015   10761   24362   15840     690    9983    3034   18219   24366   26386
   10849    7566    5739   24486   34072   16409   30947   25717   33925    4594
   17879   35831   10820   36308   30208   34037   12004    2492   10519   28014
   36000   36694    3673   36953    4491     178    4595   17135   16018   28707
   36068   21120   14920   35235    7920   31020   13239   23997   16711   31692
   21503   19106    4692    3489   12760   36489   23749    1840   20577   22636
   13674   28105   32522     433   19063    7037   10141   33383   30349    1499
   20598   35118   29873   20425   36306   22196   35129   21605   12224    3983
     845    1627   30650   10345   18696    6852   31908    3841   29543   30711
   16696   13874   23425   34353    6095   24555   29206   33196   18903   19784
    8429    8099   36298   19736   30854    1783   22850   14921   16790   34467
   32047   24961   21805   22469   28905   15296    5681   31575   33175   17906
   29575   36034   33757    8439     384    9136    8651   11942   29451   11562
   30110    1871   23158   36619    5339   29503   11033    4177   33909   32432
   26802    7132     864   19961   22056   15789   35886   27822   19692   12003
   32487    5838   28422   15914   23904   29059    9040   35165    4858   19534
   24621    6266   21846    6385   11206   14151   21978   31538    6927    2845
    4619   31319   31872    3075   30701    1094    5500    3567   19126   11230
   28265   32892   14100    2564   32626    7548   12345   10560   23000   12347
   36105   21521    2993    1391   17760   19719   16902    4032    1756   30277
   33211   30244   22060    5892    4538   25210    5401   16398   28607   25265
   11114   33810    8921   12219   17758    5514   16507   21417   21555   22963
   22646   28611    8467   17203    8952   25031   21337   18460   12025    7780
   19947   21141   24705   14266    2040   16326    4533   16380   16826    5227
    4487   32832   25096   31079   27750   29646   29692    5264   13703    7535
   27911   22034   19506   25436    6439   22093   35107   34539   28614    5134
    1284   29988   34176   12584   15182   29570   26956   18619   10808   28850
   18759   28775   35688    9167    9215   13948   16497   23381      53    1657
   10067    3798   15804   36297   13712    9698   19251   28270    8793    6339
   34122    6187   20164   34155   14732    1259   14722   36862      97   12457
    2374   36084   13419   17148   17540   13340   22719   11831   31317   14442
   23280    9936   36998   14233   11280   32144   26412   20767   13853   12297
   36092    7395    1273   13984   11455    6303    8095   27933   18859   12716
    9016   23296   21646    4556   21121   18475   15338   22659    8948   28020
    8027   24539   14508   30409   18128     183   24484   24872    1054    9833
   14990   29594   35680   26714   26626    1715   16458   33118    4946    1670
   30778   18000   20286    6536   30049   34785   26706   10913   27690   24062
   31261   35742   35143   21798   29093    3939   34779    6700   24919    8222
   20327   16181    7474    9115   18181    6918   33278   30298   16043     696
   16840   14807   33938   20085   17403   30866   35942   11605   16528   31389
   13833    9665    7933   13158   29132    6226   17429    1016   33135   32828
    3143   35880   36056    4940   23428    3313   15979    5467    3245   30067
   11209   32084   28547   22095   34351    4639    2009     799   19484   22523
   18138   15995   23633   30472    3903    3523    2312    6324   25839    1502
    4213   17535    3370   35109    6621   31728    9366   11377    5730   25740
    4236   28958   23708   33831   30271    3930   21842   30072   31597   35951
    7020   17792   13422   34263    8916   21496    7337   15369   18593    3515
    9364     788   16392   32641     450   20738   26806   36193   22349    3227
   28049    6660   19275   32387    9098   14606   15173   20929   16154   32591
   10449   12131   11779   21581   29878    3749    3307   27749   28012    2205
   30807   34437   19513     749   24577   11078    3619   17846   27776    4220
    4201   20525   13278    4768   21186   32431   17444   17721   19202   12368
    9626   36149   22631    6957    9405   12982   25149   26768   21334   26583
   27619   35940    5616    5549    2192   30659   23978    1543   22212   26600
    6885   26754   29763   28728   12130   22966   20290   18731   19439    6859
     699   12623    8871   35197   34494   16638   22459    8107   21319   17665
   12761   16842    1956   12339    6576   28889    8291   23120   19519   35973
   24822   17275   34634   18098   18413   21483   28466   20213   19531   22393
   13288   12165   14166   27618    4843   33675    9137   34959   19849   27572
   27496    6030   19236   26249   19510   13558   10944   18621   14644   21412
   34614   14420   34757   20116     924   26351   27801    6788    6992    3822
    1747   32418    4214   31230   12931   29500   10791   21238    8875   25991
   17693   26578   19237   15542   34609   35968      29   29375   22113   34366
   24652    7206   20964    6640   26954    8283   31445   16844   23407   21728
   10598   14955    8515   22286   14351   23929   23766   25538   12927   17454
    7191   34940    6585   34450    4036    7623   16872   14405    5968   10964
    2158    7375   29747   35445    8094   11200   18495   27067    8639   13730
   22144   32486   17954   30972   27412   26092   21975   32306    7850   15291
   18330   25403    5604   10502   24099   24600   34277    9236    5705   34932
   29953    4399    1008   19135   24005   30525    5336   23714   19943    3078
   23868     880   17318   22373   34483   10165   18493   19969   25495    1763
   14430    6086   12088   25323    2181   35227   13181    8108   18141   25541
    4850   17564   11741   35515   30568   27982    7029   24457   24742   30478
   27195   25412   28523   36183    1612   23030    8627   23894   20037   22565
    1886   34758    1786   14864   11056    6527    4277    4906   34191   13552
   23145    3780    8509   17717   20940   35777   33153   31601   13285   27111
   27275    5653    6659   14229   23480   20634    9097   26014    6025   31612
   20980   26727   33484   14224    3551   15839    6781   15225   26676   17243
   17876    4007   21181   26327   17694   27386    1618   24129    2576   20766
   14963   27455   27046    1415   12261   13889   10968   23770   34447     103
   12650   14053   13125    2460    5094   19624    3013   33363   20008   23285
   34484   10939   16602    6817   34990    8537   20745   16151   21416   15056
    4080    8354   27133     811   25576   14116   10390   13452   36488   19940
   17936    5173   36917    5387   36799   32980   12792   32957   36261   29499
   33362   11653   12600   15333   31622   23226   30279   23896   28600   32548
   36359   31466   32903    8345   17389   25134     752    7262   12329   26421
    4028     862   19773   11970   16036   26556   16545   17144   14858   34414
   27579   14740   19576   23514    7532   19726   14259   24799   26862   35384
   33930    1032   28947   36323   25699   27517   19446    4074    2724   34927
     532   25535    2679   35356    9349    3854   32826   18924    6122   24126
   29033    9558   34584   26646    4760   28449   17335   34359   18314    8449
   36604   21164   26058    9208   16540    1190   28788   14457    8364   12644
   33331   23562      71    2863   11195    8720    3529   14232    4396    2806
    5894   35408   28028    7094   16332   28966   14354   19721   25368   19578
   10223   10612   12252     245   12327    9778     237   22017   29131     307
   18844   31599   10873   18117   36850    9618   30771   24581   25473   21697
   30671    1158   28086   35612   19083   36522   13980   24784   27789   36018
    6132    9090   28403   16673    8614    5529   17562   11845   19843   24763
   21642    6276   27470   25650   27194    2618   36457    9625   31596    4235
   20490   22250   19549   19642    4702    3103   29911   35600   11163    6194
   31870    9497    2195   25491    2965    2373   33774   34264   20926     739
    6738   30385   32839   30842   15085   24270    3000    9218    7444   36177
    4160   20900   16758    2590   19515    1363   15855    8959   31401   28971
    3603   21358     554     547   34027    8775    7244   27847   17529   28998
   14074   33442   36215   10534   32054    6574   21525   22516   10203   20984
   35873   16344   11448    4598   35137   24576   23068   20660    5269   32243
   21699    6560   19583   11495   17012   32173    3690   15093   20163    4767
    4341    1616   34976   16144   20931   33975   31579    4894   29469    2726
   12445   26572   13576   12418    1332   36849   28410   11115   17008    4210
   18930   17837   31925    7339   31893     938    2960    9152   25622   17190
   28225   36834    7664    4245   22189   30653   17780   35850   24008   20648
   10192    4482     826   18976   23297    3611   27998   29835    1498    1401
   24867    4413   16023    2414   29825    3518   26645   11785   14709   34802
    9407   14022    8270    9259   12174    9478    4259   35309    3156    6343
     598   33411   13777   10557   20297   31801   23598   16295   36442   11648
   24150   35825    1462   36187   16034   17723   13873    6770   18681   19648
   34996   28732    9880   26593   13491   11081     952   19380   10584   28337
   10984   34383   26226   18918   10129    8329   34569   14901    5370   23339
    2672   26581   33830   30881    1910   15911   13321    4298     620   12979
   28475    8806   32647   29706   36176   27328   18468    2413   13876   10343
   21778    1205    4662   17252    8711   29361   30679   13827   26528    6337
    7062    5261    2375   27958   36762    1356   13447    3040   10927    4000
   34143   28608   24480   10458   10845   28733   15222   30788   29265   35900
   20986   24531   19904   27592    5704    8383    3455   24322    7210   18851
   20701   34270   20565   25381   30079   32750    1233    5457   15260   36545
   32992   29905   22025    4374   26661   11701   29871   24521    5523   29303
   35845   21547    6514    4320   15494    8931   18313    5997   12911   34649
   12593    9294    5562    3163     909   12557    1701   32672     203    8021
   14898   35817   18267   18350   10002   14831   24111   31560    5089   31348
   11166   18996     600   28310   12538   19839   29621   19354   18293    1552
   28295   16871    2839     691   11476    4445    4329   21600   35192   25138
   15497   25590   12803   19640   30019   12279    5475   16997   19002   18959
   13319   18457   16590   26629   25338   36593     905   16649   15249   30477
   33981   10366    1263   13022   33233   36223   31427   17175   20483    3788
   31603   21410   30429   13204   22780   25320    8645   31863   14536   16523
    5869   12267   17538   27884   18390    5812   23371   17188   23031   17169
   33443   15433   25108   20272   24352    5174   19511   13368   21048    2114
   23075   17824   28799   30840   12236    7753   14199    4553    9325    9391
    7634   29672   35128   22091   18318   35658   10581   26980    8623    4801
    4065   29172   25001     378    8353   12624   34403   21776   25143   21440
   25671   19267   33240   34459   36013   11483   29753   18444   28072   34075
    3625   10512   31892   32588   22240   18179   18258   27880   25083   20346
    9230   23956   36050    2383   20463   14950    4945   22517   36052   36518
   14026   30673   30096   35763   12180   17172   34515   21971   15854   34991
    7251   17551   29162   30369   24166    5851   10555   33017   11994   16483
   12358   10096   28233    2259   26749    6191   15216   15421    5885   36463
   28142   36038   18542   33664   12323     906   20869   20345   27181     936
   30005   23395   14544    6490    4078    9262   32820   30480    8505   15160
   28294   14813    6706   16723   29372   32976   21549    5046    9777   27529
    2289    3400   27818   18737   16236   18207   29463   23796   14421   21096
    1716   29917    9761   34598    3414   10040   25575   22855   31571   24081
     593   20002   30917    7675   18888   23629   34194   33244   20540   20469
   27504   29237    4303    7255    7861   14345   28305   30125   15273   29453
   28128   27463   10628   21686   30018   24630   28827   32127    1214   20882
   23596   32102   36225   26798   34716   34039   31544     718    1345   27864
    8407   24325   22668   20026   23534   28500    6654   33230   31527   16390
    2270   10457   31374    5914   10379   17183   26878   36099   26750   23165
   22560   36254   21285   26897   15633   25960     953   32304    8206   25248
   29352   10431   29810   36827    7065    8717   34867   27891   36610    2032
   26420   30187   24960   13818   33519   21138   15374    3291    1643    5054
    9679   18626   35540   23972   34660   29221   19474    5272   21566   33745
    4593    4009   17467   27331     982   25197   34523   22770   30541    2162
   31306   22708    5583   22338    3398   12776   33104   35788    8411   34506
   31489   34236   29995   28700    4225   30631    9542    5223    8485   25653
   10912   36174   11508   10722    4269     597   14664   23672   14249   25923
   31998    3104    1985   28903   32455   23270    3624   30521   26170   26642
   10480   29549   15337   12618   23890    1255     514   35269   30589    1849
   25932    5462   31934   10816    7857   10225   15595   22239   25739   34413
    5297   33189    8540   33919   31542    2036   30982    2887   13783    1990
   18762    6545   20685   15417    6881   33433   13448   23244   36005   10420
   12819   12914   24894    1963    2629    2385   28165     750   35486   14967
   22665    3986   30587    2924   33145   10622   13768   31277   29887   20612
   29964   26822    8112   19476   29056   28269   35684    8290   29197   22148
   35732   13109   35759   22764   23794    7282    5922    8830   14679   33486
    1732    4490   33283    2240   18834   12604   13617   25992   25288   29113
   15199   20356   31556   23459   34167   18178   26018   29112   30317   35803
   11449    6083   32411    5602     369    8633   36017   21657   32045   15865
   14105   21459   28206   32835   32690   32869   16461   19010   34889   16051
   23949   35484   27734   23674    2176   35088   33644   18712   29078   30141
    7456    8769   13332   17309   18236    3462   29385    7979   32870    5311
   15927   16962   35613   16935   33041    6477   17289    3762   23032   29445
    4964   21811   36063   12944    1117     599   16174   26483   15066    7137
   10261    7267   36793    6625    4455   19815   34389   36062    6613   21795
   10246   19452   25345   12086   12697   23372   22765   12879   20359   17638
   15006   16624   14554   24011    4448   11577    8153   30966   21119    3408
   18491   31816    6131    4816   25003    7407   19941   25617   21183   30053
   11751   19889   10352   29615    1533   24053   29673   11774   29664   18607
    2416   22266   17519   13974   20179   29365    7387    3092   21847   26909
   30237   10783     274    3721   16447   18794    5600   17139   33785   35121
   19870   17064   11266   17748   12006    4226   23009   33078   13789   29798
   16577   27474   36579   24190   20580   13872   14497   34995   19805   19770
   30437   25319   14512   27899   16517    6378    6753   11084   36164    8738
   33914   26835   25889    3257   16695    5099    6178   26758   30748    1577
   11917   26192   32365    3558   34860   15948   23252   29869   27086   20191
   22568   30785    6979     687   10001   34513    1493    9894    4975   10212
   17193   18848    9295     709     211   26301   10715   24470   19022   21443
   33462   17952   23126   16538   28388   28140   11005   26592   24131    2117
     980   36422    1299    7734    7362   16006    2140   32401   20874   14903
    1155   18200   15432   31279   30231   26898   12588    9893   13350    4927
   30362   13519   16269   24205    6722   13387   11292   31911   24335   24910
   14620   31618   27449   29007    8459   29736   27910    2665    4388   22518
   20807   33798   11014   18640   23652   34742   31899   29973   12925    6975
    4249   33655   27094   31143   11125   35626   33704   19212   30944   22390
   34901   23327    7580   13284   15814    9030   21683   13001   26342   19663
     309   29118   15171   26839   32905   19077    6027   22198    8727   36382
   12553    9251    2121   21167   26718   10164   17603   15631   20024    9401
   27487     187    6398   31141   19347   27407    7409   25624   13429   20649
    3594   27848   16990   13305   34575   34272   10373    8053   26487   28400
   11426   22595   32390   10124   36510   32057   20443    2565   22363   29036
    7140   14433   22751   15721   30856   33994    1121   35921   19551   34423
   19109   35875    3030   35866   11899   18270   14285    8737    2302   15967
    6476   29043   33544    6693   20374   36568    2160   22077   19117    3477
    6612    2134   33637   27598    3575   15148   25433   24741   33056   22537
   14149    9942   19605   11256   32056   35505   25906   26449    6068   14643
    9666   17343   30444   23879   22561    4568   13672   33948   18766   11624
   26976   11196   35889   19012    8044   14552   14019   29241    9964   34285
   19105   25613   34508   29868   14678   18430   14825    2636   17490   12269
   31682   30948   28913   32230     152   27791   14572    9610   22833   12458
   34837   28463     660   28355   29610   35608   27827   31795    8440   34116
   31443   19256   29308   27534   10445   26459   24122   28651    6193   20050
   33915   28237   35225    7609   24152   27983    3277   23905   18564   28314
   31058   11964    2835    8043   31773   20395   28498   24260   16262    3288
    8011   28170   29178   22227   14794   12342    8796   21106   29831   35315
   28096    4913    5534    1590    3263   22064   22120   27423   22729   19831
     292   23701   18993   17248   23063    5668    5328   25963    5777   35858
   28812     872   25506    3484   30157    9002   30645   27042   29252   35985
    5992   14887   12920   13917   35370    5974   17692   10451    7815   32562
   36456   33474   15503   13179   34024   22897   20658   33044   20244   23884
   31785   30227   28264   26011     789   33260    9784   17270   28325    8162
    8664    7877    3884   15906   18819   14307   34386   11414   15242   12248
   35659   34087   10988   21401   31207    1298   33681   12778   23156    6757
    3618   36031   17088   22143   15407   20102    1862    2763   33969   25584
   12466    2810   12945   13760   30956    7286   26116   23221    8117   18245
   33879    7679    9227    2818   22340   10668   15572   33140   10760   15504
   29126   20981   27787   35790   15767   36123   33841   23376   17502   10215
   14366   32630   21126   19778   26131   18417   18815   33923    2602   27973
   19019   10707   23705   32066    6144   19404   23880   25698   10606   13780
   15385   33494   30432   34066   34490   27701   22238   22579   20756   19304
   30857   17834   25918   21531    5702   14205   32861   15536    4915   28330
   31697   17812    1194   36226    6034   27918    9023   17768    9436   35887
   14790   24370   21047   25849    7045   35113   19620    1131    1892    5019
    7433   14522   34222    1076    7275    5853   29761   32195    8380   20144
     703   17553   22321   19615    1379    9232    9651    3608   20542   28345
   28876   15687   11793   27886   35809   13569   15627   27687    3157   32028
    6063   26908   21929   35745   31644   13157   18895   15693   22334   27916
   24873   23040   14917   22620   29257   34115    4056   10198   35241   18657
   33679   34127   34472    7499    5343   11187   33054    7891   24279   12613
   25625   15231   20307   24663   36479    5021   16946   21668   21439    6596
   33888   26137   26262   33200   35477   23702   22542   26712   34344   10679
    2841   23805   12607   19875    5815   33674   22109   16933   14556   35055
    7808   34158   20462   12880   16256   26308   29751   29560   29630   30336
   17974   34520   12976   27391   31779   36573   15778     110    2646   29879
   18964    4557   17851   27953   24386   32806   22881   15224   21863   23024
   19882   19743   18515   12883   34151     535   14185   14979   11619   33717
   27316   29994   21102   15805   34486    1915   28874    7980   17841   11358
   15295   34504    2727   35148    9664   27468   17499    3548   24501   36646
    3122    2319    9904   24980     478   12425   27235   29495    6180   25724
   22875    4525   23048   36419    1586    9947   23530   25208    5458   25767
   10924   30732   28956   27129   33821    8817    8988   28251   12838    1861
    8613   25868   27389   33039   19311   13329   12332   24914    1437   34921
   24904    1828   20736   23683   14607   13859    1470   29628   17068   18662
   15070   13388   30223   10905    3955   21476   31970    8724   29415    8208
    8165   28061   21543   23939    5596    9978   33721    4302   31829    3696
   15837    5641   24401   16353    6604   26395   36406   11512   21941   17391
     524   11902   13774   28083   30669   11422     869   31428   32382    5830
   22311   31712    1288    9816    7099   33083   13529   14320    3635   33033
   19834   13290   35630   35077    7723   17235   33284   28813    4229   33722
   15198   35625   21418   32114   23704   36982   33188   16679   25657    1209
   15823   30774   31887   18983   21286   27788   18953   29263   17996    4848
    7420    4166   32245   22096   32569   33566   18490   31731   23507    7380
   24107   26145   35037   28163    2454   20502   14824   12247   23625   32885
   18508   23848    7756   30775   20369   16708   17453   34670   27247    9812
    9711   15177    1126   26780    9797   19322   36756    1818   10078    8130
    6368   16439   30355    8245   21231   16777    7984   21639   30102   10257
   14338   24798   17186   36680   23762    1351    4373   30151   25496   19260
   34986   33673   27795   14031    5710   13659   34276   26931   10134    6980
   18436   24987   30308   33558    7726   16732   19588   15861   23214   29168
    4979    4988    8157   12567   30274   15925     372   27571   12817    2815
   35142    3980   22443   17043   19937   19206   25873   20912   36615   16369
   24141    3877   29592   32014   23493   14440   36328   27249   26019   29239
    5522   10027    2452     521   16001   18887    1237    1475   29051   10089
    6787   29872   10957   13858   23418   20959   20210   32391   18574   23966
    1360   10542    9603   28183    5360   18012   17030   35385    5285    4442
    1451   36741   25802   22959    6561   19218    1679   13593   32594    3208
   34365    8140    2261   16194   24734    1891     190   35357   15682   14938
   34724   14399   10179   28990   27132    3038   36073   34753   32934    1921
   11507    2116   12082   16907   24056    5239     318   36909   11226   30633
   31717    6670   31585   21517   28652   30609     888   25305   18169    3948
   21530    5564   35977    4360   21918    1494   23885    8767    8812    9165
   15090   27965    3336   23902   36630   33182    4003   30940   28123    2986
   21796    5918   19982   27841   34097   34457   35223   21751   13050   28763
   12189   13114   28191   26151   17753   25426    9303    6219   18157    5545
   22200   27547    1548    7203   17646   36048   20896   11313     364    8625
   30990   26800    6732    5206     827   30528   27361    3406   18469   12141
   28698   33452    8500   26103   25090    2942   10727   32177    9720    7186
   36066   32295   15651   15938   36992   25770   21983   29800   33261   33420
   15361   22121    6675    5995     380   33352   20332   29866   33315    2389
   25169   28782    2886   32399   19965    5786   11587   27203   36985   27860
   26900    4508     221    9576    4092    9473   17817   12661   28120   32993
    6151   10527    3016   10250   16110   10580   25347   23342   26440   33199
   26282   18736   31909    9704   11173   35579   13065   33127   16432   35655
     754     160   17067   24836   10268    7973   35474   19779   35898    9751
   31332    4631   15862   22103    2535   28283   22287    7174   32699   31757
   31669    5018   22164   27855    9118   30754   34796    7105    9507    2937
    9941   24548   25360   36209   11592   21587   18217   14299   11738   12504
   12087    8361   24908    8448   11219   23529   30103   35158    6035   25856
   17317   26415    5834   28902   21903    3102    2520    2246   30818   35255
   18838   33522   22246    6897   20398   16230   36583    3652    8171   16981
    8023   24570   30031   26448   25559   19075    1300    3699     743   30835
   28007   16792   21567   36300   17492   21622      84   17541    4903   29240
     119   24665   11790   15286   33866   12316    5578   19134   33122   27563
   20367      78   10397    1035   24589    7250   13716   34814   17599   26061
   16202    8196   29620   19334   18254   29740   13176   19289   14098   27591
   31790   14951    8065   19791   10592    7372   10425   21262    1897   19200
    8261   19195   16135   29927    4123    6743   29384   12895   20400   18709
    7320   21398    2353   20324    7769   10603   35617   12563    4460   32383
   26178   18155   25292   30665   19868   21670     301   25419   16495   23159
    3407    7557   19008   22745    1798   27147   21724    3432   13905   12486
   31013   12027   32030   20091    9194    4552   22454   30742   26713   35539
   16123   25564   26277   19102   26501   20236   17903   36408    5451   30760
   11210   15559   17949    2300   10226   35440   32918   23836   27297    4181
   27390   13942   10687   24993    7439   26291   32086   19851     578   17013
   32651   21502   24805   17212     639   23843    7872    3271   30625   21695
   19855   30929   26379   17547   18633   18305   16985   16570   35706   22101
   15871    8734     735   17410   23883   15266    9732    6278   31166   14292
     137   23520   19265   11136    7854   14762   17802    2664    4807   16730
    6804   27022    7908   28404   10962   20227   33020   24815   28117   13403
   36823    6031   20870    8716   19359   31974   23703   29027   26494   14627
   16756   24353   15600    4625   31576    4921    7871   11112   36014   11874
    8330   31661     825   11626   26921    5837   32741   24396   21839   30794
   19564    6616    8462   28339   15150   22526   25573    9324    1847   19161
   36466   23550   36509   26571    2910   27815    5156   19258   13472   22506
   19049   27131   18359    1864    6425   29743   29392    3315    9166   16828
   27039   18610    9376   18322   29633   11229   12873    4392    7471   31134
    2551   20197   29694   28884     719   11894   19328   34767   23511   21946
   14408    1221   24390   30039   21648   18791   30378   26215   21335   27932
     783   23854   19242   12809   34063   34181   16698   11467   15833     456
   16880   30542   11746    6912   29254    8748   11065     246   15082   13706
    8610    2955   14207   11594   25401   15551   26455    6214    2119   11685
   34412   25681   28485   12829   29318   22566   24169      18   34337   17682
    1316   22535    2214   24492    7109    4898   30583    2610   23408    1485
   33472    4523   20000   14000    9035   19553   18077   19489   28017   21866
   32470   15154    6524    6826   17278   23541   16155   23706   12260   28840
   34957   33822   29525   34327   15358   36904   20914   12465   32783   35766
   19526   36006   36965   24405   31536    7404   11316   28804   21966   15969
   12637    5219   34079    6999    3311   15153   30003   22216    1994    8958
    8438   33454    1436   24556   18120   31931   21692    6156   23558    9644
   29137    2713   22081   20429   13641   27636    8437     218    8644   27760
   28630   28705   12215   19544    8183   30507    1943   27472   32398   36260
   20492   24657   19557    8393   33705    9086   18286   23557    7786   17546
   25708   29954   24942   27987    2482   24688   30958    4219   13339   33393
   19871   28070   12079    2268    3904   11135   34293   20816   32161   32749
   25744   18021   20795   26640   15332   23403   11898   12152    7716    3120
   31771   18803    1538   16660   36881   24063   26394   23588   12054   35796
   36046   29690   13362   29919   25727    3425   29049    7942   30883   11128
    1867   23287    7638   14129   22169   33126    8279    1277   26385   11778
   27593   32524   14944   13119   35527    7537    3512    6406     729   15776
   13666   35861    2670    4995   36683   22475   32148   32597     268   13498
   30398   35267   28137   29387   27150   22921     141   13539    2483   19192
   29777   22625    5123   24783   35303    5087   24400   23299   15208   15860
   35532    2582   18153   16317   18285   35329   27838   26984    4720   18328
   20331   12019    4350   13843   30217    6760   14797   13247   23591   35388
    3553   24866   14863   13928   27307   29756   26932    7863    8989   27050
   34233   13528   23417   34706   12738    3528   15103    6141   33708   27217
   22941   14588   28693   22728    9845   31733   21452    2424   14494   30200
   12171   12105   27796   18237   23621   24858   31055   29852    1965   35189
   28488   10575   25760   22442   34438   23592   27010    8163   17192   19028
   20812   14896   33186   25561    1417   28477   29515    7617    4228   19957
   13268   29119   17830   17266   26613   21829   24905    5253   32226   12960
   10991   18461   27975   12125    1500    3761   28769   30404   26015   14038
   25106   22539   29230    3506   32760   12258   24605   19481   19224   19279
   25027   16083   28091   27871    9114   26697   16951   24996   21481   15316
    4554    6523   16055   22815   30606   31834   20762    2790   15115   18911
     181   35086   22465   13683   27659   23727   23422   30891   30795   35933
   27334    8373    3639    5981   29398   28538   17254   32438   29721   14608
   34144    2466    9270   13077   12788   12652    9594   11389   32184   27374
   10738   14064    1049   34532   17854    3238   13126   18950   32263   32310
   16022   23132   14886   30927   22919   28095   27502    2232   12696   35996
   29261   26888   15976   20604   35114    5013    5662   16438   16226    9156
   26164   14097   10748     124     256   20041   13944   29986   27850   10341
   12406   35676   32135    9138    2916    7178   21735   35012   28789   10090
   36089   34937    5083   25448   27319   18615   32352   35442   16111    2588
   21273   25799   18069    9197   14689   33836   20089   28640    2531    1529
   16129   35504     765   11987   34659    1501   18048    3266    5488   34500
   27922   22703   17315   35672     506   26566    3050   24448   10900   12195
   32877    5169     662    9091   12161   14520   26942    8031   17119   10710
   26003   20753   16886    3140   28155   21991   17352    9901    5744   21690
   26499    5291   17322   33178   10614   29115    4741   18385   11083   26504
    6951    8164   15685   31484   25833   25679   12498   20123   11086   17417
   24508   19674   26084   35715   25070   34929   17196   22571   13207   21272
   23829   34687   25795   10242    2020   27345   34922    6093   35038   25463
   27774   34496   15538   36042    2479   27355   35545   22055   11638    4043
   21076    1513   25295   35259    3327   20065    3648   22162    8964   16220
   15322   33108    8797   20918   20847   13182    5820   13555   23325   19900
    8576   16338   28904   29267    5296   18256    2395   11792   36151   16787
    6548   26350    7472   12380   24153    6390   20202   34190   33288    1514
   15596    3984    1188   32999   31003   15929    5955   18984   33527   13875
   28765   28286    8899    3828   11555    3933   10363     300   17601   32884
   25172     360   24562   36794    1411   10523   25595   34234    6820   17131
   26877   24819    3217   35391    4394    8280   32587   34230   33360   12389
    7588   34267    6891   26127   35722   10475   24803   28347   24787    6060
   11129   23568   25817   23804   19949   31915   28358    2761    4572     589
   10386   28894   36622   17509   28618   19017    7992   11573   11946    9185
    6126   28336   11651    3819   22464   10909    3446   16726   17143   35481
   35495   15930   16908   19317   31096   10728     259   23228   12127   10361
    6991    7993   20149   13638   30538    6461   28670   35428    9933   15059
   29011   13704    2617   32563   23599   13577   15857   22841   27169   30287
   16928   31918   17624   15977   36386   15345   28435   31708   33958   12698
   16774   23467   11202    8618   20541   17059   10759    9173   31196   22165
   20549   20562    2834   26016     242   23128   23637   29418     969   32215
    7495   22607   28783   17526    7469    6815   22438   31417   36577   27451
   11143   16530    7035   24209   27988   14367    5299   20349    8626   27381
   19092   10862   25749   14539   17207   20431   17655    7751    6662   30934
   18062   36336    5069   23424   10931   30506    5790   20458   32293   25658
   30393   21143   13352    1916    3661   25726   32134   29459    8034   13225
   15237   32334   20200   26553   10229   13469   34621   27093   13682   32724
   35507   29666   19808   22284    5967   31607   16234    4643   12033   14649
   18047   25942    7629   25648   15700   24671   26333   13936   16783   12376
   17465   21244     933   31791   20111   36350   20133   17945   32926   31945
    6513   33349    9858   32428    6664    3568   19094   19995    7130   20380
   11254     134    7323   15727   14415   31402    1372   23664   27263   12164
   21854   14884     295   33168   31367   19880   33084   11748    3632   32341
   11434   22733   17891   27596   33087    7530   12577   10270   36186    4094
   14330   30630   25241   35842    4667   29039   29710   11277   14177   28035
    1215   31103    9668    4199   18087   12031    8774    6856   31673   29923
   16798   17899   17660   20868    5420   28926   18531   25599    7686   36196
   26492   10618   17976   36544   36671   19601   13924   29908   22054    1376
   16976     374    4936   10746   10414    9578   15898   34255    1772    1371
   28891   31584   22697   18397   11847   14976   12750   24031   36886   25367
    7711    6984   24837   26410   25243     545   15335   19148   33860   30343
   21630   21318    1107   25150   34187   11762   15280   20305   32772   18137
   21499   14708   36259    4851   25115   21473   24032   22423   15310   27805
   13209   28726   17414   30438    1573   32397   16169    4436   32829   15424
   28153   24926    4962    1480   24697   32728   15194   14692    6990    3588
   16715   20404    7484    4543   10172   23757   22312    8316   15528   24964
   11240   12654   18776   17063   13954   16550   10251   28448   18606   23451
   11796   16888   33324   24025    9640   15357   23847   36293   22001   32564
   25075   28888   29058   35765   17469   33666   20148   21598    4948    6950
   36482   17912    8935   34966   22083   11321   19814   13560   26228    3857
   23872   36858   23246   18571   14154    6496   24168   17256   25439    8431
   29851    1467   22861    5421   19635     821    8868   21112    7783   18394
   24945   25085    8088   19734   16922    9620   30297   36783   30037     807
    7757   30876     133   22661   11824   13821    3361   11289   29496    2193
   36637   30283   32212     255   12699   32312   12337   14860   30564   29976
   26074   12984   11931   15364   20218   10942    3945   29504    8878   19936
   15408   26825    1385   24896   24699   24285   27612   19598   31272   24428
   36986   23601   19792    2409   17204   30604   32681   26789   14400   18692
   20664   12115   14217   25945    4502   28704   36550   16414   12947   36122
   14600   36852   28590    3033   16446   36734   18818    3454   27668   11247
   29238    7890   27183   16146     351    5429    3247   18788   31946   15797
   21656   19890   12625   31250   28097   11022   15095   18684    3046   25446
   13307   26336   29184   31975   35740   24426   32025   27458   30836    3017
   12988   18319    2598   12243   21304    3578   25348   25374   22359   16443
   24857    3451   33019   26790    3429    5915   17041   13616   31947    3559
   29577   11726   29906   15989   20538   12360   35452   12991   14275   10652
   15327    2985   21755   25822   16719   27025   30386    3223   10193   21088
   25847   26135    6723   34900    3182   18001   20848    2464   20558   29434
   35422   29696   24527   35668   14845   16672    7934   29941   11586    1571
    8154   17006   14833    2799   13886   28503   10148   17197   33085    8900
   17668   33850   30454   35123    1503   20107   11862    4307   13342   33653
   17307   13349   18378   17983   36267   12162   26625   33945   20389   34877
    9053   29259    8271   32534   36016   25423   14231   31274   33588   33416
   12274   32239   12266   13990   16435   34608   19392   13142    5758   21817
     490   12956    6944   26832    6474   23851    5660   20314   31086    2239
   33298   33093   23452   23491    5870   33151   27193   30292   15746   25524
   21934   30177   32833    8379   16170   17926   34088   11488    6569    4703
   35116   14110   35451   22633   33290    9844    8334    8857   11787   18605
    7328   27753    4972   28986   15866   10817   27755    3940    3886   24565
   14906    9796   12726    3540   32851    8771    4386   15108   15340   26039
    2748   36035   11273   34372    8342    3269   31742   27411   15580    4696
   21250   19089   31873   21897   15891    6904    4794   10795   10643    8778
   12668   28098   21935   35737   10633   32573   28077   16426   24319   24653
   13115   28447   23689   30130   21561     558    9059   26620   22750     329
   19573   31173   31127   12784    3101   23148   25738   29602   14870   30198
   16618   19293    8199   21168   36629   31399   28374   31149    7737    1509
    6465   30886   14748    1569   15716   27395   19070    6550   12487   20033
   11833   31830   30263   17262    8730   28438   22494   19606   17651   33647
   17874    7571    5236   29471    2147     485   33205   29522   21673    1811
   13670   16520    5592   36360   15110   27526   31730   35404   15166   14758
   22806    4415   11747   15164   26927   17157    6874   30160    1357   33062
   13633    7434    2734   33633   28023    4205    3585   22497   29730   26280
   13032   23593   19775   10481   23058   29962   33546   23046    7660   23709
   17650   19970   28078    1881    7596   23367   18171   20066    1799   23987
   27772   29912    2827   23335   35115   21380   34551   32791   29501   32531
   12741   19502   34112    3154   30585   16911    5737    5821    3687   31980
    9329   29595   34664   31663   33976   10856   36675   17872    3113   32542
   28281    3865    1524    8470   19021    9146   26764   27676   14355   25349
   19039   27926    1630    5391   35288    6470    6002    1167   16885   21875
   19554   10416   23517   11886    4983   33687   28175    2851   25153    7455
   14475   24534   26239   20744   12120   19731   33299   14002    5023   19715
   24300   33773    4383    8896   14965   13805    2135   33295   31190    3278
   21722   26574    4729   19912   32490    5455    6437   36600    3430    3664
   31677    1412   27179     990    8126     820   15868   15641   19131   14356
   20007   36064   18167   20034   32007   31212   22067   29670   13389   30552
    1740   12439   25042   32971   34292   22463   16645   36880   25971   30065
   33752   32371   24246   20285    2222   12073   18196   35964   31486   27505
   11853   27199    1067    6919   10026    5306   24315   32079   15052   31735
     502   35082    3952   31350   22792   10812   20550   36796   36602   11101
   31701   36255    6192    5860    6347    6371   12424    9993    6632   33063
   32860   32094     606   16249    8008    9501    8159    5209    5210   18603
   24024   21117    5405    2860   24592    2579   24271    6964   21895   14581
   30505    1403   30586   23597   34454   28636   16425   24105   33257   23440
    1028   36753    8655   18744   31378    6552   31364   32389   24383   11615
   25430   21815    5907   21279   35628   29750   10719   33993   21025   33607
   34016   32270   22259   20593   26568    2949   28543   11579    1097   29427
   11881   32646     216   21313   33366   31766   35092    4942   14757   24192
   22182   14533   15336   34624   10201   17319   11040    9861   10231   29301
    2715   27577   13155   12075   23853    5273   15905   30647   15822   17733
   31636   36397   13752   28663   29814   19172   15731    8152   18381   12923
   34985   31567   25946   31161     278   26949   16063   19716    2609   19240
    5605   15513    6703    1998    2230   20057   28383      17     999   16973
   10751   35994    2634    1808   33585   36116    3226   36491   12521   18517
   29455   16850    6225    8303   29419   20507   12805   23603   28372   28923
   20284    9312    1065   27030    3221   21284   28109    7593   29684    9611
   11036   19660   25851    6026   29428   28442   16663    3998   35691   19850
    6730    4899   30307   17617   30895    6407   35780   10574   12645   28805
   21827   23751   25676   14719   19360   32590   16336   15740   30033   15841
    7589   18860   24772   30270    6962   13052   36181   16785   26885   26136
   36102   29900   26964    8174   26038     528   22489   15029    7182   24065
   12095   25580   19500    5775    7797   36714   22821   12317   10013    6464
   28290   24790   17827   18622   17384   19545   13322   33997   27589   28948
   27238    4156   33572   21905   25741   18366    7691   23204   27666   28450
    4047    3158    4163   15028   36349   20803   12617   15460    6120    4882
   16944   18101   28505   32197   10639   35792   34510   22008   17513   13015
    2218    5217   32211   22356   13618    2156   20596   17586    5229   36169
   24307    4646   12559   32795   28302   18123   18187   11628    7752   28701
   25750   20892   19546   15514   17992   26303    4734    1572   27807   31557
   29264    6887   12986   13650   12181    9319   32790   17619   30305    9795
    6871    3770     712    7383   31050    8885   32850    3184   22201   30156
   20114   36957   13517   22688    5644    4411   15699   30228    9547   19818
   34317   34801   23881   24743    1386   15961   13409    6070   10109   32834
   20942   26347    8143    8594    1145   22783   32117   10616    6128   17946
   20576    3316   22606   18199    7436     673   32778    1180    5666    9825
   36265    7816   11780   12071   12341   36531   13966   10903   16240    1937
   36502   10010   28619    3970   21486   25034    4469   25548   24446   26719
   31197   12864   15252   24627   18121   36554   26217   24355   35864   15807
   22852   33459   14801   29949    1382   26895   12485    7715    3359   12328
   23386   13200   25202   33437   12719   12351   25517   21217   16003   17230
   28343     640    8703   30176    1877    1882   29399   21074   12685   18827
   18530    7266   23469    7670   13680   20752   16162   10594   29643   20333
   16192   36390   27125   21802   18820   22156   12599   17933   15770   18295
   20583   13010   16075   31696    7969   28878   25417   36338   35198   15624
   19991   34790   11643   36526    3478   17927   30397    7401    2855    3899
   27241     284   12952   25041    5912   22394   21187    4800   10194   28033
   21365   27892    3995   35535   25154   14033   35992    1481   29376    9181
   36743   11912   18658   31878    5351   31517   26631   34136   28976   26468
   34578   27928   26575    2658    4589   30107   10930   35212   13914    1377
   14626   23850   14238   34431   23405    3100   18840   20338   24591   36503
    9187    5757    5110   33731   17154   21356    5827   26300   27652   16804
   15544   28247     740    7633    2540   28747    7263   11844   14716    8039
    5413   12470   35771   25010   12827   10411   11753    4190   10396   12153
   30389   14767   11640   18104   24359   14235   23891   23695    9480   19832
   22834   23989   25290   13510   26902   27649    8815   32775    8741   15455
   32527   26036   30869   36041   15323   13085   31349    7089   30904   12591
   10065   30574   16084   23134    7923   30113     239   10670    7615   19060
   23023   15482   32693   34662    7023   11100   17244   11027   31563   35489
   28389   12289   28686   13480    4612   21810   33477   17475    9609   29785
   18224   27609   13677   14178   13180   33263   17724   33951   13941   16219
   13947    1817   23911   30148    9331   23323   36132   30319   23384    1702
    1696     452   13341   12875   25215   14491    7069   16257    4459   20092
   10803   36467   26936   11423   18805   19703    5532    4456   34213   17348
   24808   33580   31070   17413   14857   17510   32656    5735   21703   12949
   19165   13959   17738   33550     648   16112    5908   30285    9062   31359
   21012    6798   14282   29534   23846   33573   14905    1690   31650   34988
   10054   12353    9882   20595   25790   29903    1743   12870   15756   32898
   22844    6227   35145   28771   23938    3200   17591    7345    8624   28572
   23208   14971   35349    1074   27406   15908   32802   17424   33264   17058
   11320   36106    1026   31201   10994    6010   20971    8314   11812   26481
   21624   32622    5212   33709   15942   10208    7554   14852   18375   32580
   21155   19711   24102   36705   31606   19690   29480   24779   26478    6349
     381    1900   36333   31490   31879   30334      99   26674   13420    8132
    4510   11105   20313   26589   14236    6393   33793   34630   34004    7095
   20553   23020   17074   14810   29400   17796   36188   30772   23050   13848
    3520   16058   20098   31452   13496   21105   36761   36926   30174    8209
   18273   35242   16264   33622    8712   24765   26729   36369   25080   21616
   31111    4649    4659    6184   10170   13234   34304   26644   31363    7948
   27885   24263   20674   19931    5016   33691    9706   27212   11547   14799
   35457   26248   12401   20388    3062   31089    2354   20601     383   35156
    1163   36759    4184   25655   17298   35413    6783   31246   31566   26434
    6325   14506    8525   30220   32136   23954   25084   17176   36960   27126
   26536    6936   26416   11390   14488   34208   34400   11919   21800   25310
   34084   18680   27023    5487   17430   34755   35978   29340      90    8219
   35106   14838   19371   19671    3191   12720   30175   15632   22368   17628
   18562    8049   18758   36402   21595   12643    8705    3584    6520     887
    5911   34849    9328   24445   15615   35461   36401   31641    5466   31441
   12967   35430   20347   34845    7308    6577    1834   24614   24173   15003
   15114   10571   22680   26295   29166   18774   18402   15302   19266    3636
   14789    9108   13759   25257   19768   30372   31085   29772    3817   16767
   15351   25601   25445   15141    8949    7642   35238    6356   31072    1326
   27761   19123   29559    9100   17647    1454   31889   24792   30746   19604
   12290   32154   26067   34223   35184   20571   26783   15370   19316    5733
   31476   12223   16958    6767   30741   12899   35069    6452   28645   34402
   19766   36576   22224   24824   14469   32501    7881   21998   22575   18724
   29431    5478   28709    7789   30503   18108   33808   13023   33423   24430
   30076     678   23112   17325   35568   17920   24303    7135   35674   29689
   20734   32307    3174    2410    2344   19679   12403   14933   23254   17368
   19925   13092   14836   28340    2674   15720   22859   30493   20016   13068
    2203   20530   10859   15843   31509   23041   16685   32163    5245    6047
   32176    2337   29676   35665   14562   30590   19528   15681   14263   22692
   33595   25398   33038   35922   29054   36344   19462   28433    1856    8865
    6603    1522   14147   10308    9191     914   28885   35340   26992     626
    2895   12146   19776   20772    8138    7683    6269   21144    6057   34879
   31147    8235   14547   32324   24137     331   16463   18551    7344   28203
   13331   30021   33270   25476   18977   25829   34247   15380   16186   11441
   19305   33910   22582     656   15009   31502   15525    5402   17075      68
   28858   10037   18206   36736    3303    9415   24447   33396   20250   31753
   32607    9094   13637   24597   12013   10978   11085   23984   31976    5155
   20070     781    9865    3447   28368   30483    3626   13530   32537     889
   33549   30194   13694   36474    1358   36565   35508    8575   23515   36864
   30502   33271   10772   28703   11133    8257    8864   24965    5440    3976
    4113    5898   23574    5424    9686   18767    6345   17071   23831   15324
   14006   11809   23580    9840    1390    6247   25026   30354   28103   29842
   33242    9193     468   21832   19852   16396   29883   21857    5634   19389
   23489   22220   34519   20433    5411   26823   23045   10052   28918   17493
   32792   34145   21458   26819   34050   30445   28879    2577   24435   27768
   16864   13955    9767    9123   18908   15206   14160   26442   29967   12217
    9043   28680   20352   33835     761    4114   11702   14998   30559     584
   32674   14389   12066    6832    8742   21974    9435    7692   26502   22782
    9390   19560    9913   15620   20407   13055    8473   20997   10162   33289
   20742   36240    2879   35084   17330   18616    2457   22705   26537   15363
   11182   30946   27874   24340    5669   29849    7301    2661   12168   35585
   11967   23545   15221   17902   31432   34953   35967   14140    5943     591
   19501   13266   31126   20396    5422    4101    8510    2091   33885   22678
   13499    9511   22777   30403   34594    6167   13102   35371    6355    8536
   18437   20173   13345   33422    9514    4333   30813   10936   15916    5039
   23644   16527   15902    8729   32982    5378    8104   14736   20246    2456
   26005     843   32500   16676    3190   21478   33802   19691   30069   16093
   10370   11440    9582   32236   29379   10199   25156   21508   16254   16578
   20947   20223   31763   26200    4130   23875   26241   28215    5185   20406
   34392    7806    7782   25910    2298   20335   35336   28090   14772     422
   32016   13814   30517   10070   23240    6568   28676   28188   14157   13365
   35948   24419   26452   14639   19375   28467   12409    9248   23318   30974
   22213   28192   24465    7427   15439   26937   36370   23576    4769   19782
   17399   30576   15040    7067   29147    9716   29382    5182   26710   15196
    4529   21928   23354   31029   34712   28502   33693   32554   31208    5470
    9378   11443   13775   14011   29939   20589   12491   32633   13710   19312
   19881   33429   26283   29425   23044   29652   14516   26202   28213    6956
   18856    5587   31869    7013   31719   22037   31659     129   17118   34061
   26759   36792   17191   27503    3195   11244   10890   25806   27509    8492
    3843   29609   29533   11838    6773   32887   16754    6925    3136   31500
    5431    5920   21075   25693   22989   36636   32942    4161   10929    9997
   16536   27558   34244   22085    3165    7941    9652   32712    2362   25285
   28292   12176    4792    9944   26233   25253   22810    1322   17018   32292
   28978    7485     949    8558   34525    5439   34967    8699   30719   24407
   31972    1055   12908     264   25163   27074   23567   32203   26662   14615
   12595   14501    9748   20222   20194   21653   31794    1045    5460    2738
   23582   12264   35609   19906   35884   18877    9948    2059   11893   33983
   22768    5568   23640   26815   24758    9413   32748   33780   33226   33777
   30202     337   34964   24893   29511    8020     520     963   29536   22603
   33706   10348   32754   31304   19339   29414   35206   32673   16733   36483
   10314   13369   31660   23811   20713   32023   11982    8517   33347   26891
     306    9103    1168   20841   12234   19729    6940   27944   36477   15379
   13515   31727   36303   30233   21359   29432   11601   13812   26655    9719
    2356   13140   15387   22721   33832   21621    4813    2347   31836   21165
   35281   13223   26159   36004   24791    8435   12041   16214   22964    7051
   14948   31372   32067   12826   33754   18078   11126   21887   19541    3135
    3392   13132   12415    2475    5329   27258   31416    5035   35863    2781
   16979    9092    4689   23182   26591    2496    9249   28469   31456   32900
   32472   18677   36896   28224   31864   16265    2687   35155    7346   13211
    3777   18978   23118    3859   20484    3634    4782   28667    3389   31693
   34997   19451   12767     316   24828   26678   32261   27969   35635   36462
   11557    1761   15475   10239   29048   28243   31060   35558   18358   10684
   13534    2647   20183   31028    5303   29309   23438   14538   12594   11861
    3678   11029   12989   21942   31885   12959   11617   14981   26663   11692
   10316   34001   11756   14564   16531   14332   17234   12846   16686   31518
     289    8580    4151    5115   16270   13100   30182   12271   14148   23538
     823   24545    6018    8274   15175   28995   15943    6518   28391   26298
    3421   10282   25990   35023   12887    7083   26121   11430   21589    2650
   21993   11522   21494   36053   13797   30128   20157   12374   31267   24923
   24009    5178   18981   19589   14656   26766   13060    2115   13441    8122
   16087   29357   24667   15640   16810    4883   34286   29705    1582   10290
   17539    9380   24051   25593    1531   18107   13532   15440   21727   15453
   24082   27718   12447   13218   27008    3621    5038   26255   35279   26245
   33625     830    7847    4678   36156   30196   16280   22021   24898    8497
    2803    6674   20181   19283   15964    3360   34768   25157    6123     398
   15768   10384    7298   15159   20973   20054   29478   32962   24215   20432
    1767   28365   22188   19548   36374    2507    3176   33702    6304   31472
   30311   20887   33677    4288   27011   10234   27357   33274     895   12550
   12322    6696   13901   34705    8891    3186   17811    5771    9779    7513
    1238   13605   35030   22997   13927   18782   28942   31988   36376    6539
   22629    9128   30286   15569   35488   13406   21529   20418   30448   16845
   12372   20585   15656    9377   26777   18620   13796   19045   26012    7236
   29476    7396   22788   36453   27114   23138    6709   28637   27288    8992
   13327    1687   34643   28480   23256   31327    6532   22179   24593    7515
   14972   29764   35500   12797    9110    9112    1624   18889   22252   11263
    7490    6081   31665    7176   30740   28650    6427    9463   31087   31216
   36355   24127   34807   28331    1011    3692   33528   15546   18105   17822
    6973   14120    8546   26123   20252    4770   25469   18781   29037   15735
    9659   21082   29320   26855    2931    7352   29572    6177    4704   34636
   18635   11447    4282   22245   18685   29865   10768   29216   29228   12634
   32793   15156     166   32196   16861     572   22820    6819   12564    1366
   27373   32129    4434     860   24911   29552   15075   23035   24393   28787
   10470    4330   10974   33827   18556    1464   10630   13778   33101   26978
   34683    5753    8146   36919   11290   18445   36049   13033    3931   32747
   30654    9412   30628   32959   12640   29233   20708   31854     813    9260
   28828   34777   20159    4787   15647    7867    1320    6684   22154    7635
   21332   31002   17369    7817    7256   36777   26150   30933     866   21480
   17355   20456    8951   23615    8381   30452   19939    9351   31595   13354
    1477   32964    7201   13473   29925   13745   19239   17720   30206   11050
   15146    8058   13421    1866   19352   19942   14923   25289   29555   30459
    1909    9419   17271   12056   24417   11091   23653   20836    2747   17023
   22849    2037   10731   19086   11835   11668    4931   34055   29623    9595
    7497    2603   10733     477    8706   29881   16903    8103    3449   15071
   28674   12533   15958    7961   10919   20623   32043   11284   31268   10578
    9482   18663    3052   10558   15725   17910   25979   28087     711   10706
    2339   17708    3946   16309   33076   19612    4602    9280   21914    7988
   19318   21033    7294   30166   34249   14260   20611   18022   20351    6909
    6600   23798   14962   17443   24161   17024   10500   36523   31170   32081
    3058    6174    9811   13732    4916   17823    1152   36844   11721    9602
   20808   13607   11988    7148     343   12443     195   24140   26321   27294
   21627   31191   12840   13977   20727    8707   20876   28825   31855    3435
   32362   13885   35328   36091   27051   26534    9330    5073    5941   21275
   27977   29980   29212   27196   31690    3861   19413   11267   23443   15677
    4668   31589    3646    2709    2680   25262   14453   24363   20850   15890
   35531   36388   12479    1650    6212    1731   13289   14444    3684   35979
   15998    7309   10563    4197   34948   28574   34692   29774   24510   31772
   22481   33325   19761    1927   36161   15397    8019   29770    8032    7799
      15    6534   33874    2057   24262   13861    4098   16768   27107   15039
   10522   12753   22268   25798   23119    8646    1005   33797   31263   31448
   27794   15758   25158   36307   33272   29349   22493    6628   33989   35578
   23026   28943   11892    5917   27103   10682   30729   12689    3513   18500
   33488   34917    5563    9276   11369   11306   36471   13608    2086   12714
   24055   21301    5280   23107   31835    3829   27574   34693     436   23253
   18828    1884    6747   35711   27442   35813   31249   18510    8427   19538
   13513   10438   24580    8740   30756   21689    9026   11118   25789   21506
    4344   12572   27945   27627   27861   25251   29180    9917   14733   16692
   26008   12133    7732   31666   13030   14099    1993   35393   30710   24566
   13459    1789   14281    8296    3830   15934   31630   24035   17789   35560
   21544   13383   34169   29325   36142    6500   18783   36364    6948   18623
    8006   33720   11049   21475   17085   29979   12310   33912   36692    1557
   31513   35064    9634    8788   33962   19257    8768   15197   20048    9647
   10292   31992    1617   32122    4313   17715   33649   31999   17864    8963
    1113    5459   23102   33876   29799    6926   25508    3581    6945   36964
   24760   27336   22983    1566   34739   16667    3689    6768   14055   16406
   25711   22556   12102   15425   31748   10367   34025   32519   30476   25966
   17281    8856   35170   31256   17744   16068   23945   18174   34633   36513
   19922    2110   27055   20574   14313   12628   23350   31916   23177   26062
   21662   15974   27092   18598   29287   18708   28199   28409    9793   18300
     460    1820   31598   33022   16917   28802    1857   32004    3583    3409
   23958   32051   17853   36284   30426   36190    2111    9891   22831   18997
   34859   36654   34726    2663   10221   31784   36877   34106   32344    2772
   23962   15037   30928   35306   12511   16381   21820   22854   35033   35221
   30112    5410   29080   20654    9200   31683    1183   16556    6262   10950
   18589   31189   14504   20798    5400   35300    4507   14375   19724   16233
   24718   17587   20843   32480   35394   13758   21770   22105   27797   34108
   26722   20728   17245   33820   12032    4818   25768   33023   24963   27444
    9597    6498    3968   32209    7010   10095    4102   25097   33077   17612
    4564   25581    2568    3220    8582   28951    4897   33826   20182   33723
    9661   20737   32675   31798   10140   23889   13245   22785    7464   35295
   29371   20967   34604   11523   21602   34333   23203   30487   23426   22289
    8735   10860   24398    8825   22968   35402    1468   21879   22244   14085
   18115   34170   23206   29505   20923   31510   33960    7272   31088    6312
   29364   23761    9354   20741   20377   12036   19023   33567    5278   29840
   15500    2107   21054   21028   15874   23236     410   11048   31680   20946
    7278   35209   18376   23010   31639   13466   29942    5971   32628   13976
   20414   31583    7334   24901   16707   35882    6873   34740   15191   21833
   12398   32327   33680   22075   19968   34574   27997   11087    6275   19845
   15290   14041    3942   24773    9694   12352    9566   14727    1439    9135
     225     786     965     610    5508    6323   10421   27075    7364    8076
    6837   35838   36352   21538   30640   13606    1651   25629   16101   13112
   21688    1575   22895   25315   20253   26090    1984   10189   13346   17594
    4340    1749   13475    5003    7773   21278   28997   35232   32753   32314
    5504   35476   27831   12684    7457   11470    1423   29651   21393    7731
   17484   30388   29827   34819   21485    9153    2493   23348   33007    1374
    5550   24950   27109    5888   11096   15634    9702   22980   16683   35234
    2825   12259   35431   33317   29943   15215    7570   12331   18826   31620
   19323   28398   35377   29457    9544    6215   18346   15795   21362   21856
   19287   16348   33516   21291   10076   25206    4290   17047   12070    8679
    1888    2432     945    2348   19272   23981    8084   31291    4315    7079
   20266   18812   25706   24299     577    2254   18865   23275   24403   27888
   30814   25372   12855   13992   14613   30593   17900    4244    5569    8392
    4547   30261   35046   33602    6908    6512     636    3203   34003   26647
   19205   30179   16734   20009   24658   30469    5464   24351   29524   17150
   34367   16823   21680   25732   36348   10981   36613    8214   13338   27223
   25663    3708     960   12878   33574   13799   17741   29422   36584   36574
   26197   31848    2104   14034    8999   14954   36876   29516   33431   20622
    4389    6553   19058     244    7904   32193   15873   31856   24175   10101
    1101   27764   19756    5835   23569     249   34177   35652   25350   23368
   12882    2015   16148   33733    9442    8511   14515    9452   19468   24227
    9247    1487   29727   28419   16498   16167   27178   21953   28824   10721
   32822    7760   12981   17833   31643   30025   21265   19622   28393   13036
   14328   18520   23965    1555   36368   12048   36111   34852   25406   10280
   12858   34048   24221   24392   27077   21835   17199   31874   28024    5682
   17911   28772   23913   27049    9432   18400   15044   12320   35806    8915
   29530   27396   21979   31555   11532   22860   15660    4486   32768   35620
   36719   11699   18652    5582    4592   36739     541    2714    2526   36263
   13999   30550   32434   31511   24629    3713   26694   18602   29901   28550
   25342   11025   34232    8169   32901   18873    2049   27341    2488   26317
   16045    6851   30089   33439    2085    3958    9521    5965   19685    8802
    6365   33864   32286   36282   23153    3666   12782   11696   30682    1313
    7326   33713   28042    8231    8061    1521   22676   14609    6504   17955
    6066   24748   18266   25393
