    5311    6738    9445    8013     971    5001    6969    4727    7111    9592
    2723    3455    6294    4236    4073    4976    2978    7968    4531    4812
    2484    4041    4874    1083    3804    8971    9422    2944    5226    5464
    6798    7306     843    5024    6790    7719    4332    9002    1513    2244
    3327    1797    9486    6259    4374    6320    5823    2148    3525    9627
     518     490    2238    6373    9296    5947    1591    8504    8401    7151
     498    2506    5553    1681    5144    9517    4072    6141    7543    9465
    6269    6453     894    7747    5019    5613    8191    1646    9831    4246
    8300    4432    4462    4468     918    6726    8765    9008    7477    8605
    6264    5718     290     898    2793    2198    6436     744    8429    6437
    5741    4880    6737    7254    4860    3883     796    2675     383    1948
    4952    5177    4456    9675    4928     197    5922    2042    6775    8642
    8089    9584    6622    4179    2314    8406    9396    3906    2732    4173
    4122    3985    3366    5612    7824    2882    3625    5382    7628    1029
    1818     538    3266    9591    9345    9516    7776     727      63     129
    4622    8427     322    1442    4095    1915    5218    2451    9414    3595
    5725    2307    6036    9318    9575    9994    3795    1836    5919    6206
    2166    7625     132    6599    3173    2947     564    3392    5810    7843
    3282    2033    7690    5349    4599     351    7181    9336    3364     667
    9468    6050    7098    9202    5452    3358    6125    3015     804    7260
     264    1926    6015    6314     778    1923    4971    4070    8632    6829
     964    3628    6845    6986    4074     448     609    7584    3410    7713
    4218    3855     572    2847    7478    7641    8592    5412    7904    7473
    1736    3865    7068    4899    7170    3785     625     243    8961     179
    2107    4690    8933    4656    9943    9708    5899    2017    5551     970
    7285    1315    8079    1578    2471    3727    7769    8609    7440    3417
    5794    7549    3822    7448    3028    1936    4106    8155    3994    8926
    6064    4427    5222    7157    6365    8518    9036     404    2950    1264
    4911    8866     405    2239     423      99     525     319    3030    3473
    3179    6920    2178    5026    8535    6675    8237    4555    2329    9777
    1272    3272     887    5990    7986    7927     465    2965    9399    7102
    8990     474    5703    6621    4387    7597    6764    2951    4995    2443
    8899    8519    2121    2309    8826    7884    4025    7610    5557    1642
    3341    4904    9882    3307    7329    2558    8816    5091    1212    7566
    9402     531     370    3692    2206    5493    6062    9224    9894    3947
    2934    6959     391    1988    4062     803    7351    1464     204     602
    2744    4712    6257    1583    7958    3011    6691    5465    9710    4492
    5977    7736    7152    1541    7358    9931    4245    4130    5278    5993
    9754    2678    2551    9015    3337    3747    3230    8699    2143    2112
    6109    9693    6886    5541    1739    8162     303    2084    8256    7137
    3799    5508    6697    1387    9694    1012    7777    8777    7917    2526
    5198    8473    5715    2554    9974    5868    8253    7300    1697     318
    5852    3310    9901    4586    1394    6442    8647    4250    7073     262
    2370    1233    5552    9405    9534    8088    4715    2172    3248    8617
    8838    8472    5078    6214    1412    1296    8680    3187    6662    4372
    5258    3332    7249    4321    1382    5033    5562    2910    2939    4263
    4726    4028    6093    5140    3319     174    7033     578    4725    5608
    7998    7296    7954    6510    5544    7472    2045    3971    1288    3850
      65    2031    1847    6627    1724    1327    6922    7762    6502    8915
    9358    3352    9650    5931    1209    5038    4554    7859    2759    8950
    3722    6530    9888    5282    9692    9367    6380    1421    4214    8542
    3944    9235    1237    2248    2483     644    4226    1087    6907    5889
    3677    4463    5315    5936    4208    6290    4921    3434    3335    4323
    8513    7245    6459    4757    4344    1357    2810    1965    6805    2929
    8212    3773    3146    3001    8156    3931    4628     269    4663    7071
    5781     907    5963    5957    7517    6630    5334    7528    2845    9258
     612    1704    3891    2538    9986    7085     440     797    3611    7850
    8255    9800    2798    9921    5102    7457     301    7615    8114     215
    5865    8095    4448    7029     992    8786     951    3766    5526     882
    4731     342    6699    3149    8582    6625    8032    2124    9667    5998
    1665    8062    9669    2410    2662    1568    7511    2231    7683    2371
    3531    2820    4033    9458    5302    8159    7334    2592     478    5454
    6499    5742    2376    8532    6512    6187    6857   10002    7505    7827
    7159    9695    8111    2727    5308    6103    8078    3276    3998    5744
    2004    5600    3212    8483    1669    6649    9629    7272    8876    8995
    4790    7897    5167    1329     430    7172    7147    8492    4859    8623
    7839    1174    5370     645    6330    4994    4968    5772    7232    7577
     975    8857     798    4922    4565    8418    3016    1377    7660    8421
    1869    1673    3006    6504    2291    1057    9326    1225    8034    6302
     259    2865    2566     811     387    1743    5337    7385    6836    3217
    1164    5379    6846    1218    3522    2884    5986     134    1991     323
     945    1065    4481    9263    3675    9382    3477    9201     983    9801
    3486    5224    4313    9333    3606    1716     543     779    5402     801
    2680    6838     978    9172    3988     115     686    3968    5273    5262
    2626    6205    7430    7057    8678     367    6309    3244    2740     244
    6815    1144    7976    3528    6605    4749    7882    2751    7702    3518
    6347    6040    5758    3786    7653    8404    3064    1711    5037    4190
     579    9845    2010    1444    8836      33    4785    1409    5393    1973
    8651     636    8400     242    3560    8018    2168    2704    6475    6487
     943    9456    8311    7678     985    4876    4382    7524    9835    4840
    5578    3185    3748    7302    5748    4331     678    7384    8580    6741
    6987    7553    2729    2973     532    8923     214    2284    1181    2756
    6456    1563    2835    9932    4959     535    7778    1663    1445    6548
    4528    7369    3843    8828    6318    3685    5848    7670    4730    4576
     611    1407    7715    3541     776    2918    6853    8249    8351    7709
    1078    1997    4948    7689    8146    8868    9327    8689    5303    6256
    3394    4030    3676    4888    2852    4184    7819    5672    1230    9822
    3999    2215    8382    6326    6245    1163    6151    8352    7893    3684
    3862    6552    1231    9194    5869    2876    4929    5829    1958    6811
     339    3546    9016    2610    4500    2157    8460    7282    6728     789
     606    8554     166    5371     709    5999    7486    7682    6027    1121
    1696    2694    5982    8023     116    1396    9114    3552    8514    1862
    1751    4267    7476    5932    3464    7030    1682    6792    3132    3005
    3934     362    7978    6915    3614    5514    4825    8726    8919    7409
    9876    1437    6976    4651    7185    6387    4991    3023    2201    6718
    7425    7541    9123    1469    1876     549    3300    4573    6776    5559
    2548    7837    8595    4852     452    2111    5816    4979    5838    9239
    9734    5239     582    4516    8608    3447    5908    2006    3959    7558
    4562    4982    2339    3631    1814    8867    4674    9044    3622    8239
      10    3249    4276    6745    6450    1718    8918    6557    4384    3842
    8737    4049    2408    2607    7949    9929    5728    2572    1714    4526
     754    1498    4139    3920    7206    4405    3180    8368     669    9713
    7979    2050    4688    3958    9214    2981     956    5761     681    1454
     504    9412    2814    9060    6670    5989    4756    3296    2478    2634
    2844    8763    1792    1168    6598    1978    2906    3142    2874    7360
    8624    2399     546    9335    3962    4824    5476      37    6493    1996
    5183    3046    8932    8054    8924    9689    6004    7812    5451     640
     938    1414    6413    2946    5920    1664    7035    2831    3648     428
      97    5119    4012    5620    1205    2976     212    2357    4782    6226
    4341    1063    1738    1194     348    9647    8615    3794    6758      14
    7065    5062    6769    6396     931    9750    6486    8589    4144     314
    5502    4776    9421    1763    4441    6249    2589    8641    6968    1303
    1307    1745    1110    6997      89     540    6592    4645    6422    6679
    9625      93    2802    6054    7313    9812    1566    9400    6061    1994
    6949    5800    7737    5769    8942    9733    7279    1894      47      84
    3047    5839    3080    8360    9621    7633    3333    4148    7815    3264
    4274    8856    3754    9463    8245    1287    2196    6289    7700    5629
    3565    3224    3904    8073    6454    9813    1089    7745    9963    5560
    3909    7481    9639    3433    5827    1348    2340    7489    3265    9616
    2619    7614    8479    6299    3164    4467    9651     877    6488    2721
    2982    3974    3975    3851    4728    5695     944    8291    5938    7158
    2905    2843    4299    7569    9541    1152    9394    4221    7252    3099
    8481    7835     634    5943    9206    3115    5884    9927    5340    4111
    6148    1030    8183    2595     390    7348    4429    2065    2276    8139
    6842    1084    4647    1799    8466    6938    8987    4420    6609    5662
    6260     924    4621    3876    7227    9739    2562    6768    5397    5122
    9000    8735    6238    2970    6003    5683    8812    3144     100    2577
    4585    5136    8739    5747    9631    5005     570    7463    1954    8342
    4598    9230    6173    7636    7530    1000    1138    3029    5081    5675
    4754    2167    5825    2670    1500    7951    9014    9151    5141    3390
     104    4705    8749    9577    8911    4440    8634    4406    4076    4286
    7224    1465    8790    5331    2013    2948    8486    6464    4474    4350
     593    9617    3053    7189    1191    8509    9416    2741    9523    9062
    5022    1864    5707     222    8625    4371     227    3995    1333    8596
    6471    6423    7416    2161    9139    5892    3013    5208    2268     325
    5087    1162    9918    2254    4512    3570    1559    9872    5822    4489
    2415    2407    5859    5750    5320     266    9795    5760    6958    3737
    1821    2367    6606    9652    1066    7387    9144    1375     958    8960
    7642    6624    1575    6789    2749    6443    9949    8217    8167    1099
    3021    5269     149     580    1532    9615    1139    2604     816    6473
    2822    6980    6237    9216    4524    2150    6927    3848    7143     400
    1108    5449      40    6870     809    9764    2218    1850     874    9746
    2923    8745     358    9972     396    4955    9557    2163    8412    1616
    6833    1401    2057    4830    3063    5799    3813    2465     692    2089
     177    1803    5630    5564    7397    6311    7830    5925    1806    5281
    6002    9748    7265    5917    7342    6240    6203    5418     747    5211
    7047     588    5853    5817    2355    2866    5952    9368    6368      12
    4517    2491     476    9199    9482    5014    7698    2547    8301    2623
    4936    3260     194    6098    2853    9109    9143    6993    8607    1141
    1319    5386    5807    6707    7554    6020     837    9946    8986    7458
    9643    8145    8769    4260    4171    8132    8865    2333    9633    6721
    3589    5845    6965    7327    6227    8948    5470    7398    4857    5466
    1737    3854    7624    8221    9122    8357    4289    2418    2176    9683
    4464   10001    6673    9546    6337    6682    2817    5505    2027    9197
    5594    6992    8204    9484    9583    1641    8549    9308     896    4169
    8017    2924     523    3796    3214    4681    6094    5108    5123    5407
    9444    4407    3233    4298    8137    4483    9562    2816    7223    1912
    2821    3255    6954    4836    9605    7372    8047    3368    9976      11
    3481    1587    9554    8489     722    7960    8681     488    2299      75
    1747    3371    7304    1672    7379    2072    7345    1098    9571    6051
    3719    5971    6526    3538    1987    3716     959    7600     338    5149
     725    9105    7316    7095    3687    1768    1574     839    3551    7492
    4001    4748    7366    3374    7750    3114    5513    9225    7506    8498
    8087    8561    3281    1485    8184    8309    6554      82    5815    9513
    9521     492    9848    5918    9635    2799    5735    7991     995    7989
    1198    7867    4720    6462    7851    4396    8358    5975     717    8143
    1484    2294    1690    2861    2631    7092    3626    5338    6734    7090
    5820    3197    8030    1376    9369    9555    7077    7394    2902    5373
    3075    1615    5783     783    4563    8262    5483    3040    3154    7053
     595    2338    4227    2641    8925    5565    8341    8275    2903    4965
    4473     739     545    1250    4631    8523     788    9854    4063      81
    7263    5433    8370    9120    2137    1503    1808    1251    5287    1540
    5714    9128     213    3837    7532    4709    9331    3592    3003    1906
    6099    5246    5477    8547    9959    3270    4165    3992    4042     852
    4007    7721    1372    5265    6354    3718    7727    2890    7130    9587
    3532    8633    5023    9939    7373    2745    7215    1694    5545    3022
    4310    3479    1687    9941    9599     605    9483    2823    9314    6589
    9162    6814    2754    3730    6444    2726     691    7974    7321    9677
     292    7836    9088    2520    3607    3650     273    9612    3200     363
    7513     401    6321    6522    7673    8815    3814    3336    7431    6884
    5203    9315     203     707    4792     232    2841    4039    6788    9390
     345    4896    9366     730    7139    6868    8433    4771    7995      59
    1628    9071    9271    6532    3294    4721    4693     528    7694    5529
    4869    7607    6403    9808    1844    5159    1633    1990    3291    3645
    1922    9055     347    9176    2381    5765    5366    8563    4017    4636
    3035    2102    9741    8278    8544    2743    6185    6610    2240    8026
    1220    7091    8316    6893    6385    2830    8371    6037    3050    3376
    8317    6984    7925    2141    7205    2212    1495    8043    2722    8708
    8336     369    6848    5861    3162    3515    8292    9820    1446    2457
    6812    6284    5398      42    4430    3314    9581    5691    5204    8271
     522    7536    4442    5360    6175    1499    1812    6956    9735    7479
     660    5628     912    6277    7444    5779    5771    1043    1257    9049
    2393    4065    2938    2872    5124    2301    7797    1459    5873    5791
    3079    4459    3387    8215    4846    3662    5426    3305    3215    6184
     145    8965    6659     726    3669    7934    9729    5404    2001    5650
    6739    6254    3159    6647    6619     637    4551    3769     539    3896
    7572     889    4295    5905    7326    3983    2310     207    1784    5484
    8303    1634    7548    4570     764    6360    4182    8449    8333    4564
    1577    1431    9938    8039    4973    3517    1124    3059    5111    4950
    5127    5611    8871    1753    2052    5934    5461    5094    4902    9464
    1338    8590    3832    5621    2541    8578    4043    6818    1385    7606
    2750    9134    6934    4536    3824     426    5109    3193    5482    2265
    5960    8173    9173     923    8009    7501    1767    6009    1998    2609
    4078    7038    5344    8913    1361    5115    8586    4648    9975    1276
    3829    3174    5415    3254    2921    8930    3470     443    8266    8909
    5414    9291    6820    1044    2850    2819    1564    3107    5200    4150
    8153     306    5195    7165    7906    4595    4110    8428     626    6072
    8082    9655     493    5032    1610    4141    9311    4177    2855    9676
     295     693    6671    6928    3537    2870    9092    5130    1688    9846
    7031    6053     733    8820     774    2826    5860    3805    6806    4132
    7320    7758      86     618    3924    1428    2500    9229    5352    6230
    4333     662    4872    9996     922    5068    6033    3134    5732    6618
    5369    7787    3707    8339    3346    2441    5877    8438    1733    5569
    7751    2983    4863    1383    8884    2330    6150    8061     408    5940
    7310     159     302    5669    2094    6800    4257    8744    8557    2564
     828    8130    6623    1023    5248    4733    9830    8602    6378    4444
    8676    3096    3467    1775    3927    2781    9428    5706    6719    9419
    6431    3886    8105    5928    7741    8100    9991    9051    8102    8182
    2772    7014    9815    1919     830    5539    9076    4543     340    9169
    9466    5456    8008    9702    6069      13    8675    1796    2698    9919
    3643    2949     895    9769    9736    6183    4794    6035    8378    4885
    2392    1916    3377    3269    5722    3717    1885    9303    6556    3554
    9954    5223    6839    9879    9572    7011    2513    9087    8440    4494
    1927     704    6637    5309    6079    4330    8142    6971     527    8835
    5160    7247    1904    2127    5536    8090    1538    6977    1661    4905
    2129    7557    9685    3557     109    2565    4248    5857    7284    3815
    2079    8407    1069     955    2639    1415    1451    2391     328     601
    6340    5734    5435     732    4242    2364    5872    8983    5138    9803
    1966    4903    4837    8288      83    5949    9148      31    9046    9649
    6478    6654    4589    9542    6265    3937    4443    5812    1558    4849
    4370    1269     530    7277    2560    1379    1009    8035    4972    8116
    6875    4540    9057    9426    2272    2023    7307     927    2452    7720
    4695     121    5375    4091    6225    2652    9471    9039    1111    6777
    6232    3567    1671    3018    5154    8914    2290    8758    1046    9113
    3182    8281    9334    9586     641    6417    7162     521    1599    8174
     446     210    6010    5667    8052    6090    4186    3386    4736    9737
    1324    2569    3309    8522    1675     278    5317    7567    8978     356
    6519    5731    8282    1635     142    3771    5389    4300    6351    4425
    8543    5097     870    3870    4123    2283    9277    7344    7012    3143
    6883    4446    9269     699    4079    7555    9307     879    1042     160
    4504    8890    1177    5907    6017     869    6631    3402    5015    7349
    2417    9398    2350    6370    7027    1719    2069    6762    9504    1643
     942    6708    2586    9715    2719    8959     982    8659    4765    1519
    1506    5176    9778    1729    1335    5804    3057    2661    3406    1549
    8653    3069    7749    4424    2242    5283    8322    1017    2024    2512
    1820    8447    9384    1861    4451    5682    3940    9771    7798    4654
    5803    5912    2095    6305    8393    3024    9264    2806    2453    4126
    2386     106    9810    2736     810    3008     751    8495    3378    3365
    5632    8126    1603    1834    4539    2009    6890    4537    2720    6421
    2571     541    2517    5135    3598    8670    3163    8318    9118     792
    1542    1165    5234    4121    6154    3980    5509    6468    4867    2358
    5598    7258    6634    7863    8845    2312    1462     941    4891     974
    2401    2038    2932    3037    4777     832    4071    7814    4961    1533
    5275    7871    2343    9731    8277    8773    1137    5883    2530    9973
    9719    2539    1318    3073    5836    5201    2599     851    4889     225
    5518    5429    7888    1160    3660    2940    1883     512    3243     868
    4100    4711    3349    6919    4582    9527    9970    8722    8848    6783
    3461    1221    4453    5596     337     654    8962    8718    8343    5430
    8389    9192    1266    9827    6517    3558    7174    9892    5006    5832
    9248     437    4152    9911    3452    8348    1059      80    1045     111
     760    4478    7190    1118     936    3223    9069    9385    6644     165
    7424     240    6025    7239    6542    5670    1290     736    6188    9552
    1952    2790    8171     841    8430    3935    6317    5567    5642    9364
    6715    5004    5341    8997    9066    7464    4708    9127    6102     740
    7016    5593    9359    7317    6524    8698    6195    4718    6704    4910
    9059    3398    4447    5101    5615    6878    8742    5285    1452    2666
    3688    5016    1811    8219      68    7663    2464     865    8720    8297
     195    3204     933    8463    6586     460      64     350    6932    2250
    6832     494    7664     782    8085    9442    1334    5146    6911    3880
    8299    4993    4966    7908    8279    6809    5904    2804    2697    3295
    9152    8658    1236    9990    9573    5554    1298    2149    7475    1256
     855    2576    6194    7935    7410    3916    4379    3580    5840    8014
    8470    3012    9433    1828    9149    8283    5025    1939    4206    2193
    3634    8963    4198    5384    2805    9042    4591    5345    5413    2372
    1680    5052    1835    7403    3000     253     263    4999    5956    6869
    9895    9608    9240    3960    6643    1785    3649    4498     502    3444
    6496    1419    6651    7923    5039    7810    8289    5515     632    8784
    2632     415    2205    5049    4107    6308    4893    2048   10006    5930
    3391    3222    6382    4873    4084    3171    9111     795    4154    4097
    7609    6583    6106    9287    2204    1951    9365    8425    8564    6917
     554    2557    3071    8878    1677    1435    3609      58    7230     818
    9883     451    5491    6824    4390     767    8295    1655    4625    2325
    7580    7441    1128    1529    2904    5580    3989    3135    7585    4864
    2809     495    3072    5128     354     329    5063    1246    1569    6363
    3663    1020    3034    9182    1362    9802    6540    9965    1480    7248
    2747     330    7361    3798    7840    5358     372    1056    5271    4744
    1131    4159    1658    3599    2774    4797    1487    6465    1374     752
     831    7704    9641     458    5110    6578    5207    3176    7743    7433
    3932    9018     827    4572    1567     170    8831    6407    4848     284
    8029    4844    3812    9309    2528    5879    2952     755    8751    9485
    7825     371    4515    2362    8070    9350    9770     679    3746    9404
    7526    8829    5595    4535    2313    8456    3280    2285    4613    1117
    7774    6991    4414    2211    5253    8832    8040    4466     439    6281
    4558    6667    6541    2055    7354    7507    7449    1686    6343    5583
    6005    8367    4140    2253    7268    9297    7852    9431    3475    8229
    2459    3636    9928    1340     994    4753    6925    8287    6348    1728
    3544    4578    8565    6406    3712    9093    9160    4670    2713    9082
    9982    5913    5469    4953    1528    1683    4614    8898    8453    1907
    6561    4660    6481    7665    8810     638    4878     675     666    4669
    4334    4909    1930    7276    7221    7796    1429    8695    1403    8254
    8660    7556    4796    4158    5241    9942    8516    3424    4549    3540
    1626    2450    8181    5475    9930     787    7780    1740    3271    1800
    9961    3216    3382    9064    9352    4964    6113    2002    1631    6680
    5590    5923    5284    6118    8789     529    5028    2788     786    4908
    4037    5169    9609    7866    5871    2789     499    1551    8189    6270
    4507    9563    3338    6528    7088    1887    8870     829    4353    6447
    2994    4927    4667    1826    6476    8420    1798    4970    1104    7256
    5191    6052    1505    7048     421    5312    1720     861    7445    8778
    3965    8411    2502    3711     326    6416    2169    1281     237    6221
    2202    1345      26    1458    6837    2430     388    6816    5753    2063
    8579    9279    6626    2760     671    5745    1170    5405    8048    1882
    1662    3543    8587    5125    2974    2987     353    8223    1501    5517
     293    9132     107    8951    4805    2490    1370    4546    3103    8458
    7495    8127    6280    7785    7216    3724    7064    5948    3894    7404
    5230    4879    8304    3559    4358    8761    2593    8771    3491    7571
    9589    5646    5428    5064    1420    5050    1130    7640    7903    6116
    3887    4655    3943    1155    3919    7330    8443    8753    6690    7197
    4230    7126    2155    6900    1570     123    4828    2305     599    1103
    4109    9451     872     639    6701     191    6703    3121    1185    7093
    7187    9094    3942    2145     113    2833    2209    3890    5245     283
    7604    3816    2105    7367    9167    6303    2270    7638    8937    7146
    2700    7110    7124     310      19    4935    7527    7437     981     926
    4784    1608    5003    5633    6844    6943    9141    3442    4719    2873
    2986    7299    3665    6823    5100     628    3505    9284    7788    5227
    8107    3136    7733    1942    6229    2097    5409    8455    3811    4391
    3504    9611    1154    4937    8444    5740    1735     917    5161    8969
    3194    9417    6767    1247    1034    8363    4568    4668    7267    8416
    4401    1585    5854    1474    6480    2394    5257    8976    4296    9079
    6674    4737    9816    5455    2815    8683    4395    8307    9395     847
    8649     934    4369    1659    3213    5264    6879    9110    3914     193
    7771    3587    2668    1556    9653    9757    3456    2765    1614    6827
    1369    7902    7219    1032    6418    3697    2654    9539    1183    4080
     274    9662    4108    8581     315    6096    4981    5219     817    7666
    9505    1326     565    5978    4335    5764    5625    9804     867    3468
    2335    4750    8905    6565    4566     758    7861    5478    2839    9515
    1717    1493    5304     560     496    3619     250    5605    7466    3583
    8947    2519    4068    8327    4933    3782    2746    2379    5250    7813
    5018    1856    2664    9654     147    7415    5876    4752    6536    6668
    6620    8037     141    4624    8996    3384    3841    7523    5723      51
    8101    5757    9987    7000    2656    3124    1678    1405    5093    1721
    5153    6963    5501    5802    7211    2669    4861    6078    8666    7916
    4692    9604    2422    6914     568    4151    5487    3535    2611    1085
    7652    9360    8405    8755    4324    5862    1040    7131    3578      22
    7470    2954    8936    2737    6607    9700    3261    8696    7365    6356
    6427    2429    9370    7390     746    7766    7988     256    6525    3593
    5507    6936    6335    8798    8152    2650    5346    5268    6534    1475
    8539    1712    2255    3763    1780     793    1450    3007    7199    7944
    7052    8016    5909    3897    9156    9989    3148    1955    2195    8538
    2354    7115    1653    3938    3725    7142    2264    4349    3169    4747
    1489      55    4694    5168    8312    2139    7331    6766    8510    1037
    2705     368    1693    6658    7341    9423    4075    3991    3979    2908
    4045    7912    5017    5072    3534    4822    8246    7209     189    3807
    1280    1766    9252    4829    8756    4685    3119     734    7301    9218
     506    8622    2207    2461    2895    6252    7097    8494    7860    3681
    4650    1058    4082    1521    3911    5009    2187    5623    1985    8849
    7811    2836    5255    8637    2444    3591    6011    1227    8064    3951
    3435    4919    6236    6032      15    6361    4244    4283    2725    6322
    2233    5459     255    1136    3758    9860    4253    2263    4945    7870
     655    4434    1457    6506    4093    2380    3936     380    3484    5896
    5665    7294    2073    6414    4172    7419    8814    1629    1897    9363
     822    9668    4534    4238    8806    2197    9232    6457    7725    4061
    5830    3564    5933    7051    5291    6778    4256    6756     245    8469
    5610    6158    9637    9146    1013    2123    9459    1898    7844    9752
    7589    1035    6781    5325    7086    2868    2724    9922    7518    5805
    5604    6007    8160    2395    9906     537     103    8970    5968    6575
    7546    5450    1622    4594    7562    5531    9131    9406    2612    7075
    4161     643    4240    2496    7650     597    9238    3400    3462    1630
    5134    4383    4791     683      34    1255    3139    3210    5709     508
    1857    5106    9698    1411    6584      70    5357    6724    8366    9397
    1252    4738    6402    2053    4375    5737    7286    7081    2437    1395
    7784    3427    9595    3779    6021    9763    2115    6686    3639    2735
    4662    2230    8823    3513    9782    9116    3753    1149    5327    6765
    8150    4914    3923    9783     282    1239     236    8775    3852    6019
    7066    2503    7007     359    2887    6146    4127    7408    7688    9374
    9728    4569    9744    2054    1496    2966    2979    6897     615    2327
    5751    5468    2481     576    6983     825    7899    9343    7218    6097
     155    6964    2040    1571    8903    8716    7738    2356    2138    6796
    5532    1845    4661    2256    2825    1432    8822    9115    2657    3861
    6352    2811    3431    2762    9490    5622    3083    3826    8001    8165
    9137     781    6074    8556    7378    4181    1837     799    6279    3133
    6327    9306    5411    7659    3976     464    6981    4119    2784    9301
    8875    8231    2377    7574    8821    5699    3273    8854    3321    8196
     185    9177    6847      46    3482    1789    8302     914    1215    2525
    1463    1703    4629    6006    5643    3892    5292     680     574    7485
    9992    2136    9078    7113    5584     765    3258    7716    8484    6757
     890    4996     838    5710    8216    2400    4530    5880    2901    3789
    8992    3219     670    9690    7765    1062    3357    6143     555    8989
    4556    6127    5408    9469    1756    9640    3315    2411    9098     613
    7362    3275    7691    8269    1304    6871    1782    7779    1213    6451
    1497    5581    5098    7936    1888    5388    1855    8952    7522    5096
    1102    6743    1347    8435    8650    1074    2086    2533    1706    6514
    2154    9245    9130    2840    3306    8247    9453    4368    1946      56
    8108    6653    8862    1119    1849    2398    2412    4167    4758    2886
    3835    7060    4626    3466    6924    5330    3085    1657     589    7593
    5887    2349    6642    8036    2226    5406    6786    7509    2984    2128
    7295    2485    7619     178    8902    1783     395     503     163    1934
    4024    6446    3010    5492    5310    2574    4967    1399    7082     500
    3939    2113    2922    8369    2580     562    8548    4162     257    9261
    5490    7529    1014    4600    7487    7525    1830    1801     221    4175
    7539     558    7714    7538     491    6231    5900    9171    4087    8912
    7853    3584    8257    2104    7493    7937    6038    1710     467    5841
    6083    8705    5069    5914    4223    2767    1002    3602    3728    7537
     583    5504    7101    6341    7514    4741    9840    4431    2559     642
    6793    3881    7910    7942    5163    7250    9452    8220    1106    1650
     672    3246    4984    6100    5500    7494    1351    2515    9664    9356
    8879    8943    4701    1961     919     201    4729    6591    7510    4592
    2462    9745    1381    5120    3866    8916     133    8877    4677    1325
    5530    3196    3679     682    8598    2883    9529    6432    8383    3654
    8203    4657    4231    3929    6677    3689    1536    1576    8527    2514
     743    2463    3203    9999    6655    5324    8044    9844    3561     435
    7748    7959    7563     888     661    1514    2687     378    5300    2673
    3284    7821    2162    4203    6759    4761     275    3372    5647    3323
    6359    7308    8241    9912    5335    3888    8176    4985    1879    3978
    3767     317    7269    3289    6239    3178    6438    8385    4210     581
    4502    6271    9257    8391    8232    5843    2832    7175    1249    8572
     154     316    7583    7154    2346    2409    7177    3109    8120    8710
    2773    8993    3380    7160    4202    6046    3846    6698    8732    5897
    9958    9553    3844    3900     331    3299    6681    1366     738    2026
     823    6729    1517     247    8955    8888    4826    8273    2032    1809
    6880    3873    2758    4217    7391    7595    2034    9188     913    3170
     456    5916    8553    3651    8340    8573    9425    9842    6560      90
    5080    9522    2828    2460    6170    6479    3155    1322    4360    1286
    8175    2029    7411    2153    9836     168    4225    6843    9705    4023
    3487    9005    4209    5166    3806    7799    7407     900    8794    2436
    3369    4409    3970    5713    2776    7648    4696    3680    9256    9260
    6990    5421     935    1776    2173    3092    2012     763    9198    1478
    7236    6013    3288    7021    8917    5591    2015    6550    3562    3765
    3361    2385    9104    8131    8780    1468    9537    3423    8125    6434
    6190    9797    8679    1774    7742    5432    2448     466    3460    7586
     235    4881    3383    3351      74     948    9740    6850     403    7728
    3420    8904    6191     700    4975    7439    6233    4436    9548    5576
    6353    9457    8261    1526     916    8687    5192    6856      88    1302
    3582    7112    6602    4838    6346    8536    6912    2406    9915    1600
    9050    8103    1173    6177    6574    3041    6400    4180    3045    2849
    3500    1502    9511    1091    3702    5762    8274    3686    9165    4803
    2082    6817    8323     462    9274    4193    6594    1553    7006     241
    5336    3414    4583    2194    4806    5332     701    7207     749    1709
    3153    2237    5443     406    1853    8733    5196     520    8721    8394
    6904    1186    7078    6357    4004    5446    4949    3489    2281    6339
    4308    2614    1245    6600    7040    3066    4523     311    4722    3287
    7512    3168    7364    4593    4596    5602    7611    7186    3206    7338
    6472    5664    1813    1260    4939    3859    3761     711    1560    6508
    7293    9155    5782    1072    2225    9181    8574    5801    3941    6200
     220    6199     598    2341    5347    9868    9519    9124    9852    9174
    1748    9499    7191    9323    1001    6935    8690    6505    6455    3459
    6885    7985    1425    9905    6159    7891    3808    8057    5289    3568
    3472    7956    2633     594    4069    7044     519     258    4788    9645
    2131    8738    6579    4322    5826    6608    4877    1949    8613    5964
    7905    8559    9190    4077    3764    5969    5716    5131    7220    6632
    1143    6156    6628    2693    1384    8730    9129    4724    7280    6700
      49    2025    1470    6717    6041    6516    6944    2489    9569     313
    9221    2229    4808     790    1061    5205    7754    7711      41    6982
    6140    5054    4399     770    8347    3952    3403      18    4619    1228
      66    7807    2066    9684    5121    8921    4142    4800    7340    7418
    1749    6664    8672      94    1364    9503    4930    1343    9056    7804
    2731    3661    6489    3027    6889    5777    6223    8033    8452    4192
    9614    1169    6466    1778    8396    9679    9053    7009    6636    1050
    1481    6497    5763    8895     393    7831    7847    5592    1685    9936
    6553    1981    9977    8883    8208    4789    5082    6404    4036    3572
    7355    5708    8446    1508     925     468    4450    9914    9270    1321
    8843    1456    9322    2293    3739    4317    7823    8122    1891    1027
    1438    6362    4618    2953    8502    8839    9834    7128    4809    3502
    7845    3411    2504    1859    8294    7380    2552    5962    2753    9288
    5481    7045    6799     702    6401    9170    7791    7347     600    2583
    2857    1082    7145    6477    9095    6212    5021    4329    5637    9154
    7243    4304    4241    8601    1135    2365    9496     190    4510    9383
    4266    9672    7375    1781     128    8331    6803     631    4508    9798
    4717    7592    7822    8805     169    2337    4762    8974    9265    5261
    4755    5463    8041    6121    2056    5231     668    2336    8118    9020
    6300    3060    2867    1244    3151    6736    8328    7661    8242    9189
    3004    4461    3780    2942     355    2151    9241    9867    6186    1081
    8521    7386    3664    1101    9029    2064    5237    3907    7010    7034
     883    3112    8228    4174    1931    9601    1150    9593    8308    7261
      79    8350    3908     151    3527    3721    2449    3514     659    9332
     392    8874    5256    1725     288    9247    2189    9784    9418    1277
    4925    9420    3084    8474    8704    1652    3520    5789    3093     389
    5749    5047    3588    7598    2271    9884    8707    3571    7752    1910
    2322    8000    2472    1190    7202    6716    1300    1520    6085    2403
     124    4320    1509     420    8517    5698    3922    5083     135    8603
     616    9510    8133    4541    4389    9386    2039    1434    2390    1178
    8230    7374    9275    5689    3328    8006    9556    2466    1339     603
    4960    1846    4188    7332    1310    1331    2188    1145    9916    6482
    8907    9478    3899    8457     379    3986    8238    9231    3548     186
    7848    9081    3237    8179    2260    2638     300    1670     216    7656
    5254    5563     333    4932    2919     863    4827    8785    5399    9923
    7436    4290    8106   10009    2888    2968    3375    7587    8424    7590
    3322    5029    2794    5059     501     470    8545    9686     112     409
    7171    9011    2509    9361    4969    2035    8478    3770    8881    2494
    3446    2179    8648      38    6569    1851     968    8760    4355    9619
    6209    4634    6272    5821    6467    5694     335     181    5440    1373
    4157    4652    8296    3330    4115    9302    9329    7692    2366    7389
    9768    5103    5648     840    7346    7617    5270    8665    1267    9701
     550    1060    3666    7869     698    4388    8712    2930    1858    7793
    6115    1077    6428    5548    4101    1699    2308    9520     820    4381
    6364    2221    8893    4931    8022    2937     753    4351    1531    1790
    5364    8422    4630    8083    8774    1278    5367    7393    1967    2651
    1708    5105    7999    9001    4234    6060    2540    6501    2369    6324
    5048    8520    6297    7266     815     920    8487    2761    4264    5898
    5649    6873    4418    9497    3172    3997    3440    8071    9524    1668
    5495    6149    5811    5221    3797    2570     791    4682    6430    1003
    7201    5858     101    8697    7957    1925    3788      28    4303    7667
    8668    2158     173    4297    3101    5206    7188    2827    3563    5187
    5180    2499    2439    3831    3014    4380    4781    9119     902    1771
    3690     998    4412    4213    3102    6929    5660    9871    3091    7786
    2434    6349    9717    6810    1758    1360    5472    3577    5659    6039
    1962     473    1817    3982    8953    1572    1398    6614    6771    1522
    8766    7712    9413    9410    5690     309    8809    1943    3359    6440
    6276    9995    1932    9857     346    8713    4763    7117    4010    9125
     980    1222    3575    2671    3710    2118    6180    9375    7381     687
    8397    5730    8526    4501    1224    3251    8793    1116    1794    5319
    8250    7204    1609    8824    9205    4839    5361    6179    8682    9793
     731    6133    7482    3918    3312    3297    9913     209    4513    2959
    6841    9896    2331    1413    7119    9294    6463    2858    2241    8991
    9823    9874    6851     199    8365    9376    5724    9203    8364    3426
    6874    6939     937    4064    2019    1223    6278    1723    6567    7208
     526    7178    9150    4146    8285    4671    9696     375    2332    3964
    2062    2387    1094     859    3308     164     167     418    7946     716
    1881    9723    8270    7312    9253    6059    7242    8390     635    2180
    1299    7696    6258    2688    3653    4201    9310    3497    7755    5995
    8211    2160    1479    8124    2568    8949     848    5150     510    6615
      25    7672    8858    1202    1938    6267    8688    9255    7468    7858
    2778    3612    1076    5329    1064    4435    8169    9086    9856    5427
    9209    5297     952    9578    2891    7023    1920    6840    5041    5686
     697    3640    9140    2252    8075    4557    3111    2945    1581    8338
    6744     438    5142    1902    1750    8234    5929    3239     885    5701
    6999    8170    1832    2292    1819    4740    2259    1195    1492    7281
   10005    6948     608    5705    2718    6316     735    4153    3078    9944
    3304     957    9711    9687    6582    4487     251    7099     376    9272
    3709     585    3523    2438    8063    1601    6867    4013    6176    4437
    4821    4325    7104    2663    1867    5746    8818    9910     226     684
     312    6312    8686    5847    4940    7996    5090    7880    9891    5422
    1970    8717    8998    4817    4060    6891    3733    7427    9408    6216
    1582    5036    5674    6661    5528    2020    3067    7740    8855    2036
    4606    3129    5249    1755     724    3777     411    5704    3061    7017
    7156    2856    7627    2321    8399     946    3542    6666    7695    4544
    4823    9775    7233     773    9479    3698    6390    8852    8344    1983
    2546    3501     794    2630    6246    4316    1561     483    2152    2529
    5000    7802    1621     447    8599    6603    4103    2511    7855    3263
    5350    2046    8024    1895    8799    6760    7601    3957    8593    3729
    7775    2432    5403    3610    2047    9207    9379     515    6342    2613
    4497    1418    8051    1705    8451    9041    7019    8031    2715    6198
    7452    7490    3802    9133    3594     205    5540    5614    3503    6142
    7305    7618     196    6877    9282    7789    7443     984    9832    7423
    9588    5323    3930    5316    4571    3043    3226    9324    5143    9017
    1805    6638    3247    4956    9843    4397    7950    8077    9724      52
    2184    2677    5116    9184    9407    9533    4679    8762    4278    5445
    6244    7535    3740    3774    4287    5796    7446    8629    8929    5157
    7383    6735    8525    3044    4886    3863     621    6344    4768     509
    9010    8468    1389    5434    5616    3946    1590    6065    5973    9829
    2492    3990    7222    6367     233    5607    5392    4581    7896     234
    6211    8956    4603    4525    1368    9032    1929    5260    6112    7434
    2101    4265     505    2098    5954    4521    9373    5793    6310     908
    8897     647    1825    8166     685    2315    3752    6995    3604    7693
    5778    9107    5378    9794     988    5711    3629    4841    6795    6111
    4947    9887    2373    9440    8104    5521    3950    9193    2667    1550
    9642    7639    1036    5423    1597    9083    5441    8767    7772     657
    5071    1584    2375    3221    1259    3967    3183    9661    9945    1648
    1214    4421    2342    4810    4957    4067    1852    9462    6110    1161
    8265    7605    9559    1352    3955    4053    2911    8797    5522    9506
    3744    6645    1715    2405    5568    7046     591    7731    2527     997
    5419    8706    4254    7402     105    2800    1268     969    9747    5888
    7055     729    9371    9102    4145    3787    8731    5229    3095    4533
    6685    5654    2258    5365    9038    7182    7816    3879    1947    3158
    8944     365    6458    3184    3389    1448     344    7898    1903    7107
    2848    5519    9508    5328    5348    2083    2134     808    3498    2420
    3055    5276    5786    5661    6498    3436    7488    8140    6248     484
    7646    5992    8320    8841    5182    1804    7829    5339     119    3701
    6784    5736    1482    8349     849     364     373    7056    6029    2470
    3340    1892    6831     858    2303    7876    8795    1701    5008    8736
    5619    4394    9027    6123    1309    3723    5550    5773    4445    5442
    9873    2014    7792     469    5410    6263    1899    2900    4702    6547
    7730    5511    3147    3954    3803    3566    2649    5213    9236    6012
    3432    2941    3370    3509    3617     721    5527    7540    2183    7757
    6377    3539    3715    3810    3416    2696    5460    8066    8667    7271
    7990    3821    6650    8606    2728    6119    3362    2388    6861    2859
    6754     192    6293    6405    7679    8442    4675    9721    9665    9285
    1874    1391    3492    7333    2262    3150    6523     394    8081    7405
    6571    4048    5381    4854      98    9722    4364    8694    2016    9346
    7630    7718    2926    2334    9755     703    7491    7292    4014    3823
     719    8439    7450    3576    6295    3141    8236    3131    4058     653
    2545    2795    6415     649    6242    2692    6940    6241    3019    3627
    3033    8981    2192    1151    8315    1969    5979    9623    5510    2801
    6224    4862    2860     963    4092    8685    1490    1397    4480    4611
    9749    3683      60     534    4006    5077    5061    3993    2246    7442
    8759    4716    8673    9567    6452    3820    1047    1557    8465    8202
    3329    2126    6593    9185    9507    8177    8180    6075     536    4439
    4128    7298    8988    9818    6410    9742    1193    1730    5086    8319
    6313    9531    2222    1512    4883    7599    1552    2916    8045    9435
     878    4089    9312    9013     304    2777    7868    8214    8840    9211
     552    6892    3655    3421    6204    9223    5624      36     357    9870
    4378     175    4778    3490    1900    4745    8263    3987    3298    2249
    8817    5354    7289    1440    8850    8652    5535    9536    5243    9706
    1645    8206    7680    8384    8448    3885    4997    3397    7602    2041
     712    4938    4366    3160    1877    4658    4460    4856    5983    3550
    3600    4469    1684    8727    5819    7744    7121    4868    7213    1744
    9070    8021    5042    4183    2935    9300     630    6930     479    9819
    7465    9475    7144    1545     961    6355    5878    5687    7428    2782
    7582    6543    4774    6139    2361    9448    3956    2251    4328    9727
    5436    2920    8186    4205    9217    6132     835    8192    9487    9126
    4402    8979    7484    5126    2185    9805    7924    4131    7264    1226
    4099    3256      24    2531    6375    4923    5280     842    7311    7865
    3646    6030    4416    3605    7471    6104    7608     950    9967    2445
    4398    9341    2426    3526    1593    7977    9626    3768    3236    7662
    9574    5915    1295     694    4795    7237    4044    9704    7413    5390
    9984    4767    1301    1679    5467    9157    4553    2344     445    5151
    6918     901     352    4493    4149     416    2479    3674    1410    2300
    7547    9142    2077    3898    9594    7451    7148    1726    1518    2764
    4281    3088    8099    7234    9544    7406    1171     385    9340    8529
    1731    9632    1449    9439    5959    8476    5784    5259     897    7133
    6395    2627    4977    8747    5558    1933    5767    4653    8750    3624
    4691    4786    8779    1913    5193    2274    1815    6084    3278    6613
    5688    6134    7288    6780    5673    8791    3415    3128    4742    9166
    7922    7885    1972    6386    7118    3736     397    3910    7878    5768
    2156    1666    8325    2282    2532    1022     834    1096     407    5066
    2213     906    5726    3530    6960    9765    4292    4799    2275    2075
    7645    8354    9233    7453    8113    7980    8830     153    7432    8863
    3118    1911    7875    2122    5147    7323    9213    6570    1142    3324
    7166    1126    9299    8480    6834     187    7889    5035    8567    1284
    4034    6555    9568    5891    2328    9940    4008    5733    6852    7520
     463     708    7945     761    4098    7817    7677     148    1297    9678
    2234    3234    5874    7456    1968    7003    1028    2807    1166    6587
    1886    5601     656    4392    7287    6157    5770    4666    6828    5148
     807    4850    2556     893     299    7024    8985    9814    2359    4055
    8410    7337    5743    8752    7519    3469     544    9648    6595    3819
     748    3157    8154    6165    4783    1054    3708    1945    1316    1123
    3545    5164    6937     766    3339    3418    5486    5942    5188    1772
    6169    2425    8610    5377    7203    2977    8419    7129    8612     587
    2624    3152    4635    7879    2992    3190    2690    3056    5534    3586
    8597    6821    4813    6398    4032    4587     384    2537    2738    8807
    6970    6071    6058    8938    2220    4212    6972    7993     211    9560
    4847    3097    5720    1791    8999    9993    6849    1248    9660    4411
    3104    1134    1807    7632    1510    2304    2003    1071    1975    2522
    6474    1893    9893    3274     176      57    7947    7032    3038    1439
    2943    2413    8178    9875    9432    8076    4252     161    1004    4834
    8129    5197    3218    8645    9313     144    3838    2567    2999    6826
    2378     374    8065    6652    3238    3750    2854    9817    1586     480
    7163    5588    9716    7246    4853    6420    6172    6577    4195    6895
    6070    6091    7915    2536    3644    1197    5881    7634    2689    9009
    4944    9786     360    1175    1471    3395    4118    1515     118    6952
    7455    7966    3076    8375    5306    8499    8454    6089    1317    9289
    7198    6088    2717    5172    9135    4314     903    4168    6702    6494
    3984    4410    7651    1025    9933    4898     651    7039    5085    1187
     150    5055    1746    4832    6994    7911    5851    7414    2088    8477
     296    9579     334    3672    5383    3262    8049    5599      54    5240
    4913    7734    4815    3110    1133    8741    2913    7164    9709    5524
    3778    6782    4166    5027    9068    7235    1153    8403    1762    9712
    3198    9773    7997    8386    5617    9725    7782    7800    4346    6750
    7576    8964     853    8825    2914    4615    7125    5372    4699    1426
    5587     298    4739    3519     563    9781    1109    2319    9380    9565
    3227    5387    1006    5958      17    2927    8488    5864    1544     171
    2267    5117    5499    3453    3921    9441    7828    9779    2363    6601
    2783    4191    3009     381    4527    1974    2320    1843    7684    1486
    5549    7929    7794     571    6164    7900    8038    8224    9899    4318
    7212    6740    2881    8258    9699    9885    7376    8783    4924    8977
    4415    3253    6722    2302    2476    7255    8467    4339    5359    2896
     477    6268    3874     289     482    2709    3130    9780    5573     714
    9858     757    7542     715      67     230    9628    4597    5174    6001
    2501    3331     921    5589    1654    3379    9859    3912     449    4138
     875    6656    9674    6250    2864    1323    7161    7508    5084    9620
    8074    4620    3678    8161    3177    8324    8356     459     623    3191
    1416    2676    9878    8005    9799    9809    3800    8004    9663    5295
    5326    7135    9021    3277    2171    9806     366    1203    9103    8618
    1093    2099    4518     866     939    4327    1530    6288    2898    4471
    8861    7654    2563    8402    9934    8423    3735    7919    8408    5045
    9634    1928    3167    6167    6092    7070    2875    7552    2477    7943
    1353     200    5955    3893    1840    7982    6905    1337    7273    2360
    3042    7729    9091    5833    1594    8148    2456    8576    5321    8640
     590    9003    8636    5401    6660    7022    3231    6419    8691    7459
    3516    1129    2590    1523    2575    2208    1441    6449    6573    7579
    6136    7965    7353    1880    4470    3186    5438    2625     629    2090
    6384    2582    8276     127    6597    7028     813    8244    8459    5893
    4608    3637      50    8243    8084    3833    6689    4870    9072    4601
     742    2421     268    3875    1905    3259    8880    7350    4147     891
     802    5603    8604    8123    7790    7153    7356    8568    4858    2210
     728    1243    2396    6483    6379    3836    5171     567    4400    3658
    6286    7594    4943    3106    7352    7768      95    4057    2140    5114
    2989    5657    3117    4818    7173    1562    1982    2037    3751    5343
    7253    9437    6646    7002    1607    6292    2468     650     713    9526
    1732    9381    4894    8550    1086    4664     857    4723    6568    6028
    7322    1588    6988     966    6181    3250    7061    8168     850    7502
    4962    2419    2636    5448    9585    6235    3867    8663    4906    4052
    1548    7474    6910     461    3857    2603     967    1788    3732     156
    1596    6515     909    2298    8019    2345    3381    2637    1270    6802
    4579    7498    7083    2594    1274    9280    1651    2837    8528    2733
     547    7984    7210    7134    5626    3116    8534    2955    2880    3241
    4419    5202    9582    7193    4855    7685    4002    9488    1698    6864
    2044    6683    9273    9267    5516    7499    1761    5850    7328    6411
    1625    1841    1757    4275    5391    7669    7629    4143    2640    9743
     414    9179    5152    4120    9732    5266    2147    9761    1090    1839
    3755    8020    4426    6445    4884    8885    9824     871    5173    9254
     775    9971    7169    6711    4623    3981    9293    5939    7155    6950
    2518    1624    4112     873    2770    5238    8413    6813    3749    2074
    8417    5523    1283    4413    2535    6201    5856    8226    2081    4277
    2573     143    4602    9590     845    1275     206    1238    8577    2093
    5286    9411    4015    9040    4580    2368    2295    3699    4804    3413
    8844     805    4637    4259    2181    2119    7620    1546    4215    5556
    6155    5571    4284    4509    1793    6752    5961     517    7570    9904
    1371    6333    4038    4235    1777     973    9821    5293    2701    6490
    9117      76    7262    9935    7833    1827    9023    7987    9501     424
    5190    7603     996    9355    2616    4916    9598    3293    2435    1606
    8920    2602     228    8833    4354    1889    1210    3429    3553    6067
    5431     573    2785    7560    4465    8003    6989    7103    1075    5953
     398    2644    5480    5053    5394    1208    5885    5242    6855    8754
    8027    6461    9022    1423    9610    1918    5867    6441    2775     928
    6484    5210    5156    3457    1182    4367    8847    6978    7359    2235
    8007    5290     219     892    3396    9789    5727    2423    6014    6951
    2245     561    2021    8015    4988    3181    6152    4605    8709    3533
    8621     249     575    9561    3483    5368    9540    4538    2051    5074
    6521    2125    6507    1917    5970    6076    2454    5252    6081    8801
    8060    8372    6747    6192    1294    8028    9881    4495    1261     248
    9031     457    2383    7018    5457    7122    4404    5299     812    5189
    1005     349    4422    7854    9339    1424    1838    3175    6564    8445
     886    1977    2404    6048    7643    7820    9298    7933    8719    1964
    6962    6202    5814    9956     336    3741    6562    3495    3317    8626
    5597    8134    3313    8506    5447    1305    7074    5651    3864     987
    8570    5538    9985    1816    9106    9043    4775    9948    7076    1921
    6126    2606    3232    5485     646    4986    6923    1829    7559    1971
    7079    7377    5561    3311    4319    1156    2475    3499    1647     276
    5294    3791     279    9034    6617    2990    5901    5756     617    9774
    7013    2684    7623    8377    8259    2190     592    6996    9980    5092
    3354    5506    8475    3207    8804    5044    7707    8869    4170    4105
    3393    7196    5351    5609    6338    8280    6672    2907    6558    2431
    1095    8725    9080    9391    2542    2691    1473    8501    2497    6665
    1640    6282    6931    1217    1097    2703    7930     884    6942    4915
    4659    4610    9489    6394      96    6753    8782    1358    2287    2748
    4311    5279   10000    7801    9600    8900    9903    8934    8834    4326
   10003    6585    9035    5473    8260    7724    8531    5184    9851    2278
    1386    2646    5263    3524    6425    3137    6687    3673    6056     780
    6374     513    5849    4627    6283    4734    2643    8136    7116    2440
     158    9726    4642    7096    9250    1613    5296    4156    4760    3493
    9756    8508    3068    4211    8984    3682    3048    5894    8199    9955
    3202     569     624    7591    8376    1206    2243    4609    3031     229
    9644    3828     208    9472    6696    4081    6138    6511    8264    2963
    8056    6057    5663    2915    6678    3454    7674    2928    7551    7460
    3443    1422    4917    6693    5400    5813    9670    5298    5991    1242
    3512    3125    5489    6147     677     280     658    9389    9278     664
    5755    3840    6163    2988    6491    1258    2351    9424    1211    6513
    6537    8552    7270    2085    1494    9045    2224    9450     137    8630
    5267    2681    2956    9065    9688    3388    5842     844    2838    4336
    6376    2615    3695    1254    5546    3585    3058    3229     291    4083
      62    2498    6545    3647    4475    3902    6426    7240    9237    8272
    7461    8193    4472    8334    7480    8957    4050    1873     131    3465
     422    4577    7080    9491    6801    3895    1580    6705     307    5655
    8901     915    9495    9161    7932    9344    5788    8437    7309    7575
    8772    2779    3138    2975    3422    9145    4417    7401    6369    4612
    9220    9349    4686    8644      72    1940    2442    6566    2618    3775
    3656    8922    3635    7621    6304    5759    1430    5966    6178    1204
    8882    3279    7231    3290    3343    3126    9136    9787    8674    1011
    4835    7568    1461    5951    5013    8149    2791    9073    6779    5051
    5155    4056    5627    5808     308    9862    8614    4423    7565    9937
    6433    8337    8656    7100    7953     180    9957    1483     425    3667
    1018    9090    3334    8185    4261    5927    6695     960    2279    8432
    4059    3140    3082    2544    7392    2018     246    9063    7926    6275
    7363    1167    6285    5806    4920    6485    6161    8086    6247    7826
    4216    9889    9429    6961    9347    7708    1378      45     305    6612
     542    6549    7676    1950    7834      71    1404     433    7004     819
    3437    8380    7324     108     665    1273    7564     696    6881     252
    2995    4946    4560    4102    3285    1354    5645    4268    3449    2164
    4831    4491    1039    3161    3961    2269    2070    6953    6773    7049
    6720    7429    9138    4269    5322   10004    8198    8373     511    1291
    4646    8600    8734    8846    4958    9602    8714    8693    2487    9966
     265    5232    1534    4258    7697    7123    8967    9075    5866    7087
    6973    9316     557    2177    3441    6713    9865    9493    2257    3439
    8450    4347    6588    3054    1995    9096    1944    3615    8252    5924
    4018    9657    7026    2635    1656    8701    7072    5729    7037    8654
    4700    7020     864    7883    9909    6307     836    2797    1759    8973
    4617    4676    3790    5987    7136    5890    5618    3871    1909    3342
    1406    3474    6393    2146    1051    8994    6518    9500    3094    5503
    2311    8092     824    5677    4865    9470    3659    8571    6727    1667
    7681    9004    1644    4337    7948    9243    5941    7058    4136    6055
     559    6859    8631    1015    8643    4288    2620    5981    9446    5185
    2996    6217    2384    7251    5921    7241    9304    4016    7805    6629
    4273    4672    7043    1330    2424    2447    4137    4644    7874    2755
    3450    2695    4455    5107    7573    5636    5439    7846    7808    8931
     762    1649    7399    7412    4851    3734    7931    6787    5462    2236
    8471    2091    4026    8381    1365    2446    9998    3668    3292    2752
    5512    6022    2714    6208    5031    6921    1402    2600    3471    7561
    3430    6772    4907    4900    1722    6531    6563    9509    8620    8002
    6635    7706    6755    7089    5653    9163    5070    9259    5570    6998
    1617    8729    4697     172    9430    9033    5574    6077     977    8332
    9187    3508    5209    4255     718    7180     986    1105    4094     911
    5137    3257     741    9480    6105    3825    2708    1417      92    8119
    3409    7226    1842     320    1992    4987    6160    9576   10008    1619
    7368    6197    9864    4643    8096    6866    3070    4222    6043    1795
    8511     138    3356    7150    5974    9538    2227    6391    9547    7901
    2170    5067     260    9026    5658    8121    4185    4291     524    2059
    5178    9924    8887    4766    6955    5416    8187    7658    8305    6448
    3620    9183    1122     854    3026    1176    8585     272    5676    5494
     947    1579    9697     321    6328    4029    9841    7194    1976    7534
    7274    7462    4484    9962    9570    8493    1363    4237    9112    7015
    1092    1734    7637    2217    2818    3834    7257    1956    3373    6261
    6731    4772    3616    2008    5766    3209    8546      29    4164    3220
    4194    2352    2645    7992    4842     277     516     270    2135    5652
    9377    5774    4503     548    3496    9796    5118    7967    2648    1466
    6688    7795    3025    1125    1476    2106    1765    1262    6590    2808
    1875    9353    6107    1314    2011    3706    5946    9215    3405    8388
    6979    3703    2579    8638    2598    4649    5585    4485    4376    1200
    2998    9988    1769    6350    9330    5425    2096    8776    4020    1067
    2007    9850    2851    6503    9052    9530    9204    1455    1467    6901
    6544    3252    5712    8671    9877    2288    4232    7314    5984    8711
    7872    6049    5228    1623    6725    4714      73    8268    6219    5453
    2964    1822    8611    8194    9266    5792    3318    5844    8851    6749
    4003     676    4302    9153    5754    6128    6306    4764    1612    5837
    6424    3549    2318    6042    7994    1555    4918    6888    4532    5809
     140    7739    4449    1147    6470    2508    3792    3738    3098    5902
     862    7635    1189    2174    7832    6916     633    8248    7533    8286
    9348    8151    2997      69    6366    5396    1691    7183    8355    1810
    4022    9886    9920    9951    4134    3847    7969    7756    9825    9550
    4373    8197    7818     979    5034    7084    8222    9680     622    7578
      48    2710    6894    9607    2523    3630    3618    1543    3120     231
    2060   10007    1823    9659    8346    7217    3555    2596    5798    2824
    5010    5679    4951    2277    4117    2660    3966    7971    4178    1240
    5997    3694    5385    4249    3590    4640    2028    9054    8940    9007
     551    3074    3166    2286    5846    6045    4338    6213    9295    1453
    5056    8091    6694    9691    6903    9656    9097    8094    6162    8569
    9447    6296    2679    2374    3760    4279    5542    9028     940     441
    7890    6957    2495    5353     814    9978    3726    8530    5525    1676
    4833    2347    5937    3613    9494    9853    1692    7335     607    6714
    7291    1870    4550    4176     688    6616    2543    1914    6087    5363
    4845    2219    7521    8842    8209    5634    9089    9833    9861    4735
    2159    3601    4457    2716    9890    1884    7001    2584    8225    2899
    2960    8827    8764    9434     627    3977    4759     932    6535    8524
    7503    1896    3192    2601     663    4085    1547    3089    2585    9178
    5996    2812    4282    7497    9372    7229    8813    1516    3801    1979
    2469    3878    6080    4357     102    4196    5162    3240    7955    7613
    1024    5133    5910    1953    7454      32    2480    3051    6947    3783
    4090    4798    2894    4575    1292    6975    7275     880    5247    4305
    1565    3326     218    7849    8069    4706    3039    4882    1285    8190
    6358    5417    6408    2493    9067    7881    3868    2628    8497    3877
    7238    8010    5533    4584    6034    3969    4027    9436    3385    5065
    6830    4187    7469    7259    2787    5638    9328    6785    7726    4000
    8657    7063    8889    1999    6580    2247    5631    5668    7770    8235
    6797    2078    4843     584     294     481    2674    5212    8946    3235
    5046    6266    1313    9268    3671    7892    3574    8164     475    9378
    1989    7315    7059    6066    6669    6835    8886    3100    7809    4124
    9624    9234    1611    2897    5818    4506    9392    5073    1963    5717
    5355    8172    8147    6663    6371    6082    1848    2182    9025    3480
    1436    2766    4114    6108    3065    7127    7140    8053    6872    6926
    5641    4345    5702    8669    9855    5458    4476    5217    8541      23
    7705    9718    5139    7952    5194    7941    9566    6215    7972    3756
     930    8728    3757    9952    5437    2665    8619    8715    9321    1115
    5903    9012    5314    3283    8740    8588    9564     183    3020    9357
    9158    7388    2071    5680    4361    5488    8800    6807    2510    5780
    9900    6435    1592    2402    4978     989    8345    7336    1589    9085
    2397    1271     673      61    8415    9024    2521    1787    1632    8335
    1770    4228    1229    2780    5199    5656    8058    1253    3401    4386
    6804    6913    9514    2878    1752    1216    6692    9249    4189    8042
     881    1878    6301    6323    5420    1344    3363    8819    9387    5721
    3860    3596    2763    1689    9084    2433    3510    7042    6460    2428
    3633    6439    2524    2216    4220    3926      87    7939    2862     949
    6429    3188    1052    4499    4934    3547    7290    1491    1935    9767
    8781    8251    6819    7732    5497    2889    8306     905    2214    7067
    6114    5994    2473    6882    9338    1524    3521    1639    6325    1408
    3122    6539    3793    6648    2228    8507    2103    8684     198    6412
    5301    1779    9481    6546    2971    6137    5719    6016    7105    2786
    1235    9762     146    4262    2909    3925      30    1199    6733    4377
    6243    2092    7069    4787    7179    4547     806    2597    9473    7438
    4689    1342    4590    3195    4019    9200    8461    9317    5980    7200
    9047    6068    2133    5395    4047    2280    2076    8872    6908    5797
    3529    3781    9362    5186     899    9790    8864    5906    3325    9019
    7647    9077    6633    6135    2578    8233    5145    8803    5935    3017
    9186    2647    8431    8491    7975    2653    1660    8218    7981    6334
    9580    2117    7544    5104    8788    1159    8293    9276    4408    4197
    2324    1008    8770    3621     139    1511    8743    8207    6008    9286
    2306    4309    4233    4807    8097    5739    5520    2100    5775    5537
    7803    8968    6854    6794     785     619    4160    5220     904    6863
    7106    3002    5926    4035    3608      53    3882     188    6860    4270
     577    3948    6640    8050    5079      20    9968    3579    1433    4486
    8982    9388     122    1707    9826    4356    3784    3032    7050    1380
    4687    6130    3267    3049    8117    8616    8562    8321    7842    7759
    4385    2985    9597    7675    1392    5700    1234    8141    8392     224
    8692    9208    8894    2553    9242    2130    8195     217    3845    4155
    7516    8068    6063    7094    3286    1941    2658    5606    6520    2382
    3485    7838    5235    4293    5944    9196    7783    9603     876    6023
    4433    3355    6047    6000    4802    7644     382      78    8505    3901
    9753    4769    5075    5692    1443    4963    1980    7214      44    5644
     972    8298    8098    9828    4362    1773    5181    9175    9646    4638
    7138    3344    5318    8635    2132     750    8310    7895     285    1388
    5274    6657    6529    7421    2061    9467     444    2892    3597    9981
    5225    8583     720    1068    7907    8462    4588    6319    7370    7856
    4632    8361    6220    9545    4040     271    9454     999    2734    3772
    7746    4779    5566      21    4204     162    6761     239    9281    4438
    7909    3869    9947    6808    9048    8434    7420    5012    7596    1010
    9630    6399    4819    7588    9262    4343    1937    5496    1112    5785
     745     450    7723    9393    3105    8201    8109    6120    2534    2296
    8496    1573    9438    3856    4607    1713    3407    2474    9246    4247
    4307    9305    5165    1868     402    2685    3905    1636    4871     566
    2706    8188    9180    7176    8398    5076    8627    1525    1179    2005
    7761     954    2829    3201    9720    9164    7114    1308     125    8110
    6596    9147    2605    5543    2427    1702    5175    1472    2482    3445
    1073    8575    2980    8555    9121     737    9759    8873    9622    4559
    1282    1265    7886    2869    3399    6576    1026    7278    8975     784
    8723     454    9403    1700    1390    8787    4710    3849    8067    6189
    8213    8409     993    1192    9908    2581    8353     610    5020    6770
    4814    4021    7887    9212    1132     377    1620    2068    3211    2768
    8330    5776     800    7631     471    6144    3228    6389    7649    7483
    1184    2879    7753    2175     777    3062    7467      85    5236    6345
    5824    6026     586    1055    2813    9766    6145    6469    7382    9099
    2730    5985    2917    8441    1148    3448    7964    2120    4294    4488
    3156    6946    6332    3670    3696     434    7918    6171    6031    7297
    6710    8503    6559    3743    7862    5333    3915    6709    1507    3917
    7717    5215    4306    6234    6262    4604     332    4665    6153    2711
    1127    6291    1016    8560     327    1535     953    3949    8290     410
    4875     772    5972    9738    5424    1241    4342    2972     485    5575
    9195    5060    9673    9474    5684    6129    7244    6273     690     281
    2261    4051    6763    6706    9558    8072    3367    7515    4680    6492
    7400    2993    7041    4793    6397    1908    5132      39    8811    3569
    1053    8928    8464    6730    4496    2871    3638    9226    9730    2742
    4616    1554    2933    7767     826    6527      91    3463    1400    9455
    2200    5043    3165    3632    6228    1107    4974    2969    7496     202
    4801    4011    4066    2957    4743    3762    5752    9210    3268    9492
    7686    7626    5790    7760    5474    4703    2049    1854    4163    8240
    9838    4548    4678    3704    1196    9528    8205    9477    9863    6899
    8055    1279    2486    1863    1336    9449      27    9788    7581     614
    9960    4340     596    5886    1306     674     689    4280    3036    3476
    2757    6825    8939    5089    4926    7036    2834    4239    1207    3320
    8906    6611    7961    5976    6255    2087    3348    6117    3536    6131
    7422    2043    3581    9926    3208    6676    8490    5671    6945    1802
    7339     413    7864    4707    3858    3603    4490    9791    5216    9897
    3225    6751    2686    9518    3408    6073    1070    6581    7149    3745
    8859    6746    1113    3189    4746    6896    5179    3494    2067    1764
    9461    2108    9342    5095    6509    9618    5696    2958    4980    6274
    5214    9100    7914    3081    9351    4301     771     723    6862    5666
    7396    2109     136    2455    9953    6298    4770    1359    6791    2516
    6902    5586    9543    4009    6898    2416    9337    3458    5112    9792
    1860    3963    3776    2110    4199    7894    9751    2739    2561    7940
    7701    2912    9037     910    3693     556    9703    4820    6723    8200
    2353    9228    8628    8808    8059    7938    5479    8584    7657    1341
    9283    7120    9658    8163    4046    5738    1019    1328    8892     756
    6331    6774    2550    1140    3412    1760    9290    4992    3090    5307
    9227    3242    2289    9498    1100    5277      77    4088    7054    4698
    6388    8746    9159    2846     442    9776    2642    3953    9714    8591
    6933    4207    7225    5376      16    2030    5870    4054    5374     386
    4954    1488    4219    3889    1831    2683    4684    5244    3353    7426
    7283    4135    9596    2323    3077    9320    5835    6222    1602    1201
    2622    5272    3933    7318     254    8566    2414    8537    6909    1527
    8703    6024    9325     341    5787    6974    5678    8362    6383    6742
    8314    9354    9950    7735    4200    5640    9707    3720    9030    4522
    4428    9636    3657    2842    7168    1021    8677    6967    5967    7447
    3817    2967     648    6941    7417    1595    1332    1031    4315    1890
    2863    2682    9925    7303    1289    5002    2893    3913    3345    5058
    1120    6044    3903    6168    9849     553    9671    8500    1727    3641
    1320    8138    8910    4713    3818    2191    1959     182    6372    2621
    2488    8748    7228    1172    4641    3052    7616     117    3642    2925
    4639     238     286    4005    2144    5693    5911    3705    3127    7655
    7687    8395    6887     489    4542    5471    4552     419    1598    8700
     833    2707     432    3853    5795    5170    7973    6193    2803    2165
    4477     990    1080    1865    1114    4704    4312    3086    3623    2203
    2587    9760    4633    5547    4773    8025    6748    3884    1901    3419
    6712    4890    8533    6906    7928     399     652    8128    1866    7781
    4998    8436    1007    2000     297    3713    9917     343    2936    9549
    9638    3742    2316     706    1741    7109     361    9476    5113    8661
    7167    6251    9535    1311    8157    6604    9101    6095    1539    7841
    2458    7141    7612     287    5007    2796    7622    2317    8972    3556
    7504    1742    9168    6551    6409    2588    4452    3507    2114    8980
    1637     620    5577    7764    7703    5950    8724    6500    4104    4529
    2142    8512     991    3511    7005     472    7545     759    3245    6196
    5875    6207    2266    3360     705    8359     324    8941    7763    2629
    6315    3123    6822    9772    4359    1984    6124    7184    4990    9880
    7500    8958    8485     412    3996    7531    4673    5342     130    5444
    6182    4031    4458    9502    2885    7550    3714    2699    4941    2080
    8792    5498    1833    3145    9847    9512    7319    8313    8379    8837
    8662    8853    2022    5863    8414    4348    2273    3691    8482    4866
    6381    3478    6166    7132    7962    5572    8802    2617    8158    5040
    4816    5251    5233    9532     223    9785    3316    9666    5158    3872
     860    1219    5965    6876    8768    6253    6858    8267    4942    1447
    4567    1605    7983    2877     436    4086    3404    5834    1158    4363
    6538    4272    6985    3303    4561    9613    4780    8945    8891    7699
    1924     486     453    2505    7857    4271    9427    3652     514    4454
    4393    2659    1048    5380    5639    3945    2116    8757    4224    5635
    6533    2326     821    9866    1180    8594    2961    6392    7192    1604
    1957    2608    4912    3199    4989    1349    9682    5288    2712    8896
    6122    4511    2199    3759     455    7970    8329    9058    3809    7668
    6732    6174    5356    7395    8012    1033    8908    7920    1088    3928
    9061    7877    8702    6641    4983    9219    2931    4514    7008    7435
    7773    3205     856     120    2232     507    7921    9074    3113    5681
    8374    2792    4683    7873    1312    3108    9460    1157    4116    3506
     962     267    4519    4403    1041    9969    8011    2672    1824    6572
    2549    3087    4901    1618    6865     431    1986    6684    1038     976
    2058    7343    6287     487    8639    2555    7325    1460    6018    9907
    9964    8796    4125    1232    1146     710     110    6101    1754    1638
    1355    9869    4365    8558    3438    9191    4545    1695    8551    1504
    3428    9902    8954    4520    8046     497    7108    8284    3972    8326
    1871    9606    3839    5057    3573    6218     126     429    9108    8387
     695    4732    5882    9837    8093    4482    3973    2348    4352    9222
    2769    4897    8144    9319    2389    4505    8227    1627    5305     114
    8210    6336     846    6210    7062    9898    8115    8080    5088    7357
    4133    2297    3731      35    4892    1346    8540    3350    8135    1960
    4243    7371    7722    9401    2702    9979    9997    9409    6495    2655
    4251    1427    1786    8515    6639    1674    8935    8664    6966      43
     965    7025    2223    3425     929    4129     157    9415    1356    5895
    1049    5313    4895    1393    1293    6329    6086     769    9681    3301
    2467    5555    8426    5831    7710    5697    8655    8646    5828    1079
    3347    5011    2962    7913    1188    1872    2991    1477    9251    5362
    9839     427    3830    9006    4751    4887     417    3451    3827    1993
    5099    3488    9551    2771    9807    4229    9292     604    9244     184
    9811    8112     152    8927    1367    4096    9758    3700    5945    9525
    5855     261    4811    5582     768    8966    7806    7963    4113    4574
    3302    7671    1537    9443    1350    7195    5030    4285    2507    9983
     533    2591    1263    5579    5988    5129    8860    2186    5685    4479
