   14584   10677   19439   11182   10457   15515   15938   13225   16660   15290
   12223   16636   17782   18335   19731   17485   16063   18500   18172   17906
   11748   16310   18798   16302   15578   16081   10496   12306   15174   15940
   13814   15243   12271   15647   16680   17556   12323   16591   18192   13306
   11452   19387   13862   17977   18191   17184   16196   17386   19149   16919
   19635   12764   18443   16523   17745   13946   10340   13454   13623   14690
   13502   18699   11404   12470   12974   10917   18094   10040   13036   17450
   10065   17685   10039   12232   17809   13066   19341   16117   15879   10271
   14602   11555   12417   10925   10914   11896   13905   17995   15295   15489
   16687   17191   19753   15973   15921   11911   11944   13166   16661   14982
   18493   13535   19101   14683   13891   15171   12276   12889   16084   19912
   15785   10589   15823   14272   19398   19540   13133   12007   14149   19243
   18495   12841   16776   15179   10459   16342   11023   17738   14170   14967
   16000   11092   17090   17630   11515   18103   19365   13239   14890   20008
   16316   14464   11972   19749   19464   12948   17364   13609   10894   10952
   15597   19000   12892   19019   15224   15200   11064   15690   12510   10165
   14552   13149   10063   18505   11482   12262   18444   15329   10935   11588
   15472   15782   15771   17389   18916   12405   11809   16047   12954   11342
   19744   15926   18076   13462   15935   13080   16665   18402   16951   14060
   13983   17991   10520   19570   15252   10424   12727   14605   14617   18104
   16966   14473   11287   10136   15362   10936   11338   15260   17691   19668
   11036   11987   15413   18415   19052   10653   11471   14844   10451   16511
   17000   14841   14891   13647   17123   14477   15132   17260   17001   13853
   19645   15592   17941   16730   14851   13749   10976   17596   18585   18378
   11808   17179   15618   16221   16800   17796   11155   19847   14296   12608
   14823   10362   19670   16607   11168   10752   14682   12373   17548   13165
   14722   11129   11665   10155   17241   17644   14239   12857   15783   18066
   11411   18936   12664   11256   13290   18996   11337   17514   12126   13487
   17202   13326   13393   10869   11574   17318   18278   14157   18981   10266
   14260   15234   12376   11847   13620   15441   14363   17501   15828   16429
   15073   11777   11409   17586   18903   18490   19088   14906   13004   13706
   17287   11630   10347   15321   14108   12507   18515   11128   16841   12500
   13740   18580   13189   15048   16542   10645   11957   17117   10723   16490
   19568   15907   13570   19940   12780   17206   18186   16423   14908   16075
   12729   16366   14494   18835   13410   13507   10893   19280   19042   17671
   10738   13230   15899   14390   12976   12812   10692   18772   17850   16007
   17858   16174   16833   17496   15202   11019   16733   14216   18590   13196
   10471   12437   11329   12927   11677   13603   19996   17092   17636   13229
   10572   13757   17721   10199   13152   17409   10220   13977   14366   13927
   10890   13785   18179   13429   10629   16846   15492   18792   18280   12411
   12454   19588   16654   14713   14952   14505   16706   10329   14661   19746
   14664   15439   17931   17733   12401   13674   14114   18129   19084   18322
   14816   12723   15402   11147   18259   16936   18460   16299   16283   12791
   15606   19193   12822   13563   11429   19674   13017   14430   19929   13688
   12420   12347   17917   19472   14326   16151   12024   12893   10924   18767
   13443   11564   11245   15576   19038   18488   14556   16085   17482   14658
   13123   11473   11956   14377   12245   17443   18306   18047   18691   19487
   19167   15565   10765   18223   10307   17394   15089   13122   14405   11149
   14393   16589   11637   19549   11462   13999   14065   19039   11712   12452
   12442   19395   15078   17553   19925   11583   14194   17372   17155   14862
   11708   13464   17089   14489   14122   10694   15932   18264   13578   12061
   18621   13270   11616   19717   13503   14744   11085   10617   11118   14599
   13219   13810   15870   11359   16980   16144   18314   11918   16917   15513
   17743   12337   13995   13389   11294   17570   10885   13517   16444   19070
   19829   19906   18014   15741   16115   15451   10117   15425   15256   11516
   15363   13679   14756   10461   10826   12086   14294   15222   11448   10341
   19825   14524   15497   15244   17451   18125   16722   14865   12938   13369
   10172   18288   11580   13934   15914   19197   10410   11104   15944   17279
   12748   11086   15210   12166   19866   14325   16336   13472   10447   18703
   11137   14451   12399   14727   10010   18687   14439   19456   10569   16397
   17619   15217   13683   11794   17881   11012   13622   13485   11270   17380
   13399   17486   12784   19500   13595   16538   18303   10284   14945   10032
   16628   11849   10871   15769   15553   13606   15969   18566   10762   15881
   19920   11461   12176   19885   15726   11439   15082   19393   11077   15281
   17207   14095   10205   11349   14111   12528   11661   19434   16662   10225
   13218   13653   14024   19425   12781   13528   15432   17973   16420   14378
   11068   18588   11551   10675   10927   14401   13806   15967   15509   12919
   19915   18001   18651   18655   18865   11436   16739   13984   14971   18007
   11734   19428   14444   10761   18783   16132   16924   11033   19897   18453
   18841   14640   16794   10182   14483   10319   14611   14565   13244   14443
   18393   17880   19074   14460   10583   16728   18867   19139   16098   10580
   12230   14384   16244   15573   13842   12191   19196   19556   13084   14410
   17413   16651   13458   14670   16559   15902   14948   19270   12412   10245
   18715   12435   13555   12154   12848   11921   17741   15704   11394   18802
   19778   19380   16588   19053   17022   10112   16481   15291   15609   15909
   15317   13883   18279   14679   14219   16992   19201   17062   13829   18432
   16571   13067   18178   10313   17442   17154   11621   19577   12038   10441
   16477   14328   16751   17614   19186   16358   15854   12378   17431   18686
   12623   17789   18517   17649   18659   17261   12100   14174   19160   17373
   16710   12651   19217   16625   19550   14305   11595   11881   14764   18645
   12916   11692   12553   18366   18882   15081   15562   12745   12675   15893
   14653   19585   14082   14867   17964   18071   16880   16297   11106   14271
   14395   11531   16212   15231   12008   19099   19658   10015   13846   19900
   16390   14892   19871   16802   18790   13753   15337   19140   14240   17540
   11379   17350   14225   13431   10212   16860   11114   10584   12318   17957
   16647   18594   16910   16347   17084   14675   18113   18581   15775   18330
   11832   18461   13348   13704   17531   13082   19561   17844   19143   11955
   18077   15872   17983   18145   18181   16262   17510   19001   11937   14949
   16856   12222   16412   12020   15538   14345   13610   14254   16602   10712
   19691   13941   19022   10297   15975   17677   13332   13789   11746   18908
   16392   10530   17801   14606   11408   18242   14646   19246   11058   10130
   17766   19031   18595   15077   13850   16068   11567   10069   19672   13933
   19616   18954   14171   16443   13282   17972   10906   16514   17775   16228
   14330   15375   17987   18990   18411   10372   16834   12661   10832   16060
   19385   13155   18607   15091   18357   12904   14042   14009   16546   18484
   11011   14703   11719   17162   12134   13568   18108   10533   17003   19773
   16758   12670   10592   17446   13733   13484   17806   10255   11271   10528
   18183   12649   11652   18173   19044   18690   18570   19792   12099   18961
   12755   16300   10475   15533   12011   14935   18010   17477   15856   12845
   13157   11749   16968   13788   12657   11130   19204   19754   18029   15014
   11978   16308   10141   19426   17603   17754   12542   19801   14546   16840
   14034   13978   16222   15596   15248   12849   18573   15235   11853   12945
   14158   17396   19181   19157   13376   14318   18870   14902   14621   12662
   18986   14724   17115   13966   12529   15868   19820   15233   18387   16795
   18509   14510   10291   15237   12012   19882   16991   12443   15434   14625
   15930   18634   14266   18437   18551   11031   19504   11510   13137   18833
   16930   19050   14637   16942   19035   13354   16305   18033   18506   15071
   10827   12615   15748   17068   11491   17106   12295   12761   14179   13823
   12182   15963   13644   10281   12204   18859   14303   11464   19768   15882
   17499   16122   13661   12147   11800   17403   19994   19200   12742   18042
   18864   15919   11163   13689   13755   19656   17008   10180   16780   19237
   17240   17252   15894   13571   11205   16979   12285   19431   17069   14472
   14903   14604   16350   17321   19877   19433   11269   13171   10477   12329
   11392   16447   10852   16102   11892   11084   13412   17892   15718   11569
   15526   19002   15796   13014   15621   11081   11479   19481   13215   10555
   15496   11668   19492   17322   13908   16868   17086   12089   11608   18407
   19893   14074   10194   16949   11592   11672   13694   14387   12956   10011
   19579   17819   14549   12937   18875   13551   19417   11416   10690   11184
   16679   16572   19573   12211   11971   14429   13773   12186   15196   17783
   15315   12302   19826   12322   18342   13580   10050   16908   14721   18049
   14291   11316   19323   10189   13645   11651   17160   17716   13826   19701
   17365   11740   18290   12478   16029   15475   17472   17996   11045   15382
   16575   15245   17602   10078   19815   10640   11576   10563   14416   17344
   12363   10067   11943   11425   13055   12572   16916   16454   18158   17706
   15972   18316   13893   12905   11276   13202   16606   15988   12740   14991
   17045   17254   12716   11874   17575   15852   15586   19710   19974   14348
   11991   15286   17800   13355   14359   13677   17147   11873   15594   13198
   13505   18606   17895   14720   10574   17152   12530   15436   18552   11007
   13942   13177   16403   13953   13518   13512   11949   18612   19841   11255
   18155   18598   11361   17821   12591   19650   17887   17361   19473   10806
   13581   18406   19135   10161   13671   11584   12084   18513   11112   11781
   17667   10668   16640   19510   16816   16140   18923   16933   11334   10044
   15414   14615   18148   11132   17338   17302   18293   15511   12990   12169
   15482   13298   15398   17727   17447   11347   18964   19546   16605   16155
   19368   17641   14052   10366   18531   10730   11121   10489   13001   14596
   18897   15537   11171   15484   14642   13988   18189   14470   18021   11446
   13333   15384   16596   12369   16515   17325   12587   17219   12797   12317
   17300   10426   16419   10412   10116   15897   14455   16995   11998   13878
   10921   12178   11512   17183   10126   17593   12766   15408   15447   13854
   11015   13002   17014   11395   11047   10428   16406   17384   17791   18307
   12383   14557   16330   11201   14370   11279   11089   11056   14203   17498
   19111   10027   17860   18422   13669   19455   10248   16466   18420   14686
   16334   11859   19450   14684   10401   13796   17328   12168   13912   18248
   15232   12532   19833   11876   11450   18973   16719   19503   18323   17599
   12480   18857   18721   18483   10759   17424   13539   17388   17725   16054
   10887   19327   18481   17228   17613   16087   14673   19982   10079   19981
   15211   19103   18779   19782   11788   13693   14964   18252   19516   19106
   14633   17777   11573   15954   15908   16324   12655   13729   11773   17327
   12696   17568   18438   14885   17174   14140   13971   10944   14561   18170
   18516   11716   14293   19109   18653   18641   11459   18423   15331   13646
   14848   18226   12650   19509   16500   15323   19338   12361   19250   19609
   12618   10047   17543   10954   15716   17157   15397   17682   15418   18224
   19824   17044   17288   11127   15819   11013   19105   15858   13042   11043
   11186   18363   17028   10868   15253   13746   12695   10854   18096   13501
   17999   14831   17825   16317   17560   18929   14404   16895   15915   11815
   14087   15957   19006   17886   10090   10710   10651   17423   18338   18511
   18831   13515   17788   14984   11074   11198   18729   14779   15986   12225
   11687   14129   10091   19353   12639   15350   14262   13245   15722   17066
   16202   19983   16754   17660   15873   18966   15158   17016   13641   19262
   10941   17937   18510   17355   16168   19277   13718   10168   18222   12483
   15334   15649   11974   17506   14289   17890   14751   15166   11203   13943
   15841   12566   15725   18064   16649   10965   18466   12754   14180   18649
   14319   16901   12914   17163   11374   18846   14631   15805   17122   14920
   16113   17598   17982   17311   17958   20005   13990   17555   15303   16019
   12023   10544   13666   12468   15777   19960   17851   19081   10057   15583
   12801   16311   19627   14125   19138   10095   10786   16644   12718   16862
   14808   10612   12408   19202   16913   19161   12858   17637   16073   17639
   12820   15840   11437   16044   11102   14783   11816   15481   12016   14346
   13395   19595   14196   16182   19326   13884   13118   13279   11087   12346
   17861   13045   10305   14452   17865   14624   11274   17032   13840   15279
   12778   11986   19271   18713   18360   13527   15731   13651   18143   11107
   17884   14956   17091   17204   15038   14773   14102   17141   19999   10796
   17146   12738   14220   16953   18109   12719   19590   12339   18674   11940
   14117   18247   15844   13920   18756   15062   11625   15001   16344   19208
   15373   12647   12982   13250   14155   18620   13752   17041   16042   13951
   10828   10657   16425   15311   14532   19184   17376   19911   19153   16650
   10454   12923   17651   16204   13240   13702   18932   15487   18384   12776
   10495   19482   10299   11158   18153   17430   13726   10808   11598   16750
   11300   17171   10662   14545   13344   15820   13798   16567   17989   10396
   13150   15438   19485   13184   16191   10179   18349   18337   14543   15849
   14657   13598   14822   15548   17903   10582   14073   15052   14786   10213
   15832   19302   15721   18547   18119   19742   16472   18623   16070   13637
   18953   12915   16503   10166   19953   18336   19211   11223   11468   13821
   13804   15760   18843   15027   17990   18646   16480   18582   11042   19608
   12485   16748   15966   16888   12851   17226   18009   13257   17817   19089
   13293   15687   19613   17289   17683   18346   10279   17030   15607   12367
   14310   10515   16955   19215   17098   14282   15710   19615   14886   19316
   10429   18989   17214   11403   11844   16854   14205   11306   16296   19308
   14933   19227   17076   14879   13109   13475   17031   18765   18078   14739
   19012   12621   16576   19942   17563   17487   12072   19964   18899   11522
   12233   19136   19230   17085   15765   15346   14700   11596   12330   10980
   17675   17993   15516   15012   12447   18823   12734   13675   17435   18874
   17863   19185   14154   13504   15007   15026   16198   15347   13181   15570
   13365   14214   10327   14454   16772   17579   15404   12429   10637   11506
   16162   15015   15201   17946   14232   16964   14578   11351   10080   16289
   17209   14876   11159   18724   17352   18355   15194   12564   16779   18855
   10306   16535   13379   11691   18334   12499   14389   19956   10114   13406
   16292   10541   19066   19350   13214   10309   12350   12459   17823   16312
   16177   12846   15826   14425   19116   13301   17959   13474   15821   17859
   15142   15851   19028   18746   16287   11495   10317   13986   16842   18527
   19399   13309   17617   13825   19077   17928   11995   15699   19683   11181
   17015   13320   15462   17285   12056   11443   17528   17979   13347   13033
   15190   12136   10415   19806   19374   19977   10601   17333   14806   18974
   16867   13636   19872   10845   10382   18372   12070   16839   15213   13954
   18956   12674   11903   16370   11421   17646   14350   13676   14775   18151
   16259   14926   10643   12694   18471   14627   16246   14134   16118   13662
   17436   14465   12075   15759   19072   10464   13772   15339   17190   10238
   10272   15628   13089   16815   13251   14636   15178   10375   14215   13041
   11655   18458   13996   10283   19918   15066   18478   13650   12971   17718
   17024   12952   15322   15542   14119   11303   11682   17012   16524   16133
   14567   18708   10206   16632   14693   16211   12273   16201   16899   17029
   11642   17902   13987   13266   10973   14825   15627   17985   11399   19845
   16740   18332   16814   15330   14778   17810   10833   11666   18688   12929
   14855   19707   15982   10792   19188   15159   17687   11559   11825   13849
   18988   13732   13060   18040   18120   10455   13085   13362   11973   10664
   11372   18883   16963   16529   16278   10931   10900   13072   10202   14570
   18376   17663   13730   12985   17662   16570   19661   11164   12111   19348
   10616   13731   12160   12774   12406   12466   17970   16450   15225   16114
   13624   12876   19299   15149   16121   19868   13698   14498   19939   17702
   17444   17933   10581   19660   10239   14204   15738   13668   12431   18023
   11200   11907   19725   16183   14426   16855   13635   19514   15670   15423
   10588   17759   17826   17392   18977   10014   12883   18880   17744   12847
   14040   12487   14397   15776   12828   11117   19231   17692   14369   16004
   19352   17220   10611   10529   11578   19321   11732   15947   16813   18891
   14022   19621   12843   19257   18083   14480   16091   11828   18091   16428
   12494   14412   18941   16345   11298   17601   19491   15109   11984   11890
   15942   14768   17633   15272   10631   10133   11626   14800   11566   16522
   15825   17273   11547   12573   11263   11757   11289   19821   19412   19936
   12515   19256   15635   11527   13023   11362   10953   19183   12525   15076
   17246   20004   14062   12304   18188   13020   10620   17282   12158   16824
   19284   13340   19320   15679   10111   15556   17185   13481   16768   13831
   14016   19704   18339   11321   18412   15067   10578   10977   15836   16499
   16260   16806   14211   12387   19212   18162   14819   17605   15961   10494
   19095   12570   16264   13747   13296   19483   15074   15221   14200   18752
   18005   14726   18385   11014   11641   11054   18399   12022   15684   10554
   17414   12375   13025   13148   18872   12444   16154   17515   17337   16781
   17750   12518   10647   15953   11571   14314   17545   10718   18221   14870
   10214   19177   16532   12790   12141   19021   18784   19766   14995   14748
   10368   10289   17779   14794   12413   11166   11909   14004   15147   12713
   16015   16142   14433   16072   19317   13516   14814   10315   12756   13617
   12208   17565   11717   18373   19245   18203   18182   16874   14150   13117
   17231   13608   13592   10771   14144   18503   12477   11377   10259   11988
   14267   16690   19422   18250   16765   11142   15460   13079   12782   17111
   11897   12004   19009   12028   11542   18274   16746   10536   15608   12036
   11485   15571   13707   11613   14468   11057   15843   18560   13721   10310
   19930   15054   15055   19078   13981   14541   14436   15278   14334   14496
   17728   14999   12794   18994   19295   11010   18137   18273   16006   11581
   16623   13812   16401   16192   15736   11332   16226   19169   13303   16889
   15435   14619   12210   11232   10484   14747   17127   10188   15752   16512
   14655   13237   18419   15473   14076   19886   15495   12108   17740   16790
   13657   19978   14771   14539   12802   18043   12438   15131   14020   14861
   10304   11126   14542   18704   12144   15457   15236   15415   11513   10361
   19681   18319   10384   16539   13735   10749   13086   17180   17023   11034
   19259   15572   13325   18617   16374   12439   10814   19418   18652   17165
   14718   15677   17846   15521   17056   13478   19239   10282   19055   12763
   12908   10196   10059   17291   14559   11565   19112   15327   16518   18141
   17469   17503   11041   16035   14446   14497   14143   17429   17481   17904
   14860   18025   19040   14424   11490   15126   11829   19611   10748   18377
   11530   14894   10252   16432   12981   13602   16255   16633   14192   10624
   13426   14569   15018   13452   11096   18615   14072   11502   13604   19272
   10253   16873   10705   12040   16319   10088   10452   11965   17058   10733
   18138   18154   10741   14774   17658   12046   16248   13633   19164   14702
   15080   11244   11169   15827   15104   14221   18736   14014   11196   14609
   11664   18115   12464   14360   19474   17212   12220   10406   19419   13673
   19156   11703   14836   11540   13105   11572   19935   12866   10994   14974
   13111   19291   16836   14694   12834   13396   15383   11375   19376   18073
   13044   17963   17608   18011   11936   14554   16238   17151   18190   17896
   12852   15168   13847   17524   17694   14338   16843   14056   19695   17377
   16577   14182   18781   12683   10210   12899   18719   18895   13398   18839
   11806   17326   14893   14162   17310   12196   11339   11683   18421   16012
   13614   17542   12254   12045   10704   15648   19938   19268   16885   17158
   17393   18308   17464   17336   13110   17748   19862   16608   18518   13442
   16920   11146   17935   19113   11116   17315   19214   11632   11709   16437
   17889   15615   11410   17452   14904   17078   18717   10546   17323   10699
   13187   10094   13961   17136   12624   12215   19618   10358   15612   11992
   17558   11288   16164   14398   14535   12342   19813   17268   12720   15227
   18099   15212   16897   15282   14259   11783   16071   19154   15604   10659
   16626   13364   11173   17785   15671   11336   17832   13897   18667   16101
   16028   10068   14758   13593   19363   19576   18512   12410   19261   17456
   10273   13479   17812   11261   15593   13968   15399   16281   13280   14048
   19452   18176   16333   12320   14247   14519   11451   13236   19697   12371
   12385   18709   14277   18367   13046   17131   19891   17911   13183   17166
   17105   14531   10019   13922   11248   18737   12201   15157   10316   16410
   13246   19178   11786   10886   10160   15600   19986   10216   13000   12537
   12987   12592   11090   10537   16948   15205   12629   13394   16945   19970
   19198   16274   12430   11061   12733   19315   15103   19068   15990   13860
   11681   17732   11053   18679   14868   17074   12817   19914   17135   18562
   17484   10219   10405   17370   11851   16689   14854   16709   16448   11900
   17938   15885   15175   12869   19467   10035   10570   18058   18159   10175
   12428   16578   16912   18915   12029   13134   19988   12286   18886   18296
   16975   18685   11968   15652   13724   12423   10472   10746   16789   15663
   18441   14600   13264   19148   13813   17657   14189   12415   17686   17984
   19313   17670   11133   13371   17873   17296   16188   10788   18904   19128
   12891   10614   15644   18601   11428   16303   19392   14249   15251   12944
   15591   13471   13787   13969   14672   11812   18123   15300   14333   17309
   14544   11520   18637   18955   15863   12786   12838   17094   15114   10720
   17897   19046   13690   16356   19835   11267   18416   19334   14321   10302
   13838   11811   16562   14603   12700   12725   14663   13521   11187   13919
   10207   13870   13993   14027   10505   19528   17720   18930   11989   19646
   11160   19799   14046   17269   19708   10124   14471   13428   15466   15779
   16715   11353   11970   16947   18761   12977   15302   16479   19622   12050
   18804   16441   19122   16581   19869   14533   19402   11977   19980   11046
   13991   16279   19333   11136   14241   19881   17262   19130   13639   16678
   10542   18381   16943   17270   15000   15611   18152   11639   10049   18797
   14442   16295   13483   14696   12255   12403   18118   18809   17908   17764
   16120   16286   16427   14509   11558   15564   16291   12885   12190   13879
   13120   10907   13765   19909   12628   14324   12179   10818   14156   14079
   14136   18596   10966   12722   12414   16126   13915   10862   10843   14866
   17914   10627   10325   13960   17731   15357   13873   15387   12975   15065
   12551   11236   15903   10683   18240   15837   15547   15575   12957   12398
   18198   19155   17128   10448   17187   13274   16218   12897   12911   16199
   12324   11680   13372   13324   19642   12942   12031   14106   15467   10562
   18537   11857   14869   19129   10169   13738   11568   18663   11001   13319
   16179   10780   14011   16907   15786   16990   10493   16368   11750   13477
   16891   12554   17868   19335   16609   16844   19846   11405   16699   13456
   10474   17554   17042   12777   12343   14850   19706   12418   11733   14273
   10033   14749   11449   12386   12352   18971   12682   14028   12451   10086
   16442   16798   19104   11190   14630   12218   15929   11293   12979   19007
   11996   19003   12391   10782   14629   11115   16092   15580   16849   16890
   13940   12291   13579   19163   13242   18863   16184   19306   16723   18027
   16782   18127   15701   18750   17330   10311   15933   15275   16863   10264
   17827   11624   13276   16785   11243   16209   12555   15617   18204   10838
   18197   11557   10996   17248   10152   18409   17656   17263   19612   19036
   16048   15948   19235   18150   12351   11241   16020   17587   17070   11463
   15250   17116   12185   18824   16145   14714   12331   17874   14041   15433
   17664   18080   11833   13556   15388   13180   14320   19709   10916   14242
   18745   13108   13824   18467   20003   12497   18998   14190   10178   15070
   14118   12703   12980   14115   18935   13119   13335   14752   18731   16309
   12994   17100   19219   10423   18706   14212   14620   10923   19831   10633
   11509   11728   15502   19765   16321   14055   19513   11761   12249   19397
   11888   16544   15288   13288   16285   13713   12932   12840   14962   18877
   14875   10380   15403   13929   13498   17213   14666   12194   18485   16959
   13053   16965   13759   15197   13649   11600   13289   17624   15289   10235
   10665   16681   10026   17345   14414   15223   16433   12526   12213   16288
   10436   16811   14234   10510   13156   18522   11487   16711   16652   10100
   18944   15794   10970   12824   14719   15153   17250   10725   11489   19571
   12773   14461   13447   14030   11325   16720   17422   16488   12995   17862
   10082   19294   13448   17005   18187   15392   10667   16569   19319   11562
   10195   12632   12833   14181   19888   13402   12769   10243   11538   14923
   19770   18861   17508   14207   13537   18380   15128   12989   10785   11814
   19774   16453   10519   14610   19667   19141   17638   10731   13216   15020
   17192   16470   19851   18502   16911   18164   17792   10201   19751   13160
   16922   17199   17473   18098   10190   15528   11594   19789   19769   10724
   12984   15733   12552   16365   16243   14863   15584   19788   18050   10278
   19194   10709   10632   18878   12319   12983   14849   12116   18901   18501
   14198   19764   14796   17449   15057   10836   14650   16684   13254   18543
   11653   10511   18286   18459   10674   10561   18942   16492   11963   10698
   15620   19902   12806   12803   13185   11385   12051   15257   17661   11420
   10499   17922   18852   19168   16057   16683   17126   11826   17912   16555
   19364   13695   17317   11662   12390   13566   19415   13314   11593   17509
   17913   19041   17119   13764   11789   17647   12969   17653   18644   16030
   15887   16061   12524   14947   18734   17847   12344   13980   17932   19497
   12436   15381   17063   15267   17351   16882   12071   19582   16161   19696
   14347   16820   18321   10434   11415   13271   15079   15191   10663   19802
   17634   19416   14918   18236   19736   18253   13222   15525   19562   15554
   19523   10772   11872   18177   15705   17774   13074   19916   15535   11899
   19054   16135   12081   16983   13807   14585   13890   18234   14994   19404
   10416   18965   13534   15816   12013   11080   15659   15993   10323   13562
   13514   16568   12289   19172   18131   10326   13031   17083   15984   14884
   16685   19752   16692   15416   14491   18521   13176   13318   13446   10425
   10781   19411   13506   18208   15176   19206   16586   11382   10408   16700
   12238   15998   19526   15503   18558   14166   11688   16195   15298   19783
   19144   19494   11141   13269   12562   12272   19265   17053   17920   10991
   11731   10446   14873   14834   14301   17699   13409   14288   12619   13342
   19437   11406   15599   12860   12048   10835   17114   14511   14376   10096
   19345   14160   11323   19056   14852   15137   20000   12816   16716   13709
   19512   17418   14765   16046   12164   12711   18302   12783   11920   19232
   13559   15955   15818   19061   12068   16468   19686   10242   12475   12506
   14413   18928   16927   15145   14167   14566   15630   12903   10565   15845
   18628   16658   19486   13582   17786   13766   11103   16865   13068   14329
   19879   17790   19926   12055   15160   14107   12813   19721   10104   12465
   14743   12074   13874   18796   12652   10256   10988   12357   16547   15266
   15083   16741   17290   16149   11618   19814   11609   12395   17517   10030
   12246   11335   17454   16629   18910   10556   11895   17194   15051   16896
   19336   11774   12865   18640   19094   12796   12925   18801   18446   16408
   12389   19908   16743   14059   19361   11736   16838   15626   12267   19620
   11145   18440   10763   16486   13896   13421   17397   10607   19251   17046
   10856   17769   12321   14229   10470   11514   12853   12292   18364   13794
   10801   13235   18327   14188   16770   18494   10330   11915   10480   13583
   12862   10333   14508   19110   13366   14124   17986   18097   16553   18788
   10896   16384   18812   12762   17182   17474   13425   19453   10254   19870
   18300   15968   16744   19542   10839   18759   12712   13945   12808   16519
   11775   14317   17679   18536   14227   19222   16025   10413   10539   16185
   19592   18333   15958   19394   18089   12219   10387   12058   11253   17425
   15394   15098   18281   10215   18616   11536   11924   12446   19406   12224
   16810   11417   16787   14573   19173   10735   14928   18157   18795   16086
   10400   15667   11122   11113   15666   11553   14958   16778   15814   16089
   19391   17535   12421   13418   19469   14614   13524   18209   15061   11250
   11601   18830   12170   15499   12832   17855   17274   12312   15517   12264
   11785   12338   12049   14914   10522   12107   12785   13101   11830   11235
   16079   11818   15119   10880   17502   16464   10732   12571   18539   15304
   13913   18431   10656   12053   14092   10865   15798   17363   11477   16557
   18345   11932   13924   18156   16240   14131   16100   16266   13861   13642
   18727   10318   15470   14791   16022   12875   14130   15527   13543   16340
   16203   13411   13553   17854   11953   14741   10929   14558   10113   11599
   14788   15557   10106   10882   13560   10721   12768   19150   13175   18015
   13546   10098   17236   17222   16435   15831   10042   10920   11016   17434
   19171   13958   14877   17541   14308   19865   16223   17943   14300   13768
   10809   12237   10829   14250   16169   18553   11954   18635   15996   17050
   13612   12855   11758   16610   17378   14792   18093   15270   18678   14091
   11767   12737   17735   18329   19566   19407   17808   19189   12365   17349
   12148   12731   18716   14896   13038   16701   16852   14420   19203   16859
   12706   15520   18575   12409   12922   17872   16227   18771   17035   19626
   12736   16137   17918   16935   11211   18599   16351   12422   15724   15613
   13491   12531   13797   12669   17383   11759   16749   14960   16080   15530
   12355   15032   12759   13420   13081   10817   18398   13564   19858   13716
   11376   10717   10689   10231   13700   13228   17577   14553   19586   19572
   11311   17580   15100   18216   17838   13903   13205   17538   13262   10181
   13005   15579   17159   17379   11796   14760   14238   14230   10399   16786
   16821   11917   16376   17971   18524   16385   14080   18913   18046   13227
   10092   12228   12593   17193   15685   18022   12195   10639   17674   17102
   16869   16469   15697   17216   10427   15715   16697   14503   10463   13007
   19639   13670   15368   13888   13172   12027   13321   12041   14527   13058
   16696   17921   17820   13815   19125   18969   10269   11309   17471   18135
   11801   16280   14054   17513   17746   16540   16491   15047   13760   17668
   14159   15867   14197   16426   11928   12115   19985   12090   19274   14058
   13744   18262   12935   19530   15405   13626   10122   10105   15766   12018
   11418   12496   14099   14807   15518   14734   16759   10487   15781   11131
   18898   20009   17072   16985   12187   18554   12895   17033   15186   14762
   14537   14053   18975   12821   15728   11063   15280   14929   16236   13904
   19844   10038   17525   13112   19947   11623   10435   19298   16306   15761
   15268   10915   10507   11930   17210   15193   15719   12043   18693   15356
   14146   15943   13287   15883   13136   17852   10978   14355   18549   14352
   13102   15512   10853   14973   14626   17060   13784   13201   13083   15156
   19354   11735   12132   15476   15228   14781   19151   16237   18114   18638
   19932   11313   17137   15269   17900   15673   15789   14295   11151   18744
   16552   14728   17459   19809   11803   13069   10263   16369   14560   13974
   12726   16273   14438   14361   19795   15385   15747   19016   16271   16884
   13153   11204   17040   19967   10596   12598   14462   14373   14883   14925
   17494   12638   15780   19722   15674   12067   15842   15924   15421   18100
   12275   19312   15021   14548   15440   13525   15811   18545   11060   15602
   16206   11966   17925   10173   11401   13030   10777   17659   11648   12836
   12309   16828   14486   18577   13712   11091   15559   11673   14341   11737
   12829   16014   18540   10708   16326   11589   11981   12732   13523   10249
   19671   19965   17729   13982   15937   10356   19596   18044   19818   11165
   10610   19525   11727   17757   17441   18294   18639   19158   19629   17129
   17998   19689   16958   16016   17956   14582   10810   12348   13865   10997
   14969   16645   14644   17505   10891   14698   15494   11534   19471   18258
   14063   19945   18297   19913   18230   13975   11484   13114   10649   14285
   11188   14502   19614   15848   16635   12751   13889   12137   19723   11622
   17298   17390   16724   19775   12152   12653   19863   19761   18450   11297
   19793   17080   15632   12879   12958   19991   11017   11842   14457   15309
   16688   12807   13627   18369   10360   12805   10802   19889   15471   12607
   13022   12467   13540   18295   18754   15102   11467   10261   17367   15498
   12015   19910   11457   13756   15318   10963   12689   10594   19224   10336
   11018   11640   16708   13631   11286   14275   17793   10707   15817   11605
   17049   18851   14248   18018   10939   16823   14711   12577   17952   18392
   12502   18757   14151   18126   11667   11747   19278   18368   15474   15214
   18465   17168   10054   10534   12835   18529   12959   15360   16449   10989
   16138   18289   10819   14916   16691   14588   18002   15183   16064   19024
   18455   15152   10719   18056   19732   17480   10203   19739   16929   16898
   12334   10185   11764   17417   14121   10913   11331   14012   18658   19780
   11475   13397   16797   12831   11649   17340   13192   18902   10197   18983
   17466   13304   19496   17532   15912   18782   10226   13019   18676   15068
   12856   13210   13350   16717   12044   13917   12123   14017   16502   17297
   17626   11501   13989   14687   18934   11291   14356   17511   17954   15865
   18970   14086   15185   14983   17516   11631   15936   19655   15971   18561
   11894   10150   19745   17620   15319   16655   16972   10995   13291   17438
   17693   12402   10409   13886   19663   19839   17196   14253   13435   17415
   10526   10822   12648   16981   18530   13775   11852   17253   19694   12260
   10613   13779   12340   10277   14403   15735   12533   19557   16732   19892
   14833   11465   18081   11109   11846   14998   19067   16272   10604   12142
   15601   17776   13142   12536   11049   15989   12282   13054   10331   13392
   17082   13223   17799   15566   16141   15072   16879   13295   19973   12579
   14309   17266   11283   18768   16682   14575   17818   15727   11340   10525
   14780   12243   14172   18326   19968   10158   10909   16378   13892   14887
   16666   17426   11824   18229   10942   19675   12257   12001   11003   12488
   18613   13780   17929   16187   16931   15198   12646   18780   13339   10776
   19919   16528   17616   18589   16894   10897   18482   11413   15483   17292
   10790   17975   11776   15546   16106   18927   15264   16267   14302   12076
   18231   11307   13654   16361   16024   19388   10300   14931   11585   11391
   14652   11496   10342   17924   16695   13618   15377   15169   14269   14493
   15755   11229   11685   18003   15891   17239   18239   12810   12174   18092
   14195   18569   13322   15379   15551   16599   15458   14665   11238   16082
   14824   12377   12060   11878   11424   11052   10123   14078   17707   16458
   18102   11407   14133   16357   10176   10531   14488   10702   12183   15011
   16293   19762   19060   17648   13711   12261   12288   13906   11062   13997
   10933   10490   11354   15744   16769   16509   18647   12404   18630   17109
   12743   16147   14335   14516   11070   10872   10363   16440   16040   11906
   10971   12253   14901   11328   19728   12461   19747   18219   15643   13278
   18492   13763   13574   14907   11805   14622   19375   11290   19120   16876
   11207   10438   18408   14954   13902   15182   13640   10184   15341   19711
   12509   15700   10654   10393   10062   13077   12918   18778   18532   17057
   18924   10407   19199   18352   11526   15420   15187   18829   10850   16627
   10794   19461   13162   14705   10144   18328   17969   15258   17387   16413
   18358   17581   12251   19307   18351   13281   12996   13213   14939   13091
   20002   12699   17612   19096   18383   15550   11931   13925   18212   14396
   16877   13141   12642   19107   15962   18168   14523   14258   14638   10693
   19569   10700   15567   13682   15568   18403   11889   15324   11320   18287
   18132   14547   15734   12953   12665   11423   14797   15772   16915   17293
   16475   16580   13465   19855   18260   15333   10119   13557   13330   14421
   19037   17927   16039   17437   12818   13489   12394   16001   12850   15276
   18298   15378   19948   17550   19714   16158   16103   10509   13630   11948
   15294   18803   19584   14070   16108   14592   10877   17272   10508   18755
   11078   16463   14276   12568   10108   11575   13422   11871   13093   13605
   10866   13548   14691   18270   14712   18084   11782   10740   18743   15030
   11533   13432   17645   12280   16763   16881   10568   17739   12676   14662
   14236   17600   14708   19958   16668   11138   13437   18344   19356   13508
   11083   14709   11356   11644   13856   13907   17491   12184   14145   16808
   10902   17320   13957   11629   12940   19383   16977   15829   16941   17178
   14922   12236   10947   15994   16050   14132   11823   14097   10682   14732
   14126   16059   18475   10715   15660   13660   18382   13844   10458   17283
   19636   10641   16049   12926   15838   18268   18967   17398   19954   15325
   15793   17132   11004   16163   15312   18525   16600   18946   14402   12902
   15002   14932   19838   15036   13577   10055   13190   11369   19131   16067
   12205   14829   12544   11152   15658   13656   13665   16208   13404   12047
   10691   18095   16903   18470   12747   12569   12622   17857   14842   17172
   19933   18457   17705   16714   14256   12114   12392   19051   16853   10573
   18211   10460   19386   17195   12906   19449   17736   12227   11174   13131
   19883   11180   16170   12265   10324   11711   18587   19682   16579   17816
   15934   10881   18962   11962   19045   11352   12701   15342   10350   15453
   19955   10766   12611   16597   19984   15486   11865   10230   17144   10066
   16355   17107   13619   11108   14371   12091   10287   13378   13385   11000
   19301   17428   14231   19005   14005   19989   12426   15588   11079   11795
   18282   15085   16525   17112   12019   13967   10870   11067   10559   16541
   19114   17017   12094   14612   12400   16130   16125   19435   11322   13493
   13401   12492   14098   18526   18030   17609   19297   19340   10919   16197
   11561   13241   10354   19842   13858   14736   17470   14593   16230   18672
   11038   16220   14223   14372   18675   11941   17899   19943   19228   18958
   17130   16530   10532   11066   11438   15044   16506   13368   11645   16595
   15636   17200   11478   13872   14651   19266   17319   15709   13692   18195
   19226   12189   10118   11139   17301   19648   18480   18324   10473   19735
   14905   15803   11481   14490   11082   16160   15770   16066   10417   19182
   15901   19637   17527   19267   13839   10678   15804   13793   17678   18636
   14032   19796   15767   14094   14993   19152   17118   13956   14228   11296
   16727   12872   17665   15335   12281   12681   16747   13725   16460   19730
   13358   11247   11123   10685   10968   11793   11100   16136   10671   11699
   11317   19995   16870   10420   11838   15371   12268   18184   10227   12610
   19082   15952   18862   16129   16116   15285   17762   18072   17631   12730
   10345   10787   17597   10888   10025   13248   10590   17950   10603   13914
   16017   16642   12765   19476   15242   19309   11546   19539   18811   13052
   16104   17065   18555   14966   16561   16952   18017   10948   14678   19305
   17885   14003   16921   10479   10298   16564   10911   10764   19583   10859
   13323   16534   19359   19724   19533   15983   19249   19093   19331   18448
   14944   15069   15501   10218   16231   12207   12366   17871   16032   12316
   10414   10576   14173   11725   16389   18625   14323   19949   12078   17585
   11412   14077   14897   15668   11292   12516   19322   17948   19798   13885
   13473   10864   11414   13186   10969   14002   11654   18813   18261   12928
   18041   14358   15906   17133   16531   17347   19805   18201   10107   13469
   18604   13116   13680   13209   18614   15116   11722   13621   10403   14222
   16459   19475   13463   13590   17027   18821   19785   19589   19632   10831
   15181   17096   17627   18968   12424   13130   11249   16111   11713   12888
   10334   11579   11367   18299   14522   10577   11419   16172   17124   17245
   14068   19607   16439   15219   18174   14813   10301   12002   19787   19429
   13466   10983   16058   17465   19283   10053   19875   12787   16773   16139
   15651   16850   17547   12698   19664   13522   11260   12103   12752   15352
   11304   13866   19463   10841   16671   10593   17497   19834   12659   11532
   17381   12680   10170   11262   19535   17594   14382   11040   18291   13087
   12180   19594   11945   16483   13748   15898   14761   11280   11964   17371
   15108   14985   18331   14730   10769   16604   18451   11628   16967   19961
   14957   15847   18133   13021   17433   19062   17445   14085   10950   14641
   11344   19777   17711   16669   17770   15624   12988   18075   17197   18666
   19436   11221   17306   15754   17734   17138   17837   19347   13962   11866
   13782   13253   15395   18038   19758   18045   14354   15358   14654   15822
   14811   15170   12839   15297   17866   12456   10023   12556   15790   14583
   15884   14213   17188   18692   10630   12495   12775   13611   18086   19342
   16796   14898   16062   18397   11285   11831   18037   12054   13963   15888
   11167   15359   14176   13722   15299   19887   17574   15287   10775   19896
   16812   12795   10332   17235   18909   11658   17237   11590   10912   13062
   11710   12065   12825   19520   14199   19784   12010   11693   14394   11524
   18317   14021   16415   13090   16189   15151   11072   14071   10148   18816
   14888   16560   14434   17067   14316   18079   19252   19043   10979   11560
   16193   13992   19255   17567   15366   17278   15019   17175   15488   13864
   17139   12073   15616   16857   17039   13923   15979   18449   16077   15099
   18194   15125   10348   12949   13128   16825   13468   12514   18082   18375
   10867   15987   15284   11110   11226   11997   12005   13015   18400   15792
   16634   11380   13876   18887   11430   13436   15923   16474   18760   18442
   16307   14528   16465   12384   10904   17824   18591   17401   14315   18343
   16643   10369   16944   18926   15208   13510   11021   12545   14023   17489
   15746   10351   18434   19946   17849   18976   10228   15807   14817   14411
   13199   11435   16127   19258   18564   12641   11715   17944   14081   12541
   15799   13124   16817   16462   18764   12203   13734   16513   19587   13998
   18748   12110   12679   10500   15025   17947   15050   16445   11135   12035
   18800   10837   19499   12315   19895   14186   13638   14007   16622   10695
   11850   10599   14206   16970   11914   18146   15905   16757   12333   14492
   12793   18496   13197   17512   11935   19898   18993   17830   15992   10244
   15326   12135   13096   14738   16847   14406   15241   18939   19165   14251
   19086   18762   13770   11843   19630   14880   10962   18619   12300   14590
   11676   17589   11950   16657   12469   12753   10314   16755   18472   10538
   17934   13450   16346   16565   13710   10186   16646   11698   19944   14618
   12030   17440   14047   16783   17448   19538   15246   14029   14986   17994
   11177   14616   19460   10012   15569   13363   17882   19213   17787   17717
   19098   12239   10552   16900   12445   16946   18696   17898   15763   13899
   19786   15753   16034   12631   14381   12088   12458   12473   19760   12193
   15850   10183   13727   10418   10898   11456   14895   13531   19631   14286
   18960   13221   17500   13547   14589   13078   11902   19303   12603   19339
   13601   14175   10523   12815   19369   15956   17681   15977   11213   11035
   10857   19079   17804   12396   10598   10483   11898   10666   11005   11975
   11318   10713   17108   16940   17051   11483   11958   14759   10703   19860
   14996   13249   11273   18433   11278   17966   14990   13745   16793   19134
   10433   14757   12809   19952   10860   17339   14337   11310   14101   11431
   15023   15134   16791   15454   10791   15678   16712   13139   18963   14100
   12419   13739   18662   15209   12910   17803   10757   13035   14938   19617
   13129   18312   16388   12955   15431   12310   17997   17478   16097   12534
   13051   11327   10476   15859   19740   13238   12666   13728   11976   13346
   11772   15999   11161   15477   12181   18702   10504   14044   16027   10975
   15094   12936   11324   16422   12202   18039   16018   14586   13047   12486
   13685   14988   18723   12931   18371   10045   15505   11388   11378   18563
   18473   13307   14927   12560   16379   12270   15386   19126   10099   16631
   13742   18193   13959   10846   17181   15017   17530   10344   13658   17104
   13115   18850   12550   10840   17916   17427   14255   15985   15857   17557
   15075   18822   17715   12511   11432   10938   10798   10089   15328   11150
   11125   12427   13834   10308   13311   11753   18116   18396   10680   17087
   16257   16225   11660   11447   19176   16693   10512   10516   19033   16673
   15809   19890   18592   16214   16338   13029   16150   13272   10321   11755
   16686   17251   18227   18404   15742   11069   11343   11870   15645   10960
   14083   12095   19553   10550   15028   18847   16752   18836   16997   11541
   10449   13827   13212   10101   11656   18602   16677   16364   11363   19423
   16676   18006   13703   19379   14977   16052   17243   12151   18498   14392
   11272   17755   10945   19242   19264   19750   11724   19657   14252   10803
   18763   14067   18917   15045   10684   18238   11402   15374   10397   12565
   14735   11521   12715   10456   14913   13073   11454   19767   15226   16818
   15491   10676   13438   15444   15343   17676   15136   15717   13252   12741
   16563   14520   11051   10103   14183   13107   10139   10373   15662   17271
   14580   12085   10093   12212   19904   18160   10128   14474   12372   15574
   10234   15406   14835   14427   18633   18266   14536   10138   18479   16663
   18600   19034   18550   12345   19014   15664   16112   18067   19817   19408
   19808   15869   10294   20001   10389   14263   18401   14805   10286   18807
   19659   14257   11858   13533   13012   17945   13095   14084   13701   13359
   10224   13009   19654   15720   10084   12867   14649   19894   16497   11277
   13743   16875   15614   18389   13697   12854   13315   13132   19606   10807
   19591   12198   16033   15981   17926   13006   17043   11185   19603   15355
   13405   11111   14284   16537   11440   14224   15695   18701   18196   15886
   14475   12921   13818   19025   12968   12474   19673   17940   19543   12157
   11840   15640   10036   16314   12079   17836   15507   14526   12242   13220
   13848   10378   19293   19451   10750   11602   12143   18912   14479   16504
   10241   14579   13575   11026   14244   13809   13863   15834   17622   14795
   12965   10064   17259   14217   18753   14110   15154   13386   14970   13699
   13338   16352   15605   18528   14148   15092   13243   18695   18048   19555
   13720   10706   18032   10609   12259   13312   18486   11729   18893   16414
   10211   19857   14307   10874   12266   14979   17353   19640   11434   15712
   15656   19328   17584   12098   10982   17113   13373   15839   18347   10957
   19011   16051   15180   17864   12463   11240   15773   12017   18732   17888
   16088   16229   14639   13039   16194   16667   10392   10793   14515   19282
   19597   11612   15110   13433   10221   10652   18122   11790   11779   13486
   16837   13204   18165   15172   13032   15053   19442   17362   11587   10374
   18180   17714   12880   17148   15707   17038   11627   12538   16998   12359
   10388   15855   18085   19290   10021   15506   13284   12092   14562   18134
   13327   19551   18980   12798   12597   10468   15096   10275   11999   17075
   16493   12301   15203   14423   19931   19600   12453   18938   14383   14061
   17120   13944   13678   15619   13664   18386   10013   17095   16031   10312
   18051   16482   13935   12861   10488   13587   17974   13955   16002   15088
   16418   11959   17052   14388   10736   19344   17493   13453   16200   14685
   12206   17604   15545   11780   11615   16925   13926   12009   13841   10547
   18112   19625   18773   19644   15878   10655   12460   12335   13932   11219
   13263   10058   19729   15750   11529   19979   17244   14385   14555   11694
   11868   15791   12472   12314   19649   14750   11633   11938   10658   12214
   18374   19676   15367   13529   14930   11993   15173   11120   12900   17375
   14035   17949   15797   12636   10303   15293   15240   16510   11076   17640
   10558   15787   11705   18769   19924   16074   14103   17840   16467   11071
   16962   16745   19087   12728   18534   16485   10625   12156   11563   19175
   11258   19800   16318   19763   14450   17690   10797   14279   17942   14660
   17121   10621   19260   15010   10937   16294   17798   11982   18889   18057
   11209   19124   16329   19254   14772   18477   12993   17400   15910   17621
   10605   14313   15063   17768   17495   14608   15686   19743   13494   19443
   13488   10236   15263   18957   15120   16871   16726   12327   10383   19389
   19127   12484   12697   14674   14469   11657   12973   13400   13334   16382
   19628   11752   18742   11365   19519   12118   19400   16664   17635   19362
   18665   19146   13063   18992   10567   14656   12707   10756   19010   18428
   19145   15631   18024   19495   12231   11646   13329   19057   19281   13875
   18061   13778   14799   13898   10208   13194   19162   15703   17749   14010
   18026   19922   13970   14571   19287   12950   14716   11537   18074   13921
   14049   12617   10346   11765   11671   11714   19537   13357   17988   17099
   17856   18062   18090   11494   16239   11554   17504   16603   12197   14504
   13492   17967   15490   18866   18931   13232   13994   10482   10722   12946
   12349   10134   10789   12229   15965   19552   16909   12000   10419   19424
   15409   11861   15922   11916   17767   16774   10999   14785   12924   19928
   17673   11225   16993   15024   13003   19899   18933   15442   18689   17590
   10028   11969   19132   10222   18945   17025   16619   11883   11381   11882
   16261   14178   16702   12217   19490   17848   18063   19049   11156   13607
   14051   13786   14270   11925   13741   11771   13427   18869   14006   12450
   16095   12771   11879   13918   12693   16053   10481   16698   17360   15148
   16109   12155   16224   19159   10958   14845   12153   14830   11952   18593
   18856   18283   10636   14202   12586   14733   13979   11730   18394   11210
   19030   17965   16009   13909   15390   11860   10229   16233   12963   19827
   15393   14418   10622   16455   11778   16473   11990   11368   16536   11706
   13255   17901   14448   10390   14587   17814   19432   10813   13586   15004
   18567   12582   16574   11726   12263   17476   13916   14043   15204   14648
   15732   15762   11039   10679   10728   16934   14089   15991   17583   18682
   17724   13071   16872   16166   16399   18818   12138   10159   14386   18808
   18310   10276   17697   11610   12547   15585   12749   10513   12353   14331
   14419   11433   18445   18911   10774   11387   18491   12522   13388   13950
   11099   10716   19601   17324   12234   15060   14529   16010   19073   16235
   19493   10386   19527   19679   18388   15274   13836   12221   12150   15305
   16242   14669   16648   16659   11817   15301   12604   12602   14766   19987
   11518   15064   15810   14045   13613   17167   19147   18228   14753   18429
   17421   13011   10895   19776   13952   15428   10070   16792   19286   16190
   16527   15931   13948   10430   14723   16045   11904   12121   14432   14187
   14635   17215   16157   16143   11453   14828   10110   12939   15871   12248
   17258   18218   15815   15711   13299   14512   14594   19720   10553   15895
   11792   17591   11098   18140   11525   18410   18799   19515   15524   19410
   14374   17358   14821   18726   18206   12966   13383   18657   11634   18609
   10043   11197   16703   18311   11528   15277   16807   19401   14290   16858
   18943   11820   14699   18304   10073   10571   19029   16210   13449   12278
   19063   14069   14163   14729   13754   14422   11348   19633   14671   13094
   19564   19071   11802   12549   14976   19560   15345   18987   16003   12874
   12714   17462   11663   18632   18890   10444   19205   10120   10453   15862
   16904   18272   19462   17170   14598   12684   14601   10198   14676   19574
   19396   12881   12671   11863   19558   16386   16377   10527   18815   13532
   12192   15946   15113   15959   11008   12792   13845   17839   10502   18065
   15730   18622   11556   16094   17894   12527   13407   17026   19643   11390
   16380   10163   10377   16738   18541   19680   18318   16835   15561   19534
   14165   10812   17623   13065   13097   19975   16008   14265   10445   19289
   10191   19779   15143   12356   19269   17529   15801   19108   16452   19610
   18681   18489   11891   19236   17771   17507   16592   16128   10258   15978
   17828   19565   16718   15192   12105   16373   19381   12416   15610   18476
   15927   14837   18271   16803   16275   12489   16906   18654   13374   14917
   10077   19174   18671   15261   12999   13808   10861   14737   15445   14026
   18340   10450   11696   15456   19403   14965   12616   11690   13417   16026
   15022   12165   12590   14538   11025   11024   13490   13936   15949   12934
   10820   13801   17277   13351   16548   10322   10174   12578   12175   19263
   10711   16322   11543   10081   14365   13681   10204   14659   15163   17483
   11050   10608   13549   11458   17642   19593   16270   11763   10379   17150
   13851   17909   11466   15101   15446   14367   14428   19536   17177   18854
   14485   10821   16407   18469   13585   19715   19488   14607   12177   10747
   18853   16096   14942   12336   16250   11582   16360   15680   10370   15056
   13353   14715   18163   12823   18414   14643   17286   15657   16969   12504
   18059   18147   19521   17841   18995   14955   13542   12864   17399   16893
   15514   19884   12951   17539   19191   16245   16337   10285   17552   19599
   18775   15682   19748   12558   12561   10352   12594   19716   13440   12789
   11611   10597   17256   16736   10074   19934   13260   17153   18952   18514
   17883   15167   12381   19314   16343   15835   15424   10260   12102   12972
   11498   17395   17923   11742   16339   12308   16764   19545   14357   15623
   18894   15595   11476   17842   11312   13530   13964   12588   11350   13761
   11545   19484   15625   19812   14379   19567   18951   17962   11867   12871
   14840   10681   10367   15877   10729   11101   11934   16417   17335   12226
   16566   14946   19990   13207   10109   14435   13817   14336   10992   14832
   13513   14568   15756   14725   17758   18656   12167   10535   16653   14731
   14353   12311   19580   10135   11044   16256   13444   11284   11836   15764
   12039   11218   10815   19076   15853   11819   19241   12159   12523   17781
   11614   18786   12520   15332   19420   12382   14233   12080   18060   18925
   17606   14878   10595   18758   18914   17077   10773   19811   16558   11299
   14517   10268   16328   11384   16023   12887   11231   14342   18937   13168
   18618   15199   19092   12449   18948   16611   16674   17013   10727   10411
   10364   19371   11901   11426   16234   18825   18680   11220   14919   17267
   16107   15846   11486   11162   12252   13211   19548   11227   12064   13434
   10338   10566   19444   11875   13584   14243   10946   14128   14184   18012
   13589   13283   11259   16845   13286   10432   13857   12884   16282   14408
   17468   19318   19489   12567   18999   16387   10164   18733   10755   18275
   13441   16411   10518   11684   12913   11119   18837   10742   14697   12130
   19179   11305   18277   12216   16301   12576   13634   12101   14798   14368
   11743   10661   14096   10591   12757   10967   12890   18313   12870   19864
   16832   19311   10737   12434   10290   14036   14707   11030   11195   16156
   18244   18787   10041   13297   18794   14992   16584   11908   19685   14820
   11864   12006   11178   19382   17385   15675   10371   15095   15129   13972
   11586   19737   11695   15003   11827   12930   14499   13769   17549   13567
   11389   15059   18232   14769   19950   17284   11154   13100   13894   15009
   12294   11148   17143   14351   12548   10521   14981   17853   17893   17145
   13667   17701   15603   15830   16822   17877   13423   14120   14050   16265
   14209   16217   18896   17164   17951   13159   12290   12328   18235   11635
   18031   19447   18425   17201   19726   16926   13947   12471   19602   10127
   16937   15035   14574   16315   13550   16178   14968   12374   19090   12025
   11885   19349   11295   15665   18565   14767   18918   13819   18871   14943
   17805   11202   16176   16409   15539   13169   17879   11643   15189   12240
   12788   18922   12296   11345   15866   16737   17571   17669   16037   15560
   19427   19816   19852   19684   17010   15259   19405   12379   14776   18107
   11212   12677   12933   12912   15563   17907   18418   17876   12498   19102
   10056   18740   19502   10274   12563   15739   15361   16520   19459   17346
   15917   12332   15429   18225   19358   10498   10296   13231   16986   19652
   16705   17186   13075   11097   14177   15417   18487   18028   18256   14581
   13233   13140   13390   17905   16551   18426   11919   18907   19505   16320
   10171   15543   17357   11474   14153   17704   13569   12710   13576   15039
   16957   15714   13268   12962   16672   12297   15634   14857   18984   15407
   14951   19772   18276   17572   18776   10462   12800   16805   15681   19819
   15784   14978   11222   12131   13457   15430   16788   13828   13040   18305
   17034   16801   12112   17047   10910   11215   10824   16446   12125   16775
   13328   19017   10903   14858   14812   16335   19605   12325   12358   12014
   17416   14856   17161   17526   18519   14882   14025   11791   18906   14746
   12688   15864   15544   12519   11647   16756   17751   17230   11650   15788
   19843   11254   11910   16253   18556   19466   13174   14953   12599   17628
   19662   19757   18860   19917   18626   15188   18885   10193   13777   17666
   14235   10754   12625   19248   19080   12724   12512   17561   19957   13600
   15876   11252   18842   10016   14137   13050   18844   18254   13616   15590
   13476   13881   17710   13414   12779   15106   17458   18200   19734   17354
   13708   16431   19524   17713   10140   18257   14138   16550   13686   16545
   10365   11837   16590   11179   18720   15824   15896   17455   14116   19330
   14793   14139   15964   10151   18559   15469   17533   10934   14770   10823
   19653   13558   14507   16982   13145   11504   15400   11927   18777   15320
   13317   12307   19830   14456   11373   12760   15925   15338   19218   14827
   11492   15629   14934   19373   11807   16974   15768   10834   14755   18668
   19850   19300   13026   13261   12601   15437   15480   15653   18673   14482
   19699   19517   17332   15138   10751   11234   13305   16348   14364   13143
   14576   15650   10250   18814   16284   15365   14937   19325   10619   13027
   19170   11341   17684   11893   16554   18468   18739   19688   12062   11460
   10585   13467   11766   17797   11224   19166   13408   17534   13939   11192
   18149   19712   15900   16641   11032   15529   11028   16056   16883   12481
   19209   13121   11386   18888   17981   11720   17968   12600   19288   15694
   19117   10600   14789   10955   10491   18660   14680   17460   14941   14449
   19351   15410   16762   10503   17588   13178   17811   16216   10688   12087
   15426   19100   13470   10575   12583   14802   17461   11723   17976   16402
   19367   17312   11799   19972   12947   16391   16332   14343   17610   19346
   19797   12479   17822   16533   12837   18610   14692   15216   12003   16175
   16713   10804   15655   10353   14104   16984   11822   15150   14169   12633
   13835   16478   19210   17520   14550   19498   12645   12612   11933   17761
   10031   10177   14304   16829   11493   15918   12704   19414   14853   15046
   19468   19828   15013   17930   13056   18128   15598   12106   16612   11400
   14763   13048   16582   16180   12672   13024   14501   11979   17276   14440
   12127   11330   13163   13949   12605   15774   18710   15115   18827   17582
   13256   17845   19837   16620   12033   12368   19465   10739   14551   12882
   14717   14064   13387   12140   18905   19069   18359   10926   16918   15802
   18579   19225   15637   18766   13910   18215   15058   11480   10402   14689
   15336   17229   10209   15090   18320   10020   13802   13179   11619   10778
   19969   14033   19554   10029   14777   15043   18142   15265   12917   18101
   12878   19849   12109   10156   19923   19075   11787   10943   19848   12859
   18016   16011   15523   13596   10557   19253   10153   18694   17356   19296
   12104   15376   16205   12283   17521   11591   17299   10037   18959   19192
   17475   12635   10899   10986   14613   12305   18309   13294   17366   11183
   16613   11319   14349   14809   12595   18584   16167   12830   17348   10501
   14093   11371   12580   19115   18267   11845   18019   18876   11360   19448
   10956   11370   16041   18535   18921   14467   14127   10758   19832   13370
   14810   10905   12581   19180   16973   17756   11869   17071   10687   18004
   18052   18436   16950   16639   19678   19479   10328   13625   15740   14018
   18106   11856   16932   11427   16304   12200   10783   16105   12898   11469
   10990   14075   15307   10146   11242   10046   13439   11913   16670   17247
   17134   10147   18354   19901   18456   15749   13615   14445   15310   16268
   16043   18035   11519   17536   14754   14105   13599   11797   13416   17329
   12032   14815   10922   16996   14506   14299   13852   12097   10404   15195
   15540   12717   17257   13158   16761   17523   12986   12609   19083   13144
   18447   19324   11768   10187   13103   16110   11364   18055   17101   18868
   18507   13173   19541   10918   18088   16848   11191   14031   13034   13792
   13497   11095   13043   17233   14226   17453   10830   13356   19727   15976
   18454   18520   12539   10097   13965   10143   18670   16476   19508   16398
   17566   13099   14597   11721   10385   18735   10200   11124   19027   17742
   18439   12235   11230   15155   12026   11839   17221   10743   16831   15033
   19856   14826   17689   12842   15729   11855   13868   12326   18202   10085
   16313   10540   19372   18205   13316   17097   18832   16323   16349   11383
   11037   16400   16508   13226   10339   13300   19332   14790   18817   10618
   11257   14201   14940   14458   15139   15450   12482   15086   18034   12637
   17368   15696   15097   15995   13391   12119   17275   14362   14142   13887
   11470   17374   15911   10726   10878   15220   14185   13855   13403   13367
   15118   10395   15459   18627   18210   17093   11784   13164   15552   10844
   15669   18121   12503   17281   19366   10959   13499   18166   10638   17018
   17432   10848   13805   13672   17334   11548   16451   14327   13552   11617
   14695   19477   17064   17149   12133   15306   19015   13161   15464   13146
   12596   17625   18722   18791   17061   13895   19559   17294   14910   19563
   12199   17059   12501   12584   14563   18840   15939   11762   15380   13037
   19937   13424   17919   15808   16704   11905   15144   16861   18730   16327
   16038   18255   13092   19233   14513   12139   11760   13135   11607   13795
   15034   16215   11073   17723   17910   12364   19522   17081   13013   11577
   16159   10497   10964   18265   18390   16434   13292   13138   10855   10635
   19741   10125   14164   14989   19544   16405   10359   19878   16263   15396
   18985   12687   17569   13655   14921   18251   12690   14415   14391   12063
   17708   15638   14437   15945   19221   17780   18611   18497   13750   11769
   13010   19867   16725   18245   12269   13382   19840   10076   11266   17467
   13265   12161   16383   17420   18341   15493   19822   11570   13413   19531
   11511   13871   15751   12863   17048   14015   12388   10928   19445   17242
   14899   19713   19058   17255   10669   15916   17722   10889   13076   18036
   19997   16152   16424   16354   16171   14283   13519   16928   14521   14484
   14647   13591   19959   18185   11503   19223   18124   13511   16939   19966
   12440   13203   17618   19823   19962   11539   15411   14912   18881   16637
   17331   12992   19018   17020   18919   14274   17807   15452   11239   11813
   15135   19859   11268   18546   16978   17234   11922   12258   17672   17537
   13573   19478   15271   11923   15443   19440   11488   16353   16083   10237
   13561   19927   10167   14245   16393   18586   16363   11770   19378   15283
   14972   12277   13430   12021   14311   15215   13360   14889   13302   18684
   13049   16864   16055   18144   19529   16119   13170   15541   19292   10930
   10799   10335   19794   10292   11455   10816   12128   15463   10265   11308
   11009   18576   18972   19873   17815   14210   17576   19669   10467   12250
   10634   14112   12613   15558   10908   12299   10892   10394   19921   13098
   15161   15008   14595   18538   19133   10650   19020   18053   19142   10767
   15997   12380   12145   11700   18111   10223   15980   18533   18508   11301
   19247   17632   18826   15642   11597   19413   11862   12643   12146   18631
   13377   15123   16436   13691   15354   17867   13127   12505   16496   16005
   15314   10421   11702   13830   10051   16013   17709   19702   10524   18523
   10586   13790   13455   17712   17703   16593   11358   16276   14701   12967
   18008   13774   17611   16065   18110   17607   13267   18504   10883   13520
   13352   10560   18069   19971   10579   10034   11674   13799   17831   14872
   17238   14400   18315   18217   13247   11744   17765   13833   10485   19216
   15861   12042   13643   19719   12750   17205   17125   13572   11880   16521
   10770   18605   18705   17217   12686   14208   15206   17342   17391   16960
   19190   13687   15889   10233   15218   18997   13182   17939   10142   18087
   17978   12663   13480   16902   14037   16456   17007   14950   19032   18117
   11929   16675   13206   12066   15941   17232   11535   18848   14632   15461
   18068   17719   11366   10628   12767   14409   13460   12540   11333   13200
   17564   15713   10443   10052   10061   10129   17615   16886   12034   10587
   17463   14399   17843   16914   17110   13277   11206   16249   16994   15455
   13877   19234   13361   12546   14572   12678   16734   11912   17009   17225
   11887   14000   19547   14306   19703   14782   18574   17833   11094   17037
   19457   14123   15970   10486   16819   15127   17875   14628   13345   15111
   16241   17490   16076   14292   13771   17264   12313   19064   17036   19446
   16404   17829   19240   10940   17753   19121   14963   12961   10660   12241
   17176   18139   11552   19578   12370   11055   19755   18785   18548   11497
   17313   13843   18597   10701   16501   14874   14540   16621   18391   12826
   14278   12901   16372   10626   15589   15184   16573   14113   15745   10267
   17307   14463   15230   10760   13088   12543   15369   11006   15247   17518
   12799   15654   19518   18269   15689   14161   10381   13541   12129   14959
   14803   15262   12907   17773   16269   11638   10842   17772   13800   13496
   19285   18462   12455   11877   13565   12997   16247   11346   14466   11679
   16298   16989   11707   10357   15292   17303   14218   15587   11282   14668
   13313   18711   12873   12256   17592   11140   12298   18220   13714   11022
   15353   16938   17457   17173   18105   16656   15348   19903   17573   19854
   11144   19807   18810   16484   11194   17936   19905   15468   10072   17479
   14453   18608   16638   13762   17407   14038   10543   16971   12886   11216
   17643   12640   11422   16771   19738   16830   12744   17316   15532   15105
   18661   12559   13696   18738   13193   18249   13526   10623   11302   15778
   16507   16987   10022   10247   16721   13500   11985   17004   12585   13931
   16498   12293   17198   12508   16489   18544   15795   14514   13059   12660
   12209   16367   17314   13217   13867   12113   18413   19458   10642   13104
   15661   16277   14191   17763   10863   19013   10320   19390   17955   17402
   16148   15130   11214   10879   17980   11544   10391   11960   12614   11357
   15672   18348   18583   12490   13594   15165   16213   10673   17341   17280
   19687   18350   15041   18353   12941   14090   11821   11281   15549   14688
   15141   18643   10993   10602   17891   15676   18669   13652   12441   17737
   11967   14287   13900   15121   18136   12804   16090   14039   19963   10192
   17227   15508   11886   14281   17960   17551   17559   18624   11739   16069
   13882   10545   16146   19976   11884   12574   14900   18175   15465   19511
   18725   13285   13028   18435   15646   11718   12970   10075   12354   13758
   13151   13632   10048   14380   13482   15875   12274   18714   14706   10251
   18013   12096   13544   14681   11603   19329   19698   12868   15904   17382
   10343   13224   10440   13736   15344   12811   14525   17747   14564   14340
   10951   14246   10137   14530   16359   12163   18770   16760   11065   20007
   12819   18241   13064   18789   16181   11523   19244   16395   14013   13336
   10422   10017   19047   11751   16556   13384   14871   19575   12124   19993
   14909   10851   16394   11697   10083   12978   11834   10784   15723   14980
   19992   13459   15581   14332   15140   17813   16134   17156   14623   10102
   19357   17688   15427   19619   14478   16325   17208   11507   12844   12691
   15422   12037   12894   19641   16258   12589   19304   15449   16799   11499
   15702   10270   17869   14997   15372   11315   18664   19861   11678   13648
   14846   17650   12462   17006   11398   10551   10811   16021   10805   19310
   18246   13380   13208   15555   12692   17546   11217   18070   15633   14924
   16516   16036   12920   15880   19718   18207   11754   12247   19733   11105
   19647   18712   14804   16254   13781   17439   19951   14066   10981   15412
   12827   19454   18806   13901   18405   13822   12634   13126   17655   12069
   15049   15162   15510   17054   18793   19876   12432   10548   11442   11176
   13536   13880   10985   16099   15448   17419   19693   19880   12991   16457
   16186   12909   18499   19273   10018   16905   19781   18879   18884   14019
   11314   13167   10961   17359   14447   14261   16892   11444   12171   12709
   10398   19097   12491   19195   10745   19384   15146   14152   18949   12705
   16583   19118   17654   12735   15164   15093   12244   15582   19532   19692
   10376   16494   16471   15813   16694   18677   18214   10149   12708   18424
   15351   18940   18683   19853   19438   12122   18849   18233   12721   19123
   10087   16878   14911   13684   12057   18858   10901   19430   12575   16809
   19804   14459   16766   17203   13415   16954   18749   12896   17519   10670
   13629   17103   11027   10466   18361   10131   11669   19705   14987   15706
   14667   17992   12082   13341   18978   15708   18427   11508   12685   11798
   18169   17405   14645   13717   18947   19360   13188   13776   14881   15639
   13663   16526   11947   16735   16827   12149   13343   10768   17794   10615
   13928   10998   11675   12083   18365   13016   16219   15006   17019   16615
   18568   10288   12457   11549   12188   17305   11170   18430   10648   14001
   12120   19220   13273   18379   12279   13113   16826   11659   11835   11980
   17700   17870   15860   11157   12162   16430   10825   19651   12877   14481
   12998   17140   10734   16371   14745   11841   11741   13783   16961   12448
   12425   19229   10121   12362   18463   13381   18237   17002   11604   19355
   11193   19907   14268   15207   17189   18572   13976   18167   19279   14838
   19506   15124   19091   17223   13859   13008   19623   12517   10932   10154
   16487   14704   16616   10465   13911   10858   17562   14915   14495   15364
   11445   12668   15577   15641   17011   12654   14787   18020   10875   18700
   11550   14801   18698   11075   15340   19059   13147   13937   13061   14961
   16624   18000   17088   17304   15758   15691   11704   12059   19790   14839
   19638   12644   12052   12407   15504   17595   11355   19023   11472   19065
   11951   17915   16594   11233   14710   18395   15800   11620   16165   16232
   16375   15389   18892   18747   16131   10337   10295   10873   15040   10949
   10514   17802   12960   17698   11946   10849   10884   16153   16290   13495
   18199   18873   11942   11237   19874   15087   16341   15084   13419   12702
   17696   15522   16601   17224   15812   12521   15920   19480   17055   13106
   17953   18417   10876   19343   11048   10686   13445   13715   15874   19941
   15913   19700   10972   17752   14518   18571   11738   17695   12620   15005
   12397   12287   15622   13057   16731   12513   12493   19771   11686   19581
   18707   15016   14500   13154   19085   13737   10984   13820   14476   11939
   15960   15698   16078   16416   18838   18642   18900   15308   18243   13259
   19238   13811   17295   10060   10469   15029   20006   17680   10974   15928
   12303   18845   15534   14193   13545   14847   14298   16617   11756   13597
   15950   11020   18362   10246   19119   14407   18648   16866   18578   18464
   13349   14417   10145   16804   11397   14135   17073   16207   15391   13588
   14864   16777   11848   16618   11517   13191   18292   11393   12173   11134
   11670   17079   18301   16543   14280   14634   15316   11275   14008   15296
   11265   11636   15536   18542   18718   10714   19836   12393   18979   14312
   17492   13310   13451   18161   16784   12360   10644   11804   19409   17778
   15519   13308   15693   19624   11606   16707   13767   10696   13554   17211
   17218   18557   15117   15688   15531   19756   13659   15892   12739   16923
   14431   16598   16742   17652   10564   16729   11326   18284   16517   14297
   17784   15349   13938   11029   16585   14375   10355   16123   13275   12284
   15478   19370   13509   12172   10162   19026   16976   18982   16505   12117
   14088   10606   16421   11088   13337   10257   17265   15042   10779   14168
   15401   15254   12626   18325   18741   19377   19004   16173   16630   11175
   16331   14677   14975   15692   17249   14936   11701   13195   18774   11505
   12557   18751   10132   16851   13973   18603   13791   15133   10437   16549
   10795   14534   10697   11689   19604   17488   18263   10549   14577   16124
   19470   10262   14742   10280   14339   16362   10349   19690   19337   19187
   11228   12943   11246   12606   12673   18828   16438   15743   19275   17629
   14109   15833   15683   18452   10672   15890   13816   11208   18285   15757
   10442   19810   14818   12535   14147   16381   18834   17730   15419   11396
   19048   16252   15737   19666   14441   13705   12630   17021   19598   15485
   17369   17961   13258   19677   13985   11059   17412   10071   13719   16956
   11994   10744   11002   18054   18805   12814   12077   12341   19759   12093
   18950   15313   11854   14264   12476   10240   10987   10753   17760   13018
   15974   15951   14784   17169   17726   10293   11153   10232   19998   15122
   17834   11189   15273   10506   10439   18819   13125   19441   17404   14141
   12658   17406   16887   17795   11441   18171   14843   14487   18991   18728
   12746   10024   15370   10431   15031   13375   12770   13538   19421   11199
   18370   11093   14057   11143   11961   13331   18213   13751   12433   19276
   11745   16767   15107   17411   15037   18356   14344   13837   15500   15177
   17343   19634   19501   14740   10646   15249   15806   14859   16753   14237
   15255   17878   11926   19665   11251   19008   10847   15238   18697   13723
   14322   11810   16614   11500   19207   10800   18820   17544   13832   17410
   13930   12627   10217   16587   15229   19791   12667   16495   10157   12758
   18474   13461   16999   16093   18130   10492   16251   17308   13234   14591
   11983   13628   16988   11172   18920   17578   19507   17522   11264   16461
   17835   19137   17408   13070   18629   17142   13803   10517   18650   16396
   12656   12964   15479   15112   10478   12772   15239   19803   10115   13869
