   29617   20156   25415   29859   23509   24224   22532   29487   24316   26939
   25224   23945   24838   24611   25401   23182   24295   20659   25653   21300
   27921   28427   22309   23980   22825   22926   27299   24355   29551   26471
   24602   22193   20240   27280   22306   20225   25144   26045   29892   26397
   28824   22527   23560   23077   26316   23431   29575   22332   27182   22873
   26507   21448   22614   29174   22644   24529   26426   24918   24151   23898
   25953   22514   22587   29921   23123   24304   28232   28775   28850   24055
   26670   25849   26360   27228   21974   26457   20283   27969   29242   26730
   28751   24399   22642   24813   25042   27821   23539   26678   23917   27768
   24109   21323   25423   22349   28471   27528   25151   22619   22760   27577
   26277   20234   29839   24370   22719   20334   22019   24424   27121   25143
   27740   23168   29819   29329   23600   28838   27334   25263   24255   27534
   29256   24656   25915   25526   23219   23505   28426   24165   26078   28638
   22775   29245   27987   27515   27495   29198   23282   27999   27826   26196
   28180   20708   26428   29757   20689   24986   22554   25174   22953   28623
   29806   28070   29092   22859   28834   21886   24587   26662   22906   27500
   24914   28293   28348   22339   21394   28442   21254   22699   22449   25892
   25116   23347   26884   26036   20322   28394   23792   22723   28574   21258
   20929   26162   29691   23788   28592   22776   27975   22157   22001   28668
   28510   22439   28819   24185   21114   29265   21268   26315   21307   29340
   25714   24458   22807   25786   22251   27347   26140   29860   28846   21290
   21129   24472   22445   24643   29108   27923   29647   29306   22037   26562
   25091   28055   22222   22524   24423   25156   25280   26469   22571   28841
   23807   24993   24052   26561   27002   20227   25050   27501   22937   21332
   20395   22612   27433   28665   20152   29224   22676   27061   21638   25823
   23663   28536   22803   23089   28446   23639   21759   28313   20892   27494
   25990   24237   20891   29016   21065   27723   27496   21193   26198   20267
   25187   26511   28038   20175   21930   23356   29722   25872   20685   29368
   24739   20683   22088   22052   28368   22219   28122   20343   20658   23696
   29903   28255   25795   29944   23150   28547   22379   28855   26869   24546
   27984   27064   28341   28031   29004   29790   28611   25304   24141   26243
   27745   25212   25540   26120   28593   21328   26520   27190   20754   24671
   29517   21266   24413   24875   20358   23669   24554   25510   27696   21376
   21958   23357   27576   26279   27012   22662   23263   22993   25504   22604
   20405   25082   24091   20415   25447   29739   24117   22995   23345   28460
   28684   27466   26784   20583   27742   24096   25019   27151   30002   25997
   25271   25036   27980   26530   23062   24980   25489   28769   21205   22838
   21959   21369   28598   20094   29254   21811   21319   28420   29701   20897
   28604   23260   23908   22125   24807   22774   27709   26126   27602   22183
   25206   22192   28918   28026   24929   29684   22041   23227   20848   26339
   23733   22231   28318   24732   23698   24354   28252   25592   28826   24850
   29139   23328   20504   26153   27519   20944   26199   25234   22603   29977
   26291   29381   29229   26858   27498   29725   26739   28695   22711   20797
   28590   29627   24869   24777   27920   24536   29733   21207   20425   27737
   28060   26407   24325   22738   23060   21963   21439   23835   22693   28576
   29608   21335   20083   29142   29420   20135   27011   25877   22737   25654
   27357   26496   20688   22096   26937   28067   21932   25454   26417   21656
   20514   27445   21940   26660   23082   28005   25908   21435   22840   29752
   26601   26341   25617   22977   21732   25495   28900   29077   24963   26355
   21725   27375   28502   29905   26195   24089   28144   29552   26448   21518
   28424   24238   22466   22635   26900   29302   29322   29125   26577   29050
   20947   20355   24560   26985   20763   27533   23254   22109   26499   29535
   27441   25295   28501   26380   27388   25606   24377   22743   22717   24835
   22048   25340   27017   27425   25695   28185   26053   24581   25905   24464
   25327   23700   26429   26410   24038   28513   24227   22945   23707   21018
   29321   20578   28651   23838   22841   24359   25152   20081   20272   24614
   23558   28594   26159   29638   24248   24535   23657   26589   25112   28362
   29997   20574   22475   21683   23200   26579   22152   25500   22753   20260
   29828   23651   27560   21425   22782   25363   21103   28190   26263   20793
   22731   20735   27330   27736   27511   21353   29700   21097   25232   21119
   20511   23428   20645   24263   28248   22178   22798   28627   27051   28754
   21423   23987   28781   24608   22118   20878   28715   23103   20251   28381
   24681   28110   25180   24104   22098   27415   23413   28342   29556   24759
   28306   21568   20192   23545   29297   27503   24948   25292   21189   23311
   21729   27284   27150   25060   23734   27687   24534   29209   26802   20444
   24302   20121   22350   29509   28520   29846   27490   29272   29391   28387
   28410   27667   26106   22321   26879   29896   22382   24553   21925   22494
   28175   20687   20567   23045   24598   26048   21766   24619   29387   22585
   28564   23568   23514   26694   20378   26304   26846   27579   27256   22188
   21288   20874   23438   21402   25871   23140   23844   29981   26803   21744
   22896   29851   29196   28839   28006   27822   24527   29160   24289   26131
   29313   20119   28558   26723   25762   25531   22397   23030   25536   26675
   24463   25838   20063   20858   21008   24286   20059   22177   23090   29153
   27474   29736   25567   23238   29655   25196   20125   22973   24774   26475
   29986   25688   22498   23051   28951   29865   20694   26655   20913   29076
   21763   23649   29080   26269   28753   25713   25946   21395   20064   21864
   26144   24524   27834   28130   24159   26632   21799   20416   28305   21403
   23584   22920   20211   25511   22689   26909   26459   28858   26132   23681
   25561   23041   27720   22273   28096   24391   22280   24223   23221   26817
   22463   26921   27348   21462   22456   22922   24158   22455   24123   24530
   25843   22184   25590   21551   27032   25316   21520   25791   21917   28223
   27286   27293   24407   29481   26081   26154   28216   26755   29619   28224
   22045   28655   27804   25033   29559   22435   22462   26011   29581   24721
   23079   25903   26616   27706   20168   21471   23597   23408   23601   29362
   22285   26371   28113   21243   27401   28136   28189   23677   20906   28874
   28273   26642   22752   26329   21628   20169   22343   28683   23231   27615
   22793   24387   27492   22415   26567   23095   22340   28134   27093   20375
   23953   22169   25071   23215   25443   20857   22472   25784   24626   25669
   20066   21044   21661   22154   25750   20603   28434   28053   22946   23857
   24652   20879   26924   27551   25475   25358   27585   28416   26323   26249
   24162   25131   28000   25804   25360   20436   25494   23935   24085   20448
   28278   25391   22093   26788   28690   20400   23387   25789   27660   24541
   29248   20804   23988   29195   20551   25824   23635   25583   23821   23236
   21172   25129   28910   23705   23997   22996   25375   24146   22900   24362
   24310   28103   29994   21090   28729   23478   25752   21303   24051   24818
   22597   26142   25726   20310   21159   25876   25090   29473   29051   22448
   20660   23682   29457   26568   23173   20244   28050   24793   26433   20215
   22233   27989   26366   22080   26621   21071   21740   25880   21682   23552
   28969   26517   21562   23248   21653   22593   26467   26466   24623   22801
   23483   25137   25982   22009   27947   25117   29746   20712   21530   29890
   23417   21749   22094   21176   20697   24834   21599   21206   21108   21791
   24746   20926   21164   25527   21523   25827   21862   21372   20837   23392
   28128   22305   20390   26256   24122   28812   21223   21102   27529   29073
   21121   26557   21856   29593   21583   21780   23582   21950   28195   25043
   24706   20577   22191   21532   27481   24749   24433   21539   29955   20144
   28797   23279   24388   27136   24103   28322   22224   27272   27448   25885
   29648   25853   21199   27039   27400   24713   29316   22601   28115   29314
   24840   26257   21070   23784   22673   29421   22450   20155   25863   26533
   24018   21236   23491   26627   29244   21989   21778   22505   29141   20653
   26813   29653   23832   29348   28908   24559   27739   23643   24999   27392
   27848   21980   23443   23806   24705   28628   20674   28618   25221   28270
   26310   28392   25031   27312   24712   20038   25445   22927   27750   29947
   26741   21618   22383   21933   25359   29231   21460   22659   27206   26113
   23501   29374   22808   26333   29916   29433   23370   23743   23815   29823
   28550   25977   24865   22069   27454   25214   29015   21059   24936   25038
   20250   25488   23824   24401   23730   24444   22474   22710   26387   27188
   23764   25242   21304   22114   28054   23958   27253   27691   28515   27573
   22378   29503   20664   22958   25433   27955   22580   22443   22572   25350
   23695   23225   20903   24034   22563   29320   22508   26267   24426   23196
   23671   20639   28469   20206   25645   23256   24821   28746   21141   28551
   27722   29146   21647   21434   29398   26598   25471   22422   24269   26278
   26506   26295   29034   25101   26559   29366   27319   29922   21143   21874
   21700   21342   20986   29207   27473   21550   25845   20141   23936   25930
   28098   22353   29919   21412   26415   20937   28764   29288   27180   21227
   27122   24907   24465   27440   29413   26531   23436   25348   25972   22549
   23617   21571   29267   28873   21075   22018   26624   28845   27591   28648
   22031   23969   25951   27539   22968   27156   28091   21354   28311   28486
   21276   25025   27337   21680   23195   27175   26758   29611   24284   29834
   23863   28450   28835   24100   21642   24471   21677   23331   28238   20748
   29307   23932   20106   28827   27035   20422   23798   27158   24621   23273
   24756   28958   23209   27574   25944   21484   25127   25895   21228   23298
   27499   20895   20180   28237   26635   22174   21208   22677   28049   26647
   20915   28012   21222   24074   24405   20613   23791   28009   21029   21179
   22330   26025   26100   27701   21756   26455   24479   29609   23701   25771
   28740   26302   29033   25705   26819   29127   26108   20382   28393   24891
   27899   21802   21306   28403   27008   25963   20183   23055   26809   22907
   20188   21269   20859   21889   28435   21391   20456   26201   23313   23239
   21150   23049   20394   22660   26762   21662   29686   24402   26654   25383
   24666   23012   28937   24519   28702   24549   27589   23822   27707   25034
   25419   20851   21099   27518   20126   22751   25039   26268   21106   24005
   22367   25483   28911   22685   25193   29765   27257   20408   22725   25555
   21101   28894   28015   25637   28707   28004   21922   24099   27859   20177
   20772   25017   20836   20898   28352   26414   20029   29012   28105   20420
   20230   27860   24449   21738   20073   25678   24568   28854   25307   23962
   24172   26835   22027   23006   20923   26686   27201   27682   29119   22483
   25703   29412   27877   27784   21796   27800   23572   21708   22671   21375
   22970   28844   27513   27251   20798   28763   25096   28722   29847   27992
   25523   23592   25465   22304   29773   28079   20721   26472   21769   27906
   29373   28058   23433   23607   25642   23664   22479   27125   20807   27792
   26962   24958   24696   20644   27258   26351   29630   25926   29250   26493
   22024   27762   26872   21091   22633   25594   23529   23093   22564   25491
   24594   21528   27472   29827   21885   21194   24972   20330   23291   22881
   24106   25386   25782   25790   27364   29213   22011   29616   26599   29408
   23065   26384   24119   29038   29439   22663   20187   21648   24797   28439
   24877   20450   22598   21727   20901   27650   27020   27883   29626   27078
   23819   27407   27486   29960   25662   30001   25749   24240   28814   20043
   28221   28447   25068   25721   25842   23641   23765   25015   27436   21658
   23171   21366   27243   22931   20049   26509   29223   24956   28770   20046
   27200   21542   28557   24116   27805   22567   28932   25434   29454   26950
   27803   29836   27639   24437   27086   21506   21074   27379   22777   24378
   27459   29925   24848   23864   20973   20533   23414   25490   26098   23949
   22722   20835   22831   29056   24895   22331   29676   23186   28316   25737
   29597   27273   23633   23515   22783   22315   22002   22692   27684   25534
   26016   27690   28400   23459   23475   22887   21897   20558   28891   29539
   23914   23301   24167   28691   25075   24271   23781   25063   23206   26462
   24239   26970   28112   23899   29068   23666   27131   24582   24088   24827
   29660   20752   26578   26402   27324   24164   23571   23354   25916   26115
   22274   22481   20619   28335   24505   28114   24644   25609   22764   28809
   24120   20115   24338   26745   29318   26504   21153   29066   23067   27581
   21667   27355   22065   23848   20368   22805   26764   23324   26479   23460
   26798   24730   21701   25747   29419   23794   20389   23403   25353   21841
   21624   26297   26345   25801   25694   25761   24131   20733   20162   25352
   27489   20662   22579   23402   28481   26514   28097   28837   23318   28736
   28660   22502   26799   29549   22249   25018   20490   29008   25237   24545
   27773   21574   20517   21464   27143   22288   29469   22017   26840   25701
   20495   28260   20158   27609   21815   21872   20432   26992   29440   27278
   29347   24211   22721   21346   29477   22965   23716   29911   25847   25557
   23180   25629   25213   24805   20413   27053   24803   21549   28040   27447
   24140   23616   24695   29214   24422   20387   21848   22347   20122   28160
   29982   25776   26566   21762   20810   25162   25182   22756   20319   25760
   26023   27570   25765   25952   22316   27242   26364   24516   28670   26827
   24751   26837   27005   22409   29467   23544   20464   25914   25470   22187
   25005   27879   20607   22858   22561   26174   20473   28806   28988   20711
   23455   28066   29743   24337   20771   23381   26245   27210   22983   26767
   21789   23506   25959   29578   24725   20592   24493   21181   21034   24708
   20935   26377   25169   22101   29289   26973   29788   21880   23035   24776
   21064   23818   26482   29451   25919   25616   23983   20506   29958   24748
   22624   23018   26216   22656   25724   23839   21640   24503   23673   29816
   29815   22556   29933   29584   23105   20480   25356   27629   26638   22917
   24622   23496   29837   27827   22133   29036   28047   29194   22999   22959
   28568   23442   25973   26588   20281   26698   23026   23034   26481   28344
   28772   20486   21934   24469   27712   21132   26123   24155   26518   29264
   21481   24634   29446   26221   27081   23444   22820   24412   21341   21238
   23919   20483   27752   24755   24976   24635   29089   27594   21358   25059
   23683   26544   25663   25918   27555   20889   25932   22124   21019   26489
   28017   27588   29269   28467   25814   20301   26135   25040   22625   26054
   22176   28972   20294   20411   24831   24648   28714   20975   26910   27990
   20927   23760   28028   28575   23087   20987   27217   27023   27928   25176
   21595   25933   24672   28242   29938   29009   24460   27199   22214   21614
   22687   24156   20097   25712   24736   23647   22363   22990   21246   21045
   22322   24356   23266   23204   20993   26523   23860   26209   20482   23902
   26583   26569   28281   21645   25070   28253   20189   23543   29544   22681
   25541   20691   28455   28250   22205   28869   22833   23151   24309   25296
   22403   29418   26125   22842   28412   24191   20190   24716   28535   22988
   26494   22648   24358   21055   20427   21556   28452   29714   27176   24183
   21887   29861   26391   24192   29624   28902   20434   29840   29822   24930
   24296   26893   20764   29760   20914   27610   24569   23359   20779   22355
   21666   22168   27129   20832   26487   29360   21364   22690   24067   26190
   24917   22311   25189   24357   23411   27231   22818   22240   20724   27028
   29531   21466   27015   29771   29233   27647   24313   21603   20277   24887
   29951   28396   20628   24609   23016   21340   25803   27371   25533   24335
   23101   21368   23161   25970   23975   22298   23950   29251   26400   27077
   25330   20710   25937   27896   21522   21905   23205   25339   23638   20113
   29101   24454   23379   28667   26687   24083   21554   23937   20834   28832
   28228   23516   22828   20557   28857   28936   25012   20743   26914   27671
   27903   23851   27048   21083   27140   20179   27628   28983   21137   29496
   23795   26306   26702   26040   24565   26079   28621   23405   27846   29130
   26087   29854   28131   23020   23656   24308   29824   23305   20312   20298
   28213   23927   24163   27038   26427   28240   22008   26430   23999   28498
   27725   21157   27279   29665   20454   20829   26421   22851   29344   22236
   27710   24747   24539   26285   21903   21916   28358   24788   21401   23853
   23334   20682   28884   22247   23653   29291   21145   24872   29268   20072
   29677   26814   29258   28377   26871   26954   21873   29098   25552   25522
   24242   28036   23676   24760   23237   23297   21758   28647   23923   24533
   25141   25062   27172   28599   25270   20789   21500   28505   28173   21547
   28699   26175   27372   28179   21991   21050   20642   25337   21010   23971
   28896   22135   22522   28943   23141   20790   20966   27794   25020   26308
   25989   27870   20098   20731   25575   27897   22100   25160   27041   27128
   27991   24595   25535   29586   29606   26743   22665   28820   29868   28356
   23667   28327   22865   22423   21030   29663   29114   26217   28532   22942
   26476   20910   25542   24589   27062   26254   26321   22651   28065   24555
   23524   24175   21847   25861   26833   26192   27290   20499   21451   20684
   28748   24209   21042   23769   25217   29959   20295   29634   23422   22259
   21446   25666   23351   21863   28411   26266   24509   22855   27181   22477
   23374   20610   20950   29613   21239   25848   20484   26270   20727   28441
   27738   28020   27338   26612   22030   22268   28948   27082   23346   23598
   22568   27408   25452   26103   22530   24934   27044   25126   27806   24970
   24236   20293   20569   28432   20769   21273   29724   28685   26928   20463
   23319   29444   28061   29211   26613   27950   27743   20350   29252   22359
   26952   24868   25978   28407   24016   20048   20376   27632   24820   25243
   20356   29615   22870   22714   27322   20039   23471   24333   27607   29893
   22852   28409   27426   24305   26883   27469   25949   25485   28607   25532
   22582   20586   25281   20871   26555   24570   28879   23634   24989   27531
   22933   26409   27721   28646   21117   23008   21772   20868   28492   23134
   28882   26666   28107   29508   23099   29917   29522   20774   23500   29301
   24198   25556   28463   24910   26167   21538   24152   24035   22545   20519
   21036   22513   29811   20433   23702   23158   25626   26353   20696   28163
   26729   25735   20672   20331   24427   26619   29081   26022   27873   24467
   28649   23312   25345   29993   23367   21846   29844   29786   21333   22861
   24015   21646   27234   24058   22802   29940   29455   20757   29963   27719
   29721   22104   25478   20706   25460   21938   27152   21812   26337   24483
   28402   26213   27101   28641   28694   24376   27832   28886   20100   24753
   21444   26350   26010   27559   25890   22373   22638   29590   24789   24991
   25674   22255   26413   29732   26015   26720   25251   29652   29185   25245
   24193   21061   22795   23658   28678   29279   23926   26753   25319   23895
   28078   27431   29506   23036   25655   22955   25431   24870   20286   29992
   21949   27432   25577   28259   25604   20671   23366   24196   28801   29014
   27571   25635   28893   29756   21086   24436   27292   20582   23498   26765
   24048   28081   28391   29021   25395   21234   27149   24166   25139   26225
   26182   23905   22235   22368   29692   22161   27455   26165   28995   20099
   21077   25729   22407   24168   24518   29414   27170   28704   23670   20054
   24677   27359   21220   20426   27972   21318   29659   27881   27025   28688
   22394   21764   22148   25164   24670   23876   23688   26976   27825   29931
   25560   24564   25286   20852   28672   20280   26834   23109   26940   24135
   20445   20593   24189   28928   29569   25361   27219   20161   21692   20021
   21911   27476   22730   22853   25913   29770   27287   25203   29764   21983
   21166   21952   24574   20399   27249   28487   29779   20204   29025   29932
   28899   23665   29741   26451   25544   25689   26685   22446   23672   20908
   20608   28810   28981   29763   21798   24828   27523   29926   21321   21037
   20035   26255   26071   24684   26244   25108   22528   25896   24599   27909
   20523   29149   27211   25305   23365   21420   28485   25098   26580   29087
   28360   26725   28325   25899   28397   20205   20487   27575   29122   20172
   27365   22083   22464   23465   23116   21415   22026   25168   25995   26374
   26180   28661   27941   27068   27386   24804   25432   29831   21299   29230
   23965   24942   24406   29154   25456   22420   29001   28624   21990   28613
   26608   26242   24282   22103   29369   20132   25371   27747   29600   23038
   23511   24292   23418   24933   28698   26259   24267   20714   27430   29735
   25413   29029   21043   29784   28319   21443   29502   20565   25768   22264
   21923   28543   23890   26395   20651   27462   28033   25743   21280   24990
   20210   26651   26881   22975   25083   24955   26975   27342   22705   21868
   25920   28833   22536   20816   26442   23114   23662   24068   25611   27225
   20313   20638   20354   29083   20050   25107   28521   29201   24495   25781
   20143   26512   28765   21076   20447   24729   26241   23661   22406   23243
   20627   27611   22557   22698   24416   25492   27040   26712   27336   23044
   29829   20785   23503   22447   26715   23519   28256   29504   29885   27699
   29206   26964   20032   26086   26287   23285   20855   23610   27442   26208
   21187   25983   24552   29979   26948   25785   24817   20103   22179   29308
   28200   20430   24853   29862   20928   25748   27099   29895   27951   28057
   25528   29694   25472   25153   28245   29424   24863   28904   28954   20750
   26129   23872   29345   25856   27863   29159   21427   24521   24315   21909
   20452   24252   28405   27620   28287   24861   20419   29789   24195   26314
   29065   21915   26456   27891   20493   25740   24229   27452   25124   21497
   24258   21793   20792   22688   29155   23342   21264   20818   28989   23380
   27521   25177   28517   29312   27070   21021   23400   21927   22606   20011
   29519   29128   28849   28799   27633   23014   28525   26516   25093   22686
   26205   24786   22123   27443   27305   24303   27510   23300   25874   26119
   23257   23013   22444   29995   23222   28868   26470   20207   22372   29386
   23602   25159   28090   23338   21255   29078   24491   28425   27091   22848
   23369   27830   28209   26896   23031   25869   28236   29547   27029   21703
   28968   24459   21261   21224   23115   24077   25612   29079   20778   28524
   22055   26605   20220   27103   25987   25754   28767   24754   21813   27130
   25148   25921   27678   26789   27216   27245   24692   28082   24124   24277
   29651   24931   21823   28345   28272   26128   23732   27010   27530   25123
   27298   26405   22155   25550   27731   22962   20012   20338   26782   20765
   24994   21458   24078   22650   25453   28466   22680   26101   26595   25548
   27733   28159   22573   21578   20646   20985   25774   22216   26206   26528
   20939   21212   20248   26922   26146   24843   20349   20031   20018   26288
   20391   28625   23993   25023   21251   28996   28622   22847   27580   26443
   26851   20522   20292   25267   27113   26683   29305   26327   21404   28577
   29636   27785   29530   22742   26791   23957   24262   25971   23787   22657
   23754   28662   23739   22874   29774   27484   25469   24794   21263   29706
   20547   28282   21883   28508   20846   27902   29346   28419   25150   21697
   21502   29528   22434   25061   23000   21535   25939   23056   29603   22385
   20795   22473   24249   21229   21979   29899   22941   21413   26042   22185
   20265   29564   21201   25780   28428   23770   27599   22336   23961   27612
   27164   22761   26485   28288   27291   25815   23704   22871   29762   24294
   26000   21052   28537   20256   29497   22061   25450   29017   25482   21962
   23100   25605   28172   27553   27416   26592   27782   26873   21986   27593
   20417   29175   26331   21104   28217   22588   27829   27189   25732   25658
   26949   28268   29099   26069   29337   20678   24737   21679   26672   26502
   24339   29115   21359   24693   28718   29425   25377   23591   23053   24783
   25311   25965   21120   26652   28938   24153   20381   23130   28671   25216
   26844   24703   29243   23985   29375   25576   23124   29795   27543   23267
   29480   21776   27939   21860   25811   29832   24508   20228   22005   29792
   28652   23843   27618   27036   22824   28790   21966   28111   20849   24213
   27412   26463   22283   25607   29976   29879   28002   20379   22938   24520
   24733   26005   21168   26296   24950   25773   20437   29713   27911   25408
   29946   24596   22089   24750   29215   23274   20202   28974   21534   22416
   26968   27352   29445   22010   21977   22149   25367   26534   25166   25417
   22550   25121   22596   20386   26622   24679   25854   22172   28636   21998
   23456   24663   24897   23870   28822   20366   24892   28756   21561   26852
   23024   27905   23217   26842   24799   24245   29271   26273   28379   22728
   20665   24007   26891   29689   28963   26240   25157   28737   26640   20505
   27138   26076   23718   27764   25950   21465   28816   25788   20385   29929
   27836   22634   24579   26324   21270   28183   28198   25846   22712   20318
   24628   23555   27155   23946   24550   21454   27925   23453   20108   23462
   25136   22515   21596   28312   27049   23288   27677   23627   26432   21370
   21230   29300   23344   24027   22499   23252   22441   29059   20916   21408
   20587   21985   21442   20980   26107   26732   23548   28643   27478   24761
   20276   26232   20269   20047   25072   20034   27977   20074   25244   26332
   22215   27506   24501   21357   29620   25259   29435   23054   23327   22344
   25458   21510   27034   21906   28761   26933   25870   28697   28642   26639
   29086   21330   24600   27756   22860   23722   29027   27811   20340   20333
   21941   24082   27586   22632   22903   21004   21124   28930   24724   26293
   22809   22351   23019   29489   21743   23240   23117   29281   22461   25347
   21803   22576   20013   20791   28986   25975   20075   25797   26542   26439
   22440   26230   29144   22491   21503   23454   21013   24593   24094   20300
   27971   29961   22583   22789   22736   20410   21432   24200   23766   29726
   22925   27694   25115   22969   28229   27769   25334   22480   21316   24265
   28384   24137   25405   28390   28572   22164   20348   27353   24490   23470
   27674   24069   24149   29871   29731   27730   24071   22639   23885   23011
   21384   24641   20885   20974   25850   22930   29730   26907   23846   21277
   27451   20191   21496   20661   23139   26961   27622   25984   29672   27910
   21751   29802   27079   23780   22058   25835   21669   24962   21558   22211
   25021   25205   29255   28182   24919   26392   24346   28828   28208   28339
   27009   29821   22034   27047   29596   27239   25553   25277   26508   28230
   28861   22374   27734   25172   20078   23213   24676   29222   23986   21845
   21594   29152   27713   23508   27088   27938   29409   24941   24329   22726
   27544   25759   26614   23193   25228   23083   26908   29935   23984   26136
   28406   26856   27946   22151   20550   21606   25291   21016   22348   22810
   20553   23628   22516   26634   23637   20388   27193   23149   27584   23931
   25647   29949   26488   26938   22952   20255   20092   25708   23845   24578
   29165   20307   21924   27613   27350   25236   20552   24952   23479   27271
   28539   23581   25855   24154   26649   22668   27595   22636   23164   25368
   27391   25887   29529   28408   26009   26637   26987   22223   21536   28680
   25587   24977   21392   27653   26064   21087   29685   21429   21783   20969
   20894   22862   27516   27658   20605   29397   24575   24385   23814   29241
   21185   21626   29787   29966   26390   21214   29202   22156   24246   24457
   27783   21488   22837   23040   23840   20899   27556   22147   24307   20252
   26220   23660   25393   21213   25385   27751   28920   23028   22984   24272
   25656   20716   23619   20134   29359   25958   26171   21188   23458   21673
   22064   29769   23990   21709   25343   21676   27839   21681   20978   21939
   24418   20968   29972   26540   25171   22482   22994   23362   28720   25073
   23748   29532   26877   21849   25418   28355   27679   20831   21054   28177
   25392   24170   28727   24912   28993   29449   27774   20275   20631   29266
   21219   22038   26445   25382   22486   25670   29566   20556   21501   23371
   24235   22431   26340   23587   25966   26711   22608   23862   29023   27538
   20762   28783   28085   22949   25227   29514   23757   24330   28007   22360
   26160   21552   28389   21652   21995   23017   28275   26204   22829   21890
   20512   20904   21292   22503   22370   20353   22904   25502   23778   27351
   28634   26571   20332   28561   20920   20940   29913   27166   23162   25290
   28299   26338   27793   28885   25349   26926   22647   28789   20543   20443
   20129   27869   28635   20976   24627   28733   23050   20617   28300   25089
   23522   28370   23476   29767   20459   26839   21870   28673   25049   29336
   29540   22417   28474   27765   23713   20037   27631   22832   26658   23214
   28010   28927   26012   28454   26735   20570   28320   29043   28289   21324
   25024   21024   28889   23517   25440   27067   20139   23841   22467   24943
   26354   21619   29324   21824   21854   25249   25041   21014   25875   27757
   28395   25192   23915   24021   25628   29428   23245   21123   28308   26780
   29461   27119   22489   22399   27932   27050   27192   25133   22126   20581
   24903   29801   24657   22581   21687   22352   23842   28083   26181   26060
   20959   20182   20823   27124   27465   25898   28212   21414   22543   23622
   27482   23897   23590   24506   23315   29612   21130   24125   20315   29048
   20722   20881   21910   29908   20479   25079   20166   25580   22534   26628
   27715   21406   21279   28310   29438   22654   27934   20872   23185   21712
   25461   26183   23376   26918   20865   28429   22371   23729   24855   26521
   26093   26046   21715   26325   29182   26766   20602   29912   26292   27420
   22411   25037   21852   21285   22800   21921   29631   26898   21115   22442
   28601   28587   22186   23968   28158   25077   23974   21284   28836   29292
   27835   20539   28880   22196   25651   23364   20014   27033   27668   22243
   26148   23233   20154   27006   20554   26713   21616   26808   26049   29053
   28431   25002   22358   27988   28188   21844   21526   21374   20563   24690
   29856   29069   29661   28063   21610   21294   22817   23108   22771   25783
   21898   20510   29180   24403   22885   23201   25599   26535   28762   21575
   24638   27704   28470   29478   25805   22884   22049   29492   25507   25650
   27634   23594   27748   21428   22181   29507   24320   26099   21039   23486
   20640   21817   25464   27341   29537   28307   29311   21784   21937   21093
   27761   27252   27104   28541   20964   21981   29533   24881   26185   28738
   22329   20740   28933   22740   28876   20246   23198   29472   24711   22697
   26077   24097   23920   25728   29303   23889   20023   20201   23085   21453
   22888   28445   24610   29184   27965   24441   23388   24882   22198   28752
   29934   23804   24526   20469   24386   25860   25420   27321   22451   25007
   21498   26564   24371   23430   24883   20531   22468   25624   28401   27776
   28544   26454   28016   22892   20241   21326   24061   28297   29876   20145
   21559   28935   25066   23789   27335   20693   22484   27361   29650   27285
   20799   26290   20076   21699   28222   28415   25058   24431   24076   21476
   26385   28329   29384   24757   23880   26121   25451   23258   26497   28178
   22943   25366   27852   28934   24029   27685   24157   22546   24768   26358
   20481   24908   20918   29687   20864   22139   23777   26956   25081   26709
   27491   24915   20828   28374   29334   28226   26636   21009   28473   29591
   25094   25016   27300   22291   20124   23096   20431   22025   23904   28386
   23037   23194   22679   25047   21419   23561   30000   25857   21066   22393
   26931   25317   27307   27961   27781   25610   25661   25640   27592   27520
   24763   21967   25631   22846   26664   27861   24572   20821   22073   20813
   21298   29965   29002   28747   28724   25048   22897   26356   22607   21085
   26959   21017   28853   27809   28614   27282   28792   23527   25114   27831
   21344   21613   29699   23394   29097   21433   22303   27396   25756   23410
   26824   28073   29402   29274   26519   25900   22741   29657   26681   27276
   28583   25422   20467   21456   22512   24013   28859   23165   29748   28522
   22248   25717   25831   26114   23391   25067   23751   21581   25321   21081
   20089   23223   20352   23091   24823   21993   26102   23756   27373   28303
   25999   29640   20776   27326   20341   27183   23126   21787   22137   20576
   22323   29521   20485   20720   25683   24631   28151   26118   29737   22813
   29942   21904   21851   25508   26969   27635   25306   23320   22262   24092
   22992   25208   29849   26177   25755   29971   25573   21289   21301   24894
   26318   23255   27914   29962   25191   27315   27311   27423   28657   25186
   25957   23534   20442   27127   21943   22739   22670   26373   29826   26058
   23066   20677   29136   21487   29054   27557   27160   27608   28045   23427
   28267   23621   21881   29776   23752   22375   20027   28887   27107   20346
   24093   25006   29628   23744   20112   21470   28744   21216   20705   29112
   21256   21804   22099   20681   29035   20273   25028   22947   21355   24781
   27866   29798   23113   27654   24322   22539   22042   25667   25003   24979
   21722   25646   23484   29452   28279   20282   22823   23138   21741   20500
   29601   26033   21479   24025   23629   28939   26047   24040   21161   23075
   25600   27578   21100   25365   22239   21790   28022   28926   21309   24343
   27652   22295   21057   25929   22814   22641   24293   24485   26941   22346
   27692   24995   24009   25179   28998   23933   29181   24442   23007   24455
   26214   26035   29064   27662   20087   28480   22271   23820   23457   25074
   20107   20900   26168   27085   23737   20067   25298   21156   21757   22430
   22004   22525   29063   28528   27413   22425   29135   28875   27648   29602
   23785   24841   20820   25481   25809   28689   26281   28154   24420   24984
   26235   22312   23614   20245   25484   20675   24937   21982   23715   28298
   26222   27665   27655   23350   25120   20726   28166   24285   26607   23154
   27196   21717   27545   24978   26117   21192   20695   25297   25402   23954
   21879   23314   29227   26002   22292   26868   25704   27310   27071   21753
   25294   21180   26420   26294   25220   27013   25564   26570   27214   22589
   20535   21253   20041   27126   25547   28644   24913   22276   27554   24523
   25357   27916   29825   28630   26760   26484   23575   24327   22923   24647
   22386   29238   29407   29891   28957   24719   21663   26816   26539   27953
   28897   22300   22308   23882   29490   27857   20053   23286   25571   22989
   20056   29877   26465   29574   27467   21072   21386   23265   25276   27404
   22652   26396   28739   20170   27317   29671   25273   20104   26335   27844
   29100   28244   23896   21607   25681   26063   29747   20673   26283   22577
   27942   20596   24752   27568   24126   23157   23175   21320   23463   21158
   22413   26736   25779   27763   27187   24866   24815   25200   21171   22609
   29667   20703   20542   28798   25054   24130   29071   28126   27979   28778
   26503   21390   22337   26359   27115   25715   24368   27072   21389   23652
   22744   29143   25936   25569   26913   23401   22821   29491   27092   27536
   28711   21006   25029   27374   27705   28193   25301   24345   21040   28987
   28990   25812   26646   22901   20802   28531   29512   25597   21430   26572
   22850   21553   22914   21513   23913   29878   25318   27673   27313   29388
   26194   23609   20783   20208   22649   29858   23174   24244   28234   24947
   27882   21891   22284   22574   25596   28760   20449   28146   22075   25745
   27976   27964   26677   25615   28337   21819   25692   29988   28353   27552
   24699   25449   21094   28037   28135   21409   26003   20896   23742   28084
   21329   26986   23549   23021   22081   26090   26951   21334   20088   27094
   26066   28334   28152   26424   25095   24186   23467   29218   28143   25328
   27288   28014   29151   22827   20090   27637   28890   24906   21026   27698
   21620   20933   21397   22238   22437   21865   28985   21163   23057   28653
   28795   28865   29394   28118   22628   25202   21170   26282   24515   26983
   24487   21632   25886   29758   25222   21774   25741   28314   20359   25442
   27624   27843   27874   23449   22806   28554   24583   25055   24812   24517
   21608   21767   27045   21572   24974   23959   26529   28271   28069   27097
   24188   24214   25865   20222   21060   29750   21274   21631   22509   24448
   23850   29511   23646   27727   28555   27406   28043   26990   23119   21888
   20160   21622   25207   24701   20679   23883   21739   22733   29485   24741
   21750   26163   28052   29328   24874   20327   26554   23970   24417   26714
   26543   20990   21445   25834   21438   23608   23218   20216   20777   22366
   24298   22664   23325   25320   22747   26863   26786   23032   27308   25736
   28843   26434   25696   27656   24171   26367   22387   23630   28566   22834
   28912   24982   28089   27565   25509   28133   26853   25045   25996   21144
   21457   25407   20615   29585   23059   27945   23588   27716   22643   25389
   24306   27812   24395   27135   28162   23578   24889   23981   26044   21257
   24397   28997   25988   29553   26801   25722   20866   20118   20883   21002
   29278   21221   25381   27952   25335   20159   22956   25110   24462   24410
   26994   29978   28349   28553   26805   25410   21996   29263   21312   26703
   21775   23477   23399   27686   27502   21657   28915   28192   29126   23343
   23580   28140   29534   24548   23474   20466   20594   22868   28749   22517
   28585   21735   23577   23728   28731   26473   27184   28970   27084   21226
   29755   28465   27788   21615   29999   29785   20948   27378   27145   20767
   25627   27349   20636   21877   26127   22893   25030   22106   27139   25602
   27786   24876   27065   24181   27417   29964   21843   25325   20518   21810
   24967   27967   21555   29284   20729   22844   20017   26880   27362   26138
   23655   26895   29327   22485   22389   20058   22221   22059   23813   23398
   27303   26565   21367   27801   23654   21173   23735   28965   26972   23290
   20472   24400   26449   22724   24590   23797   24715   27054   28942   29393
   22053   21597   24334   24480   24206   24849   25479   28629   28518   21611
   25519   20955   29948   27260   29350   21431   20825   24208   28757   21011
   24291   23967   27422   25551   20888   29156   27904   22661   22781   26676
   22615   26688   27223   25601   26861   25323   24374   24314   26661   20329
   28976   26298   29006   25378   27993   28940   27147   27600   29458   26947
   23800   22396   25852   20847   28848   27134   29171   29189   28202   26375
   20438   28413   21155   20120   27670   24174   20308   27019   20700   24452
   29447   25677   29698   20489   28831   21136   28787   20116   25738   28658
   20193   27507   21473   23339   28692   23450   21630   21621   27936   23758
   29516   21505   22318   28171   24311   28385   28546   26260   27754   27480
   20309   25476   23261   26381   30006   24795   21345   29109   26550   28187
   23488   29058   27787   23353   24047   28567   20618   26348   27908   21450
   27339   25684   24802   29463   21178   28003   20261   25284   25830   24668
   21250   21814   28807   29310   24743   21348   25731   25693   22391   21589
   27582   22260   20912   29523   27810   28679   25233   20741   28582   20723
   22547   21548   20715   25239   20686   27924   28821   25613   26169   20288
   29475   20051   29335   21593   24528   27117   22129   25065   25589   26770
   28258   20057   27944   29294   27890   23731   25707   24273   23397   26020
   29285   28106   23487   23916   26609   28121   23642   24551   20335   26574
   22047   20965   28451   26558   26775   26963   25923   20149   21267   29031
   29546   23352   28340   24905   23386   21968   23335   27320   28723   20243
   27959   22245   22381   27055   24419   24957   24017   25922   20024   23393
   20435   28730   26203   28901   29055   20991   27410   21249   20548   21566
   24985   24364   29800   29226   21126   28494   22159   20128   27213   29678
   29707   20249   28241   29654   26576   22107   20441   25241   29582   29372
   27389   23385   22170   29460   24001   26980   25011   23612   28956   27233
   27309   22230   24833   28964   24616   25690   22072   29403   20137   23579
   25409   27562   24150   29493   24477   23811   27277   24859   25145   21517
   27098   23502   29406   20022   28571   25130   28562   20572   21067   21976
   20102   27397   21350   28472   24633   24727   24331   23793   24290   20736
   28207   28357   26705   22506   29464   24301   21834   21733   28124   28639
   21825   21579   20474   26052   21942   28952   26170   23409   24176   29293
   27316   26854   21147   25235   20165   21800   27238   29817   29754   27995
   21794   29783   22857   24636   22436   29176   26019   24798   26105   29607
   23407   24042   25288   21637   27623   27728   23084   22207   21773   27327
   22438   23251   28373   21242   26018   29897   23911   22012   23726   20945
   23188   23437   24498   20739   28220   27954   28877   27283   22199   29479
   23131   23755   24396   28817   28027   25868   28851   25254   24650   27275
   20930   23106   20357   20633   22856   20979   27402   23076   27144   22269
   24532   20224   22301   24837   27185   29583   21809   22206   21546   26080
   20468   22584   29352   23740   27512   28534   27255   28909   25643   26929
   26744   28304   29649   28941   21356   27872   26751   28895   24225   28519
   23295   26855   23992   23220   25998   28693   29505   21785   21587   25657
   22703   20198   26690   24321   25907   27901   24847   21125   25825   20071
   23849   20826   24264   29545   28087   27558   28818   22882   29067   20623
   21537   23910   21511   21440   26408   20221   22982   26904   29047   22246
   26416   29363   20839   29235   22136   23178   24909   21866   27661   22972
   24425   21195   27823   24702   26663   22050   27014   21025   21908   29984
   29116   23461   22880   25223   26330   25282   25399   29361   22765   24372
   27195   27935   28788   27590   22790   29431   27169   20470   27958   28705
   21971   27986   27266   25943   28194   29952   29415   22427   26757   26981
   23866   28116   27524   27259   25543   23721   29943   27267   25252   22940
   29380   27427   27368   22915   29548   21831   28527   27464   28499   28030
   27263   22613   26742   29237   29954   22342   21468   26134   28549   24045
   28285   29353   23145   21138   29249   28579   28032   25264   26032   23166
   25032   25739   27244   26250   25149   25679   25744   25818   28239   27526
   27688   28261   29956   24256   25046   22452   29145   27204   22217   29936
   27572   20924   27270   29192   26524   20521   28251   25931   29717   22551
   27509   25416   25184   26151   20326   28804   21710   29778   21105   24612
   22014   29924   23550   26050   23302   29332   26838   23023   25956   23812
   28372   24700   26756   23720   20867   20328   25398   20782   26319   29499
   23423   29088   25520   26800   26382   29554   21987   27444   29166   25428
   27850   24898   21896   22788   25757   24115   24439   28476   24939   24450
   21310   21000   27973   24504   24810   29106   25518   25767   23873   27418
   23112   21275   20680   26271   21660   24824   21259   23955   29873   28966
   28978   25706   22684   28708   26689   26560   22056   20239   21211   21387
   23321   20440   22957   25955   29411   28866   23537   20428   29744   27813
   29727   27428   28916   29495   28803   23293   22144   29894   28109   29436
   21113   25064   22272   23169   23768   28654   29193   20365   26793   26716
   25411   21782   27470   27837   26538   28931   23287   20850   24190   21969
   26610   29588   27779   21792   20398   24222   21169   28201   25426   24900
   28011   27957   21349   28148   23269   20233   21286   26946   25369   20808
   23507   23801   20040   25917   28479   24270   28142   29996   27820   28024
   27485   25022   21405   29853   26149   20862   28423   26585   29465   23068
   21380   29148   23307   27871   25362   26724   24350   21737   29729   26096
   27247   24101   28064   23468   26726   23326   27724   26334   29382   29283
   25697   25209   24951   26958   29351   20278   24220   22565   28610   29234
   28732   20461   22815   21961   29376   29287   21416   25574   24745   20178
   23283   21808   27058   20218   26234   27411   28351   29635   26065   21305
   25165   29044   24086   20123   23532   22197   27772   24624   23852   22645
   24022   20344   24901   22967   20984   21736   28504   22548   26029   27087
   20860   22770   23448   29018   24478   28596   22562   27069   21625   22369
   24070   20800   24620   28277   26845   20806   22040   25836   29928   21577
   22432   27215   20941   29761   24884   25387   21698   25344   26754   29738
   24049   25778   28959   22102   28953   20513   26265   28503   21781   25545
   23708   29599   25326   27659   23029   20290   29567   26957   20999   20801
   20738   27983   29253   28793   26200   27583   28677   28992   25178   21509
   22811   27419   28589   24665   21565   28086   28430   27230   28696   29835
   23330   22735   21325   29799   22419   24858   27325   21833   26191   22951
   24194   25473   26276   27446   23499   23155   28640   25558   24379   27917
   28399   24864   29205   23659   24923   25078   24852   23553   25816   22618
   21771   27133   28093   22637   21260   25563   24714   26706   24567   25948
   20226   22258   23336   26227   25257   29096   25446   20656   20996   20317
   26212   29793   28862   25303   26752   25128   26925   28019   20197   21365
   27741   26769   26704   27174   27329   23526   24580   29538   29998   22849
   21322   26604   25183   26727   24241   20305   22313   29331   29980   28540
   25808   29441   23834   26133   22021   26669   21297   29562   25109   28514
   25538   24475   23603   26422   25687   26866   24637   20062   23009   21557
   26309   24630   26582   25539   21421   26552   27001   22143   24640   27161
   21726   26590   23706   20744   25014   28388   20893   20377   21861   27789
   27933   22511   23148   29296   28321   24771   23699   25562   29969   28048
   26796   20458   29488   24659   27838   22433   21529   23241   27261   22974
   21339   21388   24415   24773   23111   22816   21111   23492   27759   29974
   23074   21167   25250   25945   25822   29259   27377   25308   23211   29057
   25906   22457   26974   26441   29690   27505   27889   26737   21573   25085
   20822   21293   23745   28962   21664   23878   23636   29084   23372   23973
   29090   29568   28860   28907   24586   26804   28829   23678   24683   27246
   21649   25828   28046   26478   28509   27537   23259   23979   25668   22963
   22653   25673   20127   26857   20564   28347   29379   27840   21633   23390
   24134   30003   21830   23416   28823   29681   29710   29186   22078   27212
   22453   24297   20648   26995   25333   24632   26313   26885   25711   27601
   29040   27209   26089   23796   24002   27483   23104   23685   22891   29814
   27493   29462   28892   23047   23631   29147   27461   24731   21049   29833
   26228   22779   23626   25088   28595   27153   25225   27218   24673   24060
   27340   23557   29555   27807   20725   26656   29850   27073   24996   21674
   24806   29357   27109   21107   20641   23869   24566   22275   25941   24584
   20364   27797   20972   25806   27627   26778   24997   28800   29937   27970
   27994   27948   21644   20184   20875   26436   22092   25698   26657   27548
   23415   21200   26130   23280   23966   26606   28243   21175   21795   24678
   25474   26545   25649   26264   24618   22794   27421   20842   28123   28603
   25229   23573   24254   22465   25496   22488   28852   23943   25672   24203
   23589   22166   22225   25619   29326   28533   24642   24639   25974   23554
   25725   24366   24440   26237   21033   26536   28791   20701   20147   21035
   23574   27007   23429   26584   22140   24734   23645   29639   24030   26812
   21426   28141   27892   22130   29405   27376   24075   26915   27296   22799
   26055   24404   21079   28262   27221   21183   26178   24667   22204   29614
   28808   24767   27817   20045   26037   20060   28676   26067   23132   22519
   27514   27268   20414   28725   27390   25268   24926   24686   26831   23912
   21686   28712   23556   28637   27191   27003   25634   26223   21533   21379
   20402   27853   28719   26412   21858   22085   21634   24408   21182   24481
   22314   26526   28094   25498   25394   28468   24911   27636   23469   21671
   20527   28181   21892   23694   23900   21569   24050   23831   23172   22986
   22905   22754   24922   29900   24020   22592   28780   24180   24003   28950
   20796   21152   21493   24649   22758   24207   23332   29028   24904   26587
   26668   29645   27974   24664   22338   29423   22935   21609   28165   23322
   21338   29898   21317   25796   28023   25437   28675   20905   23284   22282
   25026   21842   28631   27666   25764   24217   29914   26034   29315   21347
   22792   27887   20737   22426   28991   20634   25559   25414   29355   24259
   22334   25113   28706   25859   23043   24219   26393   23272   28099   20655
   24147   28728   28013   27141   24468   27693   21651   25883   23774   23167
   24102   29396   26783   23940   24507   23497   27163   22210   22299   21777
   29370   29637   28274   28906   22595   26934   23887   28302   20932   25069
   25158   26272   28612   26486   24275   21474   28453   29580   24090   24844
   23234   29759   24927   24778   22523   25493   21901   24808   22510   26091
   24707   21149   24577   20503   20258   21499   23152   24127   24857   25964
   26038   23805   27649   23232   29261   26357   23253   23027   23709   21770
   28771   25324   21352   26111   26602   25962   29674   25102   24216   29753
   23191   21654   21957   26092   22286   25709   22404   28137   29695   24430
   20988   27918   23772   23289   27913   26043   24053   25138   23159   25517
   23847   21871   23521   26389   28161   26971   26684   27367   20946   23613
   28280   26573   22600   26158   27569   27197   26825   24039   28971   24234
   29482   24573   21920   23719   28784   21084   25960   29416   29074   27978
   25810   21965   20919   26406   25862   21302   26376   20397   23081   23494
   24779   29070   23583   26923   27194   23373   20704   24341   25486   21015
   24522   21472   29923   26906   26062   21543   26307   23192   24445   21041
   21485   21970   23069   22293   26679   24571   20171   28960   29167   29881
   23749   23928   29317   27254   25246   24429   27791   23262   28359   20423
   25727   28197   20873   24143   22095   27845   26438   29486   23528   22110
   26464   28493   28584   23070   26150   23668   26630   23725   28363   27366
   29702   29803   28878   21576   28383   27000   26748   26998   22384   25076
   21196   26850   24969   25376   21718   21165   27675   28773   29164   20079
   21954   26197   25125   26328   26184   25289   27137   22266   25967   27343
   23934   21215   24691   22079   25374   22768   22319   25010   26821   21540
   22894   22750   21507   23525   23495   25283   23674   27052   27414   29742
   24138   27016   23080   22878   26936   27922   21541   22066   23482   28840
   28563   26068   27301   29594   20086   26483   25331   21122   29111   25425
   28317   20668   22787   22682   23292   28782   28980   29967   27854   28462
   23153   25173   20055   24819   26984   23278   26398   27981   27222   20372
   24261   24975   27638   20719   23689   27802   26920   22138   24484   22062
   27997   20805   29333   22830   28581   24111   25772   23127   23679   20080
   24014   20856   21816   23002   28184   20061   22388   20136   23771   29052
   29319   27232   30009   24836   20323   27808   24352   21999   24148   22784
   25427   21584   27858   25994   27102   24121   22492   22182   28315   26418
   25700   27458   28378   29670   21477   24720   22981   25105   20130   26870
   25231   29208   25622   29719   23133   25716   22869   28062   29990   24710
   29679   23875   21894   26218   25293   24688   25134   22786   29579   22843
   28380   25155   20235   29618   21960   21945   20983   29658   22345   26719
   28035   21964   25593   23421   29808   24809   24036   23816   20635   26691
   25355   24486   25618   22202   26368   26697   27220   28125   20958   26388
   24443   21265   22354   24543   24340   25341   23776   22732   21271   20082
   20994   23361   20347   22120   23224   26966   23753   25676   26202   21650
   27943   26978   29542   26890   27597   28456   20068   22718   24615   25671
   28102   21283   24187   21707   28552   21918   26109   26072   24557   22006
   29383   20667   26650   28266   26865   20982   27900   20625   26875   26343
   25821   27617   22655   25682   24266   28701   23208   21241   24342   21745
   20110   20091   29886   24791   20174   20745   21690   22402   22560   26141
   24132   24709   24496   29282   29003   22675   27323   28742   20611   29430
   24251   21948   23810   28776   22390   21245   29768   23922   26252   25404
   27203   28777   26024   22032   25702   20213   23951   22290   22063   28497
   23523   28153   20755   24232   28488   29708   29983   23803   25881   24390
   26505   23177   29751   20095   29843   25170   22763   24367   27777   23830
   20938   20917   28903   29728   28206   20692   20502   22471   27380   26075
   25274   20238   26006   29450   22835   27024   25226   28417   28218   23003
   20028   22013   20111   20784   29595   24363   28491   28215   29168   21711
   22208   27186   20373   25199   22165   26967   28440   23541   24784   29987
   21519   27090   25388   29390   21822   21721   24205   20494   26768   22785
   24547   28323   20508   26586   22127   24438   20746   22428   29527   29356
   29697   20654   28617   24888   26239   28437   25652   27700   22307   21237
   20396   24178   21118   29404   20339   25554   27497   23147   20629   22759
   28443   22296   21001   27956   24940   25287   21047   29712   20025   23404
   28500   23129   22250   28330   27360   26289   22535   29968   27328   23447
   28755   23072   24680   26527   20429   20528   29515   24899   26887   22500
   29011   26611   28346   21602   21007   28001   23632   29870   24139   24461
   25833   20591   21693   22429   23088   21827   20325   27949   29907   28602
   22454   24081   20766   26477   21704   23538   21078   20247   24796   21038
   26074   25991   29838   23179   29203   26620   23901   20961   26777   20870
   23977   24326   23799   24902   22341   25056   27463   21586   27819   25400
   23493   24800   23299   22966   21020   27847   21591   27708   23858   20342
   23546   28529   20709   26965   21705   20732   21761   23378   20747   27798
   25720   26423   24935   26795   22939   22395   20362   24112   23868   26815
   20811   26927   24098   25487   21590   24744   28029   26498   25603   29062
   21461   27702   23197   29510   25981   27867   28249   24066   21953   28847
   22281   22201   25897   21455   24054   20361   25979   22317   22912   20492
   20186   24023   22866   20259   20203   20773   22899   26284   25497   21095
   22261   29524   24347   29887   20146   21944   29577   24169   27345   28332
   29561   23775   21162   27387   22495   20409   23485   24842   21135   29543
   20370   26919   21935   27435   26811   20713   22791   24046   24561   29392
   24476   28191   26083   20621   29872   22194   29216   21186   25734   22076
   23576   22706   29621   20101   24177   25198   28414   22163   25373   25751
   26889   27864   21046   26917   24446   22113   22538   23903   24687   24592
   25099   26317   27535   23691   29000   22658   22057   29200   27729   23039
   23746   27105   22335   29664   26781   27669   29550   28044   24814   28290
   29901   28881   29520   27642   21997   23207   25844   29909   27760   28949
   29453   21605   26468   28199   25379   26722   23930   26823   26219   26363
   20289   20549   27114   26772   27100   23767   21984   26841   24276   22936
   24607   21994   24801   29178   21853   24057   29875   20819   23246   27146
   21525   24500   24394   21779   29275   24961   26692   25799   22213   29939
   24032   26556   26344   21839   26615   24434   28982   25766   20880   21048
   26645   28917   27676   21629   29105   21807   26515   29290   24968   21714
   21973   26188   29781   29131   26731   29204   29565   29013   29623   27527
   21225   20953   22357   27026   21734   22203   24563   26643   27998   26575
   25763   22716   28376   24964   28955   25057   26563   25154   29902   25826
   28944   22493   26172   27604   23323   20922   20242   27118   29049   29812
   25902   28227   26275   21521   23747   20455   20579   26996   23189   22132
   28961   25664   29852   22459   21516   23618   29091   27876   25132   26787
   29217   24179   22356   23964   23202   26346   29642   23005   25817   23424
   27168   22854   28703   27295   24780   27264   20507   26779   21080   28235
   23823   24105   26911   21248   22913   29365   26820   23611   27646   22666
   25746   21688   22696   21331   28176   23879   29354   20153   24381   29417
   25201   27021   26383   20015   20604   24004   22209   22757   29643   20299
   23712   22720   29866   24685   28214   22496   21678   24651   24825   27542
   29010   22237   25516   23015   21600   22071   24456   21385   28495   29298
   29232   23434   24965   28231   28811   21655   26379   25938   21028   28418
   22180   25354   21469   23907   21160   21482   20954   25313   20105   28233
   29400   20742   29443   24317   22769   25841   24336   23871   22128   24605
   23786   21056   28095   20476   25092   20575   26166   23480   27281   20460
   22212   20084   23952   28922   22544   24944   22501   27142   20663   29957
   23714   26161   23435   23146   28830   29299   24576   22504   24470   22991
   23349   20925   21231   24411   29432   20392   28947   25723   22734   23693
   27398   28008   29173   21022   28438   21417   26164   25035   22490   21713
   26673   20584   26997   22620   28366   23893   23098   29888   27080   21128
   29718   23687   23802   28619   25438   28726   28523   25142   25928   20992
   29459   23599   23382   29572   23762   27059   22910   23586   20529   28139
   26695   26246   21956   29020   21360   22674   24107   27508   20270   24043
   27985   26491   24065   29918   26450   22376   29072   23877   23856   27460
   27437   28545   21337   20963   26236   24056   25753   23048   27274   23727
   22578   23942   22324   20649   24921   29085   26860   28768   23489   23564
   27697   20369   21659   23412   23306   29132   28686   20601   23228   24095
   25004   22033   23891   27884   27746   25140   25633   20890   23644   22537
   24538   27996   22111   21747   25985   22226   24006   24675   26903   28825
   27855   28477   23991   24375   26718   22405   21197   29429   20967   24845
   22220   23210   23512   29629   25285   20794   24278   25332   26734   22715
   29005   20151   24212   23329   26189   26326   23118   28398   24646   20237
   24084   27403   25648   29349   20921   20297   26492   28164   29558   28169
   29113   22772   28924   22950   26070   23212   24037   28157   27651   21063
   29598   22487   22060   25514   28444   23102   27453   26828   21151   20465
   28750   22470   29498   29526   23759   21190   29680   21820   21203   20254
   20285   24008   27689   22875   23473   23620   20478   27930   20439   20185
   23142   25230   20730   21837   21926   21515   20306   24660   24765   27780
   23929   20761   26773   26993   24010   25719   20824   26112   28449   28766
   23281   26258   20274   20612   27824   21612   25441   27179   23250   21393
   29766   27814   24328   29434   28075   22412   26600   22630   24513   29641
   25584   22695   29410   22365   22229   24871   22877   21695   23268   24973
   23723   23420   25253   28530   28265   23355   25336   23518   26303   23125
   21604   27963   23275   28796   25300   22097   27226   20140   27619   27815
   21452   26894   22115   20446   29675   20861   28681   23058   21742   28382
   24228   21524   22797   21361   29187   21218   24896   28856   22839   23761
   26653   26435   25439   25819   21003   23531   25620   29456   21202   20526
   26262   24674   22270   28511   28898   23242   23094   28301   29094   27630
   25837   25954   24087   29622   29734   23395   20164   22036   24323   25793
   24201   22555   24392   28331   23625   24998   26401   25680   27626   27363
   21828   28565   22279   26596   28051   26370   22762   29075   20148   20827
   27766   28506   21447   29632   24512   21724   22812   21252   20600   25312
   29273   29904   20652   23160   26031   29605   22533   29589   24629   24129
   26322   28364   24604   29541   25710   22594   20026   23690   26932   23710
   29426   27598   25595   27030   20264   27833   24257   21748   26247   24585
   28674   27479   28056   29863   20606   21308   20650   25840   26238   21096
   22610   27550   21396   28458   25163   22529   20114   29228   23244   27108
   25435   28276   29163   23121   26017   26829   25211   24161   27714   28328
   22173   21210   27775   26248   24361   26740   20788   27603   25770   26229
   20291   25537   22116   22153   22150   28132   28805   27306   29188   24932
   22987   22713   21240   27027   28659   21296   25190   25878   20525   29775
   26286   22087   27004   29945   29668   20540   29219   25889   20841   22908
   26305   23918   26641   21838   24785   20909   25329   25512   22252   22836
   26122   27477   22497   23303   27089   29024   23736   22364   23624   21832
   22068   29740   21486   24946   29124   24886   28734   24041   25685   20412
   29830   25086   25820   28913   23184   23490   29864   25851   23976   21564
   28269   28284   24497   23562   24026   29030   28257   20886   23960   22879
   21134   20173   22631   21836   21291   21463   29304   24110   20943   21668
   26312   27927   25204   29257   20044   24108   23406   22575   24488   23004
   20561   28263   21972   27331   22028   20477   22400   20195   27680   24373
   22796   26790   23389   23536   27394   27393   28713   23585   24537   28538
   22883   26944   22228   20541   25111   20279   23025   23472   20077   26155
   26847   29857   21351   29199   20643   24384   27346   20809   21032   22540
   24435   23604   20093   20568   21601   25579   23623   24740   22749   27154
   22890   25351   24839   23854   26041   24966   21900   27076   26547   22570
   20698   25262   21148   24230   24031   22242   25412   22780   28779   20181
   20020   25665   23464   27060   26593   29669   24597   25218   21641   24655
   22051   21410   22016   22333   25675   28815   25641   27865   29422   21133
   20367   21826   26458   26085   25396   27381   27120   25794   25430   27066
   25372   25636   27018   22362   29395   21051   22112   28127   22976   24601
   29610   29794   20949   20324   29711   26460   20815   27962   22022   22039
   21527   25188   26437   22000   22090   24511   21407   28608   22918   25623
   25106   26056   21092   29039   21327   22590   21244   25639   25346   20781
   26862   29592   29262   25118   27885   27110   26603   22520   22145   24758
   28883   25525   24525   26088   25314   22708   20030   21928   28461   21936
   21475   26707   23156   29179   21492   20509   28914   27732   20768   23419
   25588   27171   24558   22146   25777   21494   26759   21399   22267   26888
   20717   20498   24280   22971   20637   20070   24556   22889   25175   24893
   27644   26629   28626   25338   24658   25873   21876   26210   21198   29484
   22766   20702   28717   28745   24959   25942   28264   21760   20219   27735
   23363   22029   21689   28336   25893   20311   25477   29536   29950   23783
   23909   25638   20266   28464   25570   24885   24916   25927   29220   27616
   26365   29466   27888   21235   24202   28203   22023   23181   25009   29061
   25829   27868   23533   24118   22082   28905   27587   20707   26280   23358
   29367   24949   24653   26892   27471   25582   20840   24044   26977   24204
   25884   23906   21768   22410   28404   22086   24862   21580   21884   26028
   29019   27717   24645   24938   27167   22978   21109   28167   20065   24451
   24447   29172   29120   22418   20887   28042   24113   24860   25961   27031
   20624   26581   25733   26059   21069   21716   25904   22586   29867   22377
   22108   28186   27314   27240   22361   20036   24924   25000   22566   29123
   21544   29820   29470   28080   22121   29246   27405   23921   22729   21992
   21491   26797   24250   28365   23551   24218   21720   26806   21411   25146
   29137   28871   23865   20989   23022   27790   22929   21665   21371   27657
   29813   24160   23894   27438   25315   22302   30007   28507   27898   26431
   22325   23941   28433   20407   29026   26425   26156   27383   26226   23825
   29448   29082   21247   23064   26251   20599   28516   28870   24073   27566
   26274   27596   23711   21635   28666   27237   29953   25097   25802   29295
   26231   28326   28254   22934   29060   27063   26021   21912   25992   25462
   25384   28369   21947   26822   23368   23061   23466   28210   22616   20303
   26633   28975   26874   20404   22702   23998   27549   27159   26886   22599
   20869   24738   29389   20271   25008   24698   22518   29133   25586   27851
   27895   23377   24474   21139   27606   22626   23384   27227   24510   23042
   29378   25572   25013   26794   24380   22876   25424   28421   24080   24830
   29777   29673   23809   22646   23426   28645   21381   27236   22067   23995
   29046   26701   27982   28977   21495   25521   21154   23309   25248   21209
   24689   27157   29604   28174   21082   21907   21282   28759   25466   20304
   28343   21685   27966   26187   20632   29007   21702   28292   28785   23989
   24983   20854   22804   22289   24726   21598   28150   27641   27289   22278
   26073   27395   20363   23692   24787   29973   20516   26404   22521   25858
   29656   29022   24300   29906   27297   28021   29874   22845   25578   25568
   20718   27614   24253   28147   25894   23884   22872   25403   23071   20196
   25309   25769   26591   26693   26014   26522   24033   21418   20268   27202
   28059   25730   27399   26362   29342   20749   20580   28669   27248   25457
   27439   25084   26411   28101   24144   23855   28371   21588   20262   22542
   27758   26452   27382   20585   23137   22886   23717   23163   22755   26644
   20758   24287   29041   27075   24421   27235   26372   27198   21955   24369
   26176   20380   26982   28813   25255   21797   27177   29045   24133   26145
   25980   21480   25299   29625   29442   26717   23122   20085   25210   20406
   24247   27695   29330   28605   25167   20524   26708   23333   28620   27332
   24319   21582   27208   26548   29169   27106   25302   24199   23994   22526
   24562   29518   22392   25934   20907   21730   22928   29841   21929   21174
   26104   20956   23648   24299   25429   24499   26399   25265   28664   28483
   26807   20971   27532   26826   23183   24494   24365   23445   23271   24312
   25691   20491   25792   28864   29140   26771   25621   28077   21755   27547
   23440   21177   23086   25122   24822   24243   20257   23972   24723   20590
   23308   26882   28650   29427   20647   29095   24531   24079   23063   20157
   27304   22003   28338   24880   27457   22961   28108   27207   21818   20844
   29239   28925   21975   20383   23684   22043   29107   27022   26902   23316
   20803   27356   25087   24775   20957   25909   26301   24142   28457   25444
   20424   27046   21951   28025   20770   28484   25499   21424   24260   29704
   22142   28578   28286   24197   27841   21262   27796   26030   26403   29927
   24878   22256   21560   23294   24114   22909   24790   20845   26671   23513
   29805   21398   24383   24432   26867   25480   24233   28687   25566   24920
   25911   24617   20209   25161   25503   20142   23939   29364   22160   23247
   20496   25986   25364   26233   20882   20998   25104   22826   21840   28350
   23337   22591   25100   24625   27770   25515   26051   25505   24654   26810
   20534   29880   28361   23996   23170   23650   25591   24145   27178   23107
   28296   23187   24059   25798   29889   29688   22623   27370   26311   25197
   24854   24072   29190   23886   28979   24064   29989   23001   20817   23605
   27162   27915   29371   24000   20995   25053   29807   21570   29716   25261
   29240   20559   20475   20321   29341   20316   21636   23559   26746   26320
   22401   20096   29286   29093   21027   22119   21850   27525   23530   29809
   26361   20756   23888   23924   29247   26763   26342   26912   26110   28205
   25888   22778   22421   23938   29129   29280   27643   27384   29525   25390
   26173   23680   20960   20843   27912   20934   28721   20951   22701   22460
   22691   27429   27205   23547   23833   29818   29970   28092   29855   21062
   28367   25147   21694   22328   28018   21146   24348   23264   25256   29882
   22507   28863   28741   26152   27886   20403   28580   23432   22035   23203
   21675   24360   23375   22672   30005   21053   24718   20109   20401   24389
   25882   23110   25925   29633   20598   20520   23944   26453   23808   24453
   28994   26551   20760   20052   29842   28632   29042   28104   23092   23826
   24210   23738   26446   22398   26899   23199   24024   20589   27664   20780
   28333   23763   22241   27504   26447   29162   28526   22898   29780   24697
   21490   25185   25467   25947   24173   22997   27369   29494   22074   21978
   20471   24772   24540   23310   20626   22175   25370   26116   28615   28074
   25448   22084   21919   25506   21204   23750   25195   20214   25238   27828
   29644   29646   20163   24588   22297   21821   27487   20562   20911   23542
   22767   21719   29796   28448   26300   27111   26680   27621   20231   28973
   29150   20351   21110   23724   24826   20069   28204   27563   25659   27683
   26832   26989   20936   21805   24981   26008   23451   22704   25969   23510
   21489   21436   21272   23703   29221   23396   25001   23425   27096   26659
   22960   25529   28071   29476   21585   22559   21089   24542   27842   21343
   22478   28633   21752   23837   24283   21788   22044   26721   23741   21670
   23304   27753   25272   28088   22310   20532   24782   24019   21112   27450
   22863   20131   29161   20253   28039   20453   21400   24184   27123   27926
   29236   20016   28802   26979   28375   20952   25219   23441   26935   21073
   29260   20287   24735   28663   28072   26094   29666   20620   22218   20877
   23481   24762   20902   21893   21867   28586   26648   20555   20530   24382
   21567   20296   25459   27037   22277   21723   25027   21728   29501   21531
   26532   26137   28422   24482   27333   22105   25310   20384   28145   22822
   22921   26378   26215   29557   25800   22700   22709   27856   24281   21882
   23606   26394   20588   23565   23963   25260   28606   26988   23226   23779
   21058   20884   23452   27567   26501   23340   29325   25513   20488   26549
   24502   21383   29483   29587   27265   24661   22294   24992   20970   21116
   24770   26299   23569   27385   24344   26500   22141   27148   22629   25565
   24231   25436   21545   28700   24694   22253   20997   20537   26625   21098
   20150   29571   25266   24682   26261   27561   21684   22948   24832   20863
   27043   24011   27605   21088   25269   20421   26490   29032   22134   21672
   26617   22611   24792   23216   22707   28196   28247   29848   22667   26386
   24226   25598   28156   27816   30008   25181   21005   25103   24473   24028
   21377   24728   28489   23135   23615   21467   22171   26525   25787   23176
   20302   29682   25775   26674   29118   25866   21514   26626   28034   27083
   25258   24492   20616   25530   24606   26953   27540   23947   20977   29471
   27302   29513   29399   23073   28041   28597   23010   20545   29117   29377
   20501   23520   28478   23360   21373   26013   21786   23097   27818   22919
   26541   27074   29212   21281   23144   21913   25867   28100   21378   26750
   28291   27625   28496   24128   26495   24613   24867   26480   25581   24829
   20670   26193   26623   20263   27937   20451   24816   24669   22669   27919
   23439   22621   21801   28794   20669   25993   26943   24851   27488   27703
   22190   20042   29975   23956   23892   28168   27229   23446   26878   26095
   21314   20981   29570   24846   23925   26553   26211   26004   20223   26747
   25686   29573   26700   29358   28921   29693   28354   22745   24925   26897
   21127   29845   29037   24856   20838   23595   22046   21643   22911   24409
   27663   29183   20217   27344   20759   28967   21869   26253   24769   20630
   26461   23190   26849   27960   23874   22326   29158   20657   25380   20734
   22531   26186   21382   21878   23982   27744   28482   25625   29915   22727
   22263   22553   23230   21295   25940   23078   24603   23046   20676   26836
   21731   21691   25397   25278   20666   26830   21336   27929   26843   25421
   23296   27940   24414   25968   26761   21706   21696   27799   28129   28246
   21902   27165   24873   21483   25322   25585   27456   26749   25976   20751
   29985   21278   25524   22476   26774   22200   23675   28591   21012   28283
   24544   27354   20544   24591   20536   28984   21829   27672   27907   24879
   24987   20812   22895   29309   26444   29797   20374   27893   22424   29103
   20573   24268   27250   26665   29338   29323   23567   22602   22007   24742
   26143   28219   24351   26061   28548   26864   29869   25891   25468   20284
   22054   29782   25051   24062   21315   29560   29576   22167   20462   28735
   22617   26901   23593   28170   20019   29500   23033   26618   21459   28076
   22605   25935   23235   21313   28716   29720   23948   21441   21988   21899
   25699   29883   23861   28867   29920   23277   26347   29910   24279   23570
   27718   22077   20232   22469   27132   25279   20622   21131   23120   27522
   27849   24324   26728   25644   23540   29930   24953   24514   25742   26207
   24971   21504   22070   20876   29696   28475   24274   26848   26007   24722
   20787   23535   26352   20699   29177   20595   22916   23566   22627   28774
   26084   26785   26419   25910   22640   26682   29121   25912   22091   23686
   26474   28149   21512   20236   29749   25135   22162   23317   25247   22234
   20212   22131   27468   25501   25864   22020   28119   23270   29270   28710
   20133   22122   23978   22864   22189   28786   28569   29191   27318   25463
   22158   21023   25879   29703   22980   22541   22257   20457   25406   29804
   23828   22327   26026   20546   26859   25342   27042   27640   24662   21478
   25901   24288   29104   23348   27269   28709   22408   20853   27409   23341
   25275   26930   29791   26157   29810   22985   20775   21191   22232   20229
   26124   25758   21617   25839   29343   24489   28945   27767   29715   22622
   24466   26876   23276   29276   22683   27778   20597   27434   24811   21217
   22944   21287   27546   28888   27894   29884   26905   20194   22819   28758
   20418   27749   24428   27262   26546   22867   21142   25080   26513   29437
   24954   24012   20833   24318   20010   26667   28559   26537   22244   26597
   20497   21875   26999   23827   26147   24063   24215   29110   20320   21232
   22569   21592   29474   26945   24398   29401   20566   29991   23829   21914
   26336   28929   25630   22380   28294   23859   20560   29941   26027   23790
   26916   21627   23229   25807   21233   29102   21895   21184   21765   25608
   22678   20614   20176   27795   29210   25240   23249   25632   27681   25215
   27564   20345   21946   26369   23596   24349   25549   27173   28211   22414
   28872   28138   22979   26776   25924   29772   25614   23836   22552   24182
   20199   20609   23052   21859   25832   23697   26179   28842   20033   27931
   20571   25455   25813   25718   26710   24221   29683   20690   25052   28155
   20336   28324   22117   28436   20942   27095   28459   22558   22748   27771
   26960   29197   29705   28490   23563   27057   22954   29709   28999   20753
   20728   28225   26696   21754   24988   22265   28512   28946   21437   24393
   24890   21623   26510   29662   26349   21068   29339   27424   27449   20515
   21835   27056   22964   29385   28743   28295   24332   23504   25660   21449
   20931   28919   29745   22773   27878   21855   28588   22998   27645   24766
   28560   22902   27875   29563   25119   21931   23867   28117   26738   24353
   27116   26991   20360   26224   29134   27726   24704   23640   22458   26440
   27224   27968   26942   20371   22254   26057   22227   27294   28309   26039
   27541   22932   26955   20814   20117   28923   20138   23128   30004   21031
   26001   23383   29723   27517   27755   27711   29138   21857   21508   25194
   28068   22287   22924   28682   23773   26733   20393   28570   23881   27880
   29277   23782   28600   21362   27862   28656   26594   24717   22694   29468
   27112   26082   28616   29157   26699   21563   24764   24945   24136   20314
   20962   27241   28542   21363   25044   20337   22746   28556   27358   29225
   28573   21422   24960   28120   21311   21806   29170   26792   21140   23817
   20538   23143   26818   25546   20830   23136   20786   20200   26097   21746
   26631   24928   22195   20167   26139   28609   27475   22015   22320   21639
