   31800   31305   35622   33168   34140   36127   34838   35851   36902   35889
   33999   30538   34807   31607   32904   36070   35035   32033   32784   30445
   36134   34147   31872   33107   32229   30861   36990   34510   30013   30500
   36522   35972   36463   31036   34616   32731   36143   33233   33461   32943
   36925   32550   31661   36196   35874   31133   32266   31225   32542   31935
   31088   31414   30303   31842   33971   32282   31053   30403   36595   36859
   36217   36897   33027   36886   32519   32452   30779   31590   31368   35913
   34702   35977   33900   34943   32985   30909   36711   31304   36780   35828
   30157   36626   36103   33522   35881   36917   30862   35230   30994   36673
   36066   34704   35033   30681   31591   34643   30264   34670   33573   36271
   36577   31700   31862   33468   34554   32187   36533   34475   30852   33698
   35561   35945   35550   30752   30416   32140   34336   31844   34543   32408
   36153   30040   31966   31576   30267   31945   35736   35598   32396   31387
   36404   30192   32523   30956   36835   30754   36797   33051   33160   34753
   34261   36147   31826   34204   34668   32892   36111   35682   30863   31302
   32162   31952   32236   35247   34756   31037   35576   30751   34686   31480
   35796   32353   32142   30680   36685   35395   30328   36519   33681   30257
   30561   36352   34505   34854   30110   34985   32807   30597   36841   36202
   33740   34069   31358   36628   36820   34247   35048   33910   35130   35626
   36894   30814   35225   30803   30274   35951   31199   36277   32568   30067
   33199   36490   30875   34292   32598   35209   32435   31383   34621   36037
   34290   30504   35422   32573   30626   36449   32718   34430   34291   30249
   36670   32820   35566   36334   35509   35489   34045   36729   32045   35205
   35982   35122   30823   31218   30781   31292   30539   36475   35987   35730
   32973   31575   36681   36205   30360   31076   33235   30962   35620   33868
   35396   34902   35612   31149   31864   31012   30782   34586   33213   36535
   34389   31969   30654   34791   32772   35028   30506   35745   34815   32103
   32816   35245   34139   35721   34832   32601   34393   30869   34938   32290
   31064   30166   35080   34136   36806   31910   31636   35656   34121   31168
   33404   31932   36528   34731   31191   34818   32052   32211   30490   33759
   33502   32796   31880   32949   36313   31454   36114   35920   36337   30989
   34538   35107   31455   31090   31895   31698   35911   35266   30295   35748
   32463   31520   31584   36259   30436   30558   35742   30948   35167   34380
   36840   32483   31017   35470   34286   34612   30330   35495   30029   36887
   34762   30796   32042   30236   30543   32002   35997   33689   30830   34567
   34125   35452   33528   35347   34867   35451   36276   33933   35665   33748
   34800   34653   33547   35466   35802   35888   31132   30652   30482   30230
   32592   30442   34997   34231   35525   33798   36169   36961   31960   35485
   34435   33251   34507   36815   31313   34591   32525   36286   33633   32824
   33692   32588   32927   32890   33406   33937   35818   35854   30737   35153
   30016   36480   34468   33630   33590   34991   35206   34564   34956   32719
   33720   31039   33678   35542   32788   34426   35570   34897   32183   32487
   34363   33728   36167   30789   30857   34960   32738   34324   31493   31504
   32308   36423   35257   34763   35021   35158   32648   31172   34569   33651
   35712   34171   30084   30940   33731   32158   31887   33144   33749   30028
   35337   35670   31378   32240   32847   34076   35095   33014   30808   32051
   35572   31006   35716   32589   31721   34888   35659   30535   34835   34796
   34786   30147   30549   33993   36131   33598   34423   36239   36849   32127
   31056   33849   35306   31026   32848   33569   34491   33544   36899   35928
   30056   35604   32987   32337   32468   34378   35574   35375   35406   31093
   33339   34385   34622   36414   34744   30578   35090   32877   36250   30609
   35963   32057   36575   30406   30920   32499   35689   33607   35366   32234
   35356   32081   31044   36940   32922   30560   33077   34657   35401   33726
   35034   32757   31261   35740   32233   32321   30627   36959   33546   34325
   33924   35323   32638   36858   30318   30173   34996   35141   35319   36075
   33119   31669   34641   30453   36098   31980   32137   33891   33477   35345
   33206   31391   35903   35636   34899   34742   35499   32940   31614   35595
   34492   31729   33189   30339   30097   36274   36569   30629   35849   31904
   30389   36758   36760   34104   35678   33722   33856   36348   35746   32733
   32097   34451   31441   33304   33554   30151   35076   34130   32498   32254
   36647   32657   33246   33612   33732   33476   31781   32048   31374   34200
   36983   32159   36119   30536   34256   32631   36609   34080   34410   32646
   30902   33028   34429   35824   35680   35668   34241   34014   31652   33584
   33224   32404   35002   30144   35861   36398   35430   33754   36567   31089
   33501   33282   36052   33225   36645   33901   31973   30531   35180   31662
   36257   31526   32055   35836   31928   32317   31236   35840   30972   33214
   32156   35859   36524   32887   33939   34813   30619   33416   31963   30850
   35602   33105   36525   31543   33308   35469   36837   32603   32526   35087
   32785   33743   36900   36467   30229   32370   30935   33174   31141   30452
   30263   36201   31217   33514   33399   35310   32107   33915   31018   33450
   34295   34626   32076   34328   33039   32422   34890   31153   32017   35510
   35912   31743   33090   35009   31505   31416   34728   35847   34924   36888
   35265   36067   32046   32339   33436   32655   33422   36102   36629   35411
   36600   31451   33081   31600   34470   32674   34318   36249   36813   36957
   35369   32853   34927   36906   35713   34078   33908   32989   32946   31129
   35340   33736   33078   34638   31876   35887   36444   35965   36570   34648
   33115   33241   30571   30255   32430   36579   30993   34680   35324   31946
   31689   30610   30214   32672   33683   33827   31440   31212   36765   32695
   35498   31048   32001   31404   35938   32823   32133   33703   36156   34946
   34949   36725   34275   30189   35029   36133   36844   34644   35136   36593
   30455   32743   31330   35780   35734   36371   32549   36106   34185   34285
   35968   31597   32572   36549   34382   32879   34365   31690   33808   32825
   34251   31723   30462   30959   32345   34442   35181   34866   32583   36664
   35726   34512   31160   36393   34893   34075   34905   36817   36080   33690
   31001   32300   36347   34931   35629   33542   36905   30640   34182   33645
   30342   32593   33349   34395   32747   30717   30098   30251   31038   32827
   34001   31265   32035   30104   36366   36309   34058   32715   36807   32316
   34603   32170   31238   32607   30747   34513   30162   33581   30321   30080
   31019   36913   30733   33780   33507   33638   31459   33317   31883   33634
   34954   36453   33531   30094   36126   30181   32502   34359   33631   35688
   35727   35264   36710   30170   34090   30809   30025   34658   34872   32082
   36618   33040   35703   31461   35923   35287   31070   36473   32714   30217
   36328   31753   36187   33853   30375   30430   34652   34825   30378   34580
   32096   31145   35251   33578   33049   33989   32681   30844   31671   31103
   30106   31516   33151   30017   31827   32267   30579   32673   32711   32193
   34830   32679   30575   35149   36678   34016   32948   35685   36709   33879
   33623   31342   31875   36051   31889   30905   32514   31968   33511   32084
   32375   33400   34284   31293   32726   35864   32372   36891   32659   32326
   36795   36937   33379   36605   35481   34412   33066   30653   35308   35691
   31959   33064   30343   34367   30424   31066   35405   32379   36654   33098
   36351   32079   35114   33576   36040   33334   32306   36705   33563   33902
   32969   32581   36953   34921   35217   30720   33691   35218   35193   30847
   30074   30617   35088   33111   34766   32938   33829   36624   35179   32562
   30082   31068   36228   31096   30220   31843   32095   35518   33682   36171
   33369   34170   34123   34409   34677   33593   32246   34684   32021   32192
   30495   36680   37000   35673   33564   31593   33551   31024   30544   30357
   31029   32710   35534   32524   34625   31283   33861   36591   32716   33657
   30713   33591   30638   33779   35593   32983   32775   36311   32832   34054
   35040   33575   33884   35271   35739   31785   35349   33375   31055   35872
   36369   33695   30832   31908   30888   31507   31297   30858   30813   30921
   33424   32450   33265   31994   33009   34640   34162   31763   30196   30918
   32075   35753   34152   31715   34850   32793   32917   36634   34267   35004
   33677   34052   36722   32761   36130   34128   35477   34157   31524   33746
   30338   31906   30738   30089   30222   33617   31817   32167   33463   30726
   32997   36092   32822   34387   33532   31049   36822   34056   33167   30701
   33279   31594   36223   32289   35235   33495   36195   35815   30778   36707
   34714   33171   33320   32828   32350   32535   30788   30461   34416   32230
   34061   36938   31881   30405   33298   36551   35778   36053   35539   31144
   32906   32034   34255   32707   30409   36954   34342   35023   31949   36292
   36224   32700   31281   31855   35973   30749   34463   34820   30977   31318
   35385   35318   32304   35155   30521   30048   30710   30456   36233   33998
   34199   35302   36770   32777   36793   30938   36661   35478   31532   32312
   33769   36005   33236   36428   36335   36146   35120   35243   35524   31706
   30519   34747   31564   36149   35000   30093   33462   35410   33331   34579
   33230   35200   32202   34249   33920   35254   31510   35008   32405   35472
   31282   34940   32720   36425   30800   30760   34376   30625   35623   36733
   30915   30412   30739   31831   31699   32093   33837   34263   36216   35460
   32649   36183   33013   31254   36736   34593   32011   34134   30280   35068
   36135   35446   30931   31491   36948   34685   34725   35910   30545   31757
   31152   32381   30207   36923   34017   31407   32974   33452   30423   30034
   30489   34663   32947   36091   35248   31771   34099   36367   36935   35065
   35096   32256   32226   32480   36109   32518   32448   34082   32945   32957
   33433   31183   35871   33093   34431   30159   31242   31271   34148   33429
   35219   30748   32742   32883   33828   32851   34582   33292   32876   30158
   34274   33177   36867   35293   30615   31508   36085   31642   36875   35166
   31124   35967   33218   31537   34098   36978   35924   35767   32532   33155
   36632   35735   33249   32294   30156   34816   35515   36104   30725   31460
   31552   31174   35683   35289   36633   30867   30033   35374   36663   31004
   35873   35702   34377   33057   36860   35463   36324   32684   33791   33804
   30467   31419   33052   35084   35329   35999   33389   33479   31745   33086
   33271   35183   30277   30791   35698   35001   33888   32461   32146   36800
   32013   33685   33310   32354   30828   34043   35569   36041   32118   32504
   30492   36065   34197   31290   32833   34500   33367   31323   33289   30105
   32510   33622   33520   33713   30090   34110   33626   31377   30477   33425
   36459   32787   34194   30970   33221   31125   32255   36030   36796   36944
   36011   30161   36779   32168   36112   34149   33353   36152   34118   36394
   35994   34881   32597   33030   33777   34988   34013   36140   35974   35278
   36162   31257   36749   34037   34352   32956   30466   31424   33391   32417
   34944   32574   36769   30291   36727   35450   35536   31495   34953   34006
   31902   35336   30152   34789   30756   32670   36461   36361   35958   34549
   32692   35931   34132   32919   33538   34085   35822   31488   31142   33161
   35297   31163   33006   31873   32703   30923   31235   32617   36831   35399
   36637   36554   31955   36242   32612   32608   36642   34362   35098   31418
   32115   30698   31263   31602   32232   34065   34161   36021   32779   34265
   32783   31361   35764   32144   30718   34722   33595   35409   34371   33020
   34690   34154   33440   34688   33570   32765   31179   32070   30700   36436
   34974   33114   34457   31702   36237   34465   31703   34618   33508   32092
   32837   31204   34379   33428   35383   35050   35654   31288   36340   31379
   36716   35795   36621   33243   36838   34875   35990   30917   33577   31713
   30484   31514   33438   35321   36706   33916   30957   35143   32963   35389
   31759   34138   32252   32039   33921   36612   31506   34239   34023   30944
   30411   34064   32911   33786   30848   35350   33474   30818   31993   35024
   34910   34332   32941   34226   30168   32241   31205   35751   30685   31846
   36029   36357   32584   35556   35015   36332   34883   34655   34705   36947
   33170   30212   33146   33935   30559   33080   33153   36001   30149   32789
   31435   35988   35172   30387   35443   33537   31893   32492   34428   31329
   32611   33393   35624   36636   36385   31171   31521   32394   33460   33672
   31299   33799   35809   31114   35614   36491   32366   32414   30498   34916
   36975   36061   30139   35804   30939   31916   30444   30786   31392   33137
   30460   33980   30649   35979   32160   36420   34892   31778   35061   33864
   35428   34433   31247   34508   30116   33521   34294   34169   34509   32297
   31157   35313   31819   32629   36991   32247   36580   31538   36970   30514
   36441   30137   34833   31530   31780   36563   30382   33327   36116   31628
   36268   33222   32846   30634   34175   34962   30429   36232   36592   36010
   33254   31804   32858   30651   31279   32128   32465   33058   30474   32712
   35865   33147   31353   30886   34592   33954   32511   34271   32725   34852
   34273   33270   35844   34633   31518   36745   31954   35207   35906   32495
   32991   35807   33741   34257   34608   35332   30145   35104   34109   36896
   35638   33359   32811   36329   30641   33318   34682   32393   31739   33245
   34577   30288   31245   32563   30611   32262   31131   33770   33983   31210
   32660   35926   33991   31317   32274   33580   36208   33232   34133   36368
   30580   30182   34444   31685   31987   30929   36791   34841   36383   36439
   31509   33417   35170   34479   31127   33256   35785   32374   35221   35587
   31364   36245   32888   30344   31898   30922   35535   30356   32368   32685
   31034   36790   36496   34493   31776   34038   32578   33970   34609   35886
   31280   36235   32467   30059   36191   35522   30022   35127   32384   35270
   34876   31221   32628   34208   31556   34086   34155   34354   32314   35758
   30133   32512   33523   36240   30241   36999   36254   36538   34012   32258
   36421   31365   32198   36578   31324   35855   35190   34894   35224   31343
   35198   32856   36129   33604   31603   32596   34952   32732   35577   35953
   30292   35115   32220   31657   33112   34748   33166   34213   35808   36231
   35948   32616   30855   31765   35782   36585   33453   35119   34917   33559
   30509   34998   36536   36043   33082   32443   32419   33158   35081   32462
   34335   36659   31203   30353   30030   33512   32392   36048   36920   35996
   31545   30254   32928   30081   31653   30203   35652   32019   33100   30393
   33050   33729   33697   31035   35679   33893   31989   32576   34978   32357
   34527   31589   35650   36895   36210   34920   32412   31239   30480   31202
   30118   35841   30767   30606   31972   33628   36997   33765   30695   33665
   36501   34844   34874   35363   30491   34192   35315   31528   34837   31074
   35503   30721   31312   35259   36218   31167   31541   35936   34276   36494
   30675   33506   34087   32287   35187   31691   36777   30958   32587   34210
   34666   31032   31322   31784   32886   34553   35643   30428   32358   33609
   31798   31178   36319   36607   33333   30529   31344   32269   32228   34485
   34901   33220   36483   30971   35376   30887   30763   35616   33594   31664
   31731   35980   32006   35234   34550   33340   36687   30501   30227   31517
   31837   36922   30377   30101   36089   30132   32861   32642   31023   34511
   36566   32248   30794   31059   34868   31347   31629   33835   35060   30278
   35083   35427   32773   30032   32971   32410   30446   36415   35086   34193
   33212   33730   34322   31355   30404   36326   36078   33493   31286   35471
   35573   34348   30978   33455   30755   36364   30665   32191   30628   31668
   34811   32012   34769   36853   34628   32546   32736   36811   35695   36044
   36805   30194   35328   34158   32253   30792   35692   32840   33851   36343
   31078   33441   34081   32091   32066   34784   31118   32275   33248   34694
   36945   31373   36845   32400   33231   31988   33000   34400   35299   33821
   33966   33747   35687   30618   32239   34819   35914   35830   32479   33018
   32990   34522   36258   31340   32626   35133   32276   31077   34394   30335
   31548   30914   33285   30414   36799   30359   31063   33820   32023   36186
   30068   36649   30793   33383   34062   33439   31695   34447   31198   33110
   32613   33346   33328   36088   33668   34729   35126   35075   31143   36446
   34937   32831   33312   35070   33610   34583   31877   31260   30656   33192
   30256   36101   32998   32727   33200   32018   32600   31134   34281   36026
   30088   31381   34406   30811   30200   33491   32016   35449   33205   35519
   33396   30677   34126   31981   36474   32577   33041   35412   35059   33725
   32689   31795   35765   33724   31859   36934   31439   33351   35905   35171
   30176   35223   31995   36411   34460   35054   36165   33988   32668   33380
   32474   32580   34983   32937   36468   31934   36951   35635   36504   31382
   35123   32173   34314   34706   34496   35249   31047   34525   30991   34858
   32027   32445   32271   31443   35755   34708   33975   33402   34664   35589
   30112   32343   31892   32329   31592   30398   33319   30334   31497   35762
   33097   36993   35507   35212   36184   30731   30122   32782   34977   30846
   30784   31028   36652   34220   34526   33587   32238   34802   33037   34381
   33478   32677   35240   30658   32590   34732   35955   34624   30564   36693
   36107   34915   35239   30591   31825   36498   30053   30516   36568   34067
   33662   32702   30758   31790   33850   35879   34537   32728   34124   33405
   33397   36306   35594   30589   30481   34236   34573   33519   34072   34697
   35777   36660   36209   36615   35551   36724   33278   36665   30448   36372
   30622   31359   31546   31638   34420   34260   30951   34494   30322   32376
   36939   32200   36356   32251   33288   33789   31468   36839   35277   31737
   34113   36013   33311   34847   36658   31434   35494   35456   36542   31848
   30795   34855   31900   34464   36479   30822   32165   30873   30831   34191
   32516   31651   31130   35686   34981   31310   31620   35826   31579   36622
   36619   31122   32925   30950   31151   36610   36492   33606   33766   34414
   36713   32065   31366   33276   30926   36338   36284   31735   35173   33266
   34079   32067   36635   30955   36868   36294   36523   31809   31767   32123
   32243   33811   33075   30052   33395   34222   32270   31259   33309   35169
   30355   30503   32802   32086   34021   34519   30557   35541   32993   36682
   34159   35252   36083   33985   31683   32686   35543   36695   30143   32184
   30250   34374   33021   36876   36312   30447   35720   36032   36193   33357
   36539   31982   32591   36349   35045   33366   31850   35103   33613   33194
   36994   31829   36936   33092   32389   30245   31957   36526   36008   31610
   33670   35868   33627   30825   30213   35603   31635   32346   30165   33836
   34772   34627   33387   30365   34620   31656   32059   32561   35145   31724
   31838   31246   34812   35388   30593   33867   33420   35605   33316   36547
   30607   33472   30076   30323   33196   32135   31539   31878   34212   30186
   33647   31005   31223   34589   33568   34524   33913   35168   36469   32880
   36537   36544   32009   32545   35781   35020   36520   30369   31447   33654
   34150   33977   36882   36759   31613   30662   30391   35284   30370   30131
   34995   31782   30198   30235   32383   30942   31704   35880   35255   31427
   34585   35964   33710   31385   34370   35934   36174   32509   34195   33914
   32586   34240   30420   30892   36175   33152   33768   34111   35744   30872
   30757   36623   32472   30368   32050   35548   36300   32706   34635   31925
   35776   32180   35718   35940   32805   35417   34178   32717   34438   33824
   33589   31793   34486   35352   33070   32355   32809   35421   33870   32257
   34870   33390   32154   32539   31022   33928   30534   35339   35071   33216
   34343   32979   32541   34840   32178   35766   32768   35017   31766   33067
   33987   34051   30441   30540   33719   35109   31498   36767   31123   33022
   30679   31789   33034   36303   30083   32723   34183   33664   32602   35749
   33764   33790   31639   35582   31897   31326   31150   30596   32237   33875
   30567   31309   33797   32277   33332   30827   34859   31965   35578   34453
   35290   33484   32407   35367   31432   31573   32189   34077   32614   36949
   36314   33209   35774   33936   33661   32808   32665   32799   32106   34851
   31369   35132   36572   35640   34536   33716   36308   32320   33599   33485
   35484   36379   36720   35544   31734   30859   33412   31303   34528   36060
   35701   32235   35870   30496   30349   30776   31986   33071   31919   33264
   34369   34022   35125   32333   31918   36903   32966   33125   35459   33138
   36197   31722   33329   34419   31399   32040   31523   31688   31262   34863
   34092   34487   35144   32663   35557   33586   30512   33852   31853   31977
   32854   30815   31884   36189   30722   36977   34015   34904   31485   34730
   33156   31008   32036   36792   34478   33516   31868   35567   30128   34736
   36846   32909   36530   31411   33025   30148   30300   36248   35816   32641
   33629   34775   32818   36573   31284   34293   36515   30772   30279   31569
   35900   31797   36995   33372   30817   34584   33646   36402   32080   35704
   36697   35812   36884   34035   30327   32658   36821   35674   30087   34445
   31914   36241   30210   31363   34780   36456   36226   33263   33718   31863
   33965   32905   33541   30261   32604   33997   31298   30742   30661   30275
   36698   35331   32024   33360   34203   30383   32885   33015   35110   30066
   30047   35457   33984   30285   34587   36502   32087   31725   33842   36794
   32834   36667   36518   31489   36509   31637   35094   33616   34172   33226
   34259   31079   36508   32391   36354   33456   34383   34711   33163   31275
   30975   35448   31333   33738   33527   33981   31467   33374   30044   32208
   31680   35866   30011   33277   31705   33088   35490   32291   30332   33963
   35291   36417   32138   31580   34520   31585   31623   35791   34581   35423
   34446   33106   35253   34710   35772   30372   31325   32767   36200   31062
   34355   30302   33793   34034   34966   31085   34533   35547   32177   30841
   36916   33996   34999   35342   33323   35280   31425   36715   32852   35343
   34737   30341   35361   34373   33415   32373   35177   33782   36988   31618
   36079   32791   34287   32676   31756   32508   30663   35723   31783   30891
   31772   30780   36931   34462   34967   34304   34778   35839   34482   30730
   34862   32766   36731   34117   34084   34610   31350   33701   30523   33426
   35184   33373   31673   33845   36470   30908   33676   31016   32868   32907
   32735   36864   36980   30621   34471   30401   36847   36516   32119   33560
   32441   34843   31162   32636   31220   31470   34073   30877   32781   31886
   31773   32020   30642   32469   30798   35282   30670   36608   30562   30204
   32303   30096   36881   32359   36772   36781   31761   33515   35754   35433
   31975   32413   35852   35863   34282   36331   35330   30178   30542   34669
   32395   32806   31572   36952   32099   31718   30102   31393   34026   34503
   35646   36023   36702   36775   32207   34539   32088   36355   35408   32953
   36310   35553   30983   31816   34521   34774   34891   36676   33816   31701
   33796   34277   31866   31587   36495   32640   30673   32705   33660   33948
   32231   35064   33673   30802   30502   32647   36602   30684   35056   34497
   35825   35203   35770   33488   31647   34358   34258   33822   32894   35432
   34333   31861   31156   36221   36611   33945   30299   31719   36267   34836
   31098   35085   34559   31211   30243   30031   34313   35341   36390   31007
   35117   30588   30961   35560   36413   35311   32049   33927   32071   32307
   34934   34399   33290   36870   34969   31170   33072   36291   36657   36946
   31535   36406   33699   35043   32190   33432   33002   35857   33145   30086
   31395   31841   36814   31307   30469   33280   32250   33898   30979   33953
   35151   31348   33003   35438   32365   32332   33857   31693   31009   36362
   36914   32633   32790   30205   34889   36639   35981   36752   34272   34455
   32456   34127   32921   36958   36418   30199   33721   34683   31930   36971
   35213   32174   32594   33183   33467   35038   35902   31027   30120   34914
   30518   31112   36375   34184   33314   35813   35927   34452   31248   31588
   30711   30039   31762   36688   35325   31234   35231   31086   30449   36740
   34885   33886   33217   35281   32041   35275   32104   34826   36012   31402
   36808   35540   32565   30633   34450   34112   32982   35937   30960   33775
   32950   30240   30646   31645   35273   31896   31473   33614   33557   31410
   31438   33778   36774   34114   33882   33087   34810   33197   32744   32734
   34448   33696   34469   34142   30624   31619   31483   33992   34002   33186
   36108   36293   30045   31996   35013   34799   35908   32388   36926   32147
   33723   35044   30592   32426   30125   30595   36651   30805   33968   32364
   32654   36778   31161   36921   34558   32746   31677   34808   30487   35947
   31851   31818   36054   34707   30113   32398   34252   32606   36457   35591
   31716   33480   30434   31985   32014   33925   34301   34757   31847   33802
   35100   33261   30865   32010   35752   30743   32873   32406   30352   35916
   33364   36090   35891   35140   30600   36598   35372   33734   34884   35986
   30346   33871   30164   36438   31334   35944   36739   31571   36499   36199
   30366   34049   36712   32666   30941   32713   31409   30750   34515   32497
   33458   32490   32110   33669   35403   30493   33881   34845   34547   36646
   31714   32369   32897   33361   33060   35957   36856   32281   31194   31475
   32567   34458   32223   33783   33752   33490   31754   31563   31951   31758
   31615   31732   30527   32619   36672   34821   30881   32488   33223   34869
   31550   33552   31083   30324   30660   32632   31046   35197   36177   33195
   33549   32555   34168   36969   32089   35152   36222   35444   33967   34853
   35379   32881   32061   30895   36031   36960   34636   30273   31751   36365
   34020   35384   33995   31250   33427   35819   30553   30845   30407   31830
   32770   36255   36471   36627   35961   31421   33133   32399   34408   34327
   33990   35696   34989   35942   33447   30329   35241   30114   36346   30702
   34932   36574   36038   31472   35985   34166   31961   30209   33365   31109
   31707   34094   36576   33938   36272   32244   33843   36336   35055   33300
   34955   30276   34207   31891   32920   32390   34364   36318   36966   36188
   31446   33830   32935   32918   32800   33767   31331   35359   34106   34160
   30320   31115   31231   36022   30471   31676   34992   35970   30188   34709
   30577   33534   36391   30584   33419   30883   33640   33169   33076   34033
   30085   36564   30376   35192   31186   31264   33303   32699   35139   31113
   35286   33059   36370   36850   31135   30271   35630   33101   30826   30801
   34617   35124   31833   34693   34156   33307   33503   35660   32739   30839
   35077   32210   32618   36087   31104   33919   31696   32564   30050   35461
   36893   36928   36872   30468   34053   35860   30284   35984   32335   33262
   31187   32073   30854   30020   35454   36124   34074   33680   33348   32527
   35182   33260   34330   32924   30693   33117   36565   33005   32609   36967
   31219   33844   33113   35099   30912   33096   31274   35465   30973   30775
   36296   35545   32340   36176   36933   32363   31241   35676   33244   32149
   31956   36472   33492   36072   31278   30524   31360   33411   31791   34434
   36377   36055   32094   30373   32722   36230   35101   30499   36877   32402
   33352   31442   36723   34557   35918   34190   33756   30172   34144   31805
   30043   30459   33135   33459   36513   31937   31779   34010   32915   30687
   32615   35959   32038   34831   36823   31058   36974   30735   32022   32874
   30761   33733   31450   36178   34095   36100   32219   33814   35272   33807
   33085   34790   36215   36064   30729   36024   30242   35491   33430   34467
   32085   30936   31423   36962   34817   33268   33413   32682   34896   32552
   36000   33038   33873   36764   32249   31938   30620   30136   34177   34675
   35078   33930   33539   30458   34720   33666   31110   36429   30777   33007
   34861   30734   33140   36431   35596   31496   36726   30773   32862   33061
   35112   34096   35585   33840   32872   32759   34234   31165   36955   34803
   35884   32931   31025   31474   30987   36943   36924   35118   34864   30707
   34829   31964   32914   35834   30388   31632   30410   31625   35915   32432
   33621   36084   30036   32482   35797   34604   32878   32026   35644   33498
   30853   30898   36650   34761   31033   34153   35806   36833   30399   33620
   34534   31000   34339   35335   35327   35705   34814   33706   35178   36190
   32637   35672   36410   30394   31394   30262   32382   33955   34390   36144
   31067   31099   30160   30714   30672   36550   32371   33386   36403   30380
   32434   36035   35053   30419   33108   31224   33201   34119   32101   32693
   34574   36443   34042   33272   33190   32798   30572   36929   36360   34007
   33392   31997   36816   36973   34456   36789   34302   35082   30963   32910
   34413   34238   33986   34632   34108   32810   30265   34036   31408   36059
   33671   31888   31195   30438   32724   31371   32182   35398   30812   31013
   30868   32341   30138   36930   35030   30678   31181   30326   30604   31907
   32206   36063   32336   33011   36246   35667   31709   35032   33342   35590
   31522   33388   31380   33525   36719   32098   36073   35006   36466   31712
   32037   35362   34187   30010   32556   33735   30623   32047   31940   31306
   35285   33227   35711   35658   30508   30766   32912   34957   35274   32295
   30930   35575   30583   33301   30986   33062   36666   33042   34356   34746
   30882   30367   31565   33482   31865   33887   33543   32829   33950   36500
   33253   34523   30301   36798   35697   33068   32121   34057   35909   35783
   30636   31967   30570   31375   35725   33540   31300   36910   34046   36273
   33187   30464   33487   35467   33465   34598   36842   32932   31666   32153
   30171   36405   34941   31108   33536   35346   30100   31251   36322   36442
   33750   34926   32678   34398   34975   30835   31357   33658   33150   32440
   31577   35637   32537   35831   30259   35664   31554   35301   31631   32515
   33533   34018   35440   36696   32691   32380   35820   34676   31570   36691
   33382   33761   34229   30231   31860   35971   34044   31749   32195   34454
   36056   36380   30215   31658   34760   35320   30421   30546   36560   32161
   31644   34066   35439   35708   34828   30704   33065   31542   32181   32752
   31117   34945   35724   32471   33401   30984   34303   34913   33866   31147
   33122   31807   36756   34003   35618   35642   33582   34131   32102   36836
   34679   35896   31486   30354   36282   36582   34794   33470   35260   30924
   32457   34651   33497   30530   34871   33826   34331   34201   32622   30486
   31213   36058   30552   33805   36374   30804   31941   33181   32980   32865
   32141   34357   31544   31429   36559   31417   30266   32058   32975   32860
   35675   35555   32671   34595   31332   33639   35992   31740   32683   30903
   35894   32344   32117   34551   31970   36590   35295   30167   34278   33562
   32893   32132   30705   31560   36076   30517   33874   34951   36529   30664
   31742   33615   34473   34691   36561   34642   30232   33139   32213   35165
   32528   35843   36984   35429   36556   30691   31672   31540   36776   32821
   30347   36690   30121   31426   30390   36288   30816   35488   33810   34443
   32900   31208   32882   32751   36049   33819   30331   30219   33297   35811
   35821   34752   35425   33801   31463   32386   32871   33588   30736   33473
   31909   31327   30221   30463   35833   30150   30163   33994   35743   32204
   30790   35677   30696   36099   33344   32217   31787   32835   35608   32548
   34461   36269   34939   35392   31398   33204   30976   34576   34719   32351
   30422   34755   34146   34804   32063   30746   30965   30313   35142   31003
   33823   34351   34965   33215   33313   31801   30483   31857   31717   33663
   31551   36204   34745   31002   35214   33904   33918   31010   36437   31415
   36866   30709   34631   30890   32464   31512   32955   33157   35898   33964
   32895   30319   30599   30901   35344   36911   30283   33952   35663   31396
   36384   35512   32667   31233   32330   34254   34083   33448   32008   34437
   34215   36262   35497   33019   32521   33772   30427   31071   33878   35899
   34936   35042   34928   36251   32995   34004   35533   31471   36396   35998
   33499   33969   30783   32424   35229   30402   35047   32322   30968   32169
   36094   35719   35052   35268   35314   32403   32964   30307   30248   30697
   32624   36965   34947   34768   35434   32959   34986   36671   34779   34279
   33451   30197   34019   30551   36113   32841   35511   35714   32701   31388
   33118   34145   33475   31277   32540   36219   31811   36057   36321   35072
   33103   32870   32544   32493   35549   36964   35146   35093   34605   36497
   31453   36918   33343   36669   35700   35371   30345   32466   35848   34031
   34556   35952   34100   33941   30234   34601   31630   35617   36448   35794
   30358   30657   33906   35960   31736   31139   35513   31697   31599   35111
   30819   31810   35969   32864   30969   36464   32205   31253   31832   30843
   31400   36986   30840   36904   36932   31711   32112   35426   30650   35717
   33751   36481   35858   30998   32325   34532   35189   35269   33974   36164
   32675   36020   36532   34401   35842   31106   35571   32582   34499   36824
   36855   35232   33496   31730   33877   36160   36996   35196   33084   30919
   33142   35875   30820   30336   35500   32704   31101   34404   33642   30765
   33524   32812   36157   30244   30223   34721   32962   31674   34030   35442
   32062   34681   30049   31806   31950   30666   36025   30569   33758   35760
   34987   30035   33124   32460   32651   35917   30437   32134   36132   35424
   33294   34783   31015   34834   32842   36033   35220   32078   33091   36506
   32595   36266   33095   34288   30408   35244   36244   32843   33302   33377
   31065   35455   33001   31983   30325   34541   31828   33688   35627   36788
   30513   36285   31182   32875   31158   34805   31598   30457   32817   31185
   30724   34650   31121   31269   35715   32196   35063   35174   33978   35402
   35869   33707   32318   33381   31140   34368   33486   32120   36018   36534
   34715   36827   34341   34402   34224   30183   33715   31650   31043   31777
   31335   33704   30315   30762   33024   33326   36753   36684   34063   35370
   35479   33350   32083   35164   36692   35147   31622   35890   36180   36644
   33632   36363   34798   33776   32850   34340   30953   34619   36485   31633
   34101   35768   31646   31428   34386   34227   36728   36630   34765   31082
   34269   31659   36138   34568   30587   33341   30643   35904   32901   34397
   31228   31820   31384   35514   32242   36168   32999   30317   35586   33858
   33510   36942   36773   31431   36599   36540   32903   34750   35846   32305
   34713   36655   36034   33809   36302   34878   34787   36488   36851   33267
   36159   32697   32186   30974   30967   31733   35517   36721   30079   32439
   34911   31189   34882   36263   33132   31992   34214   36182   30485   30077
   34594   31979   33947   31041   32506   32496   35134   36785   32473   32687
   32296   34727   33275   33286   34647   31920   34849   32756   34660   32028
   32815   30906   35600   33597   33792   31682   34646   31120   31166   32902
   32425   33483   30233   31119   30443   35307   31581   32185   32867   35157
   36679   34930   35532   32108   30585   33709   34678   35892   33164   30270
   34672   30668   33257   33198   36172   34312   36927   32933   36748   30298
   33121   30889   32520   34089   32804   36298   33123   35747   30732   35394
   35288   31858   30064   30716   35357   33618   33370   31362   35447   33558
   34422   32263   35309   35185   35445   31999   35476   32729   35010   31559
   35615   33742   32459   31270   31291   36482   36407   31792   31287   32994
   35769   36757   31612   32530   30046   31209   32566   34596   31111   30111
   34334   34489   34782   33238   33250   32284   36166   31567   36027   34695
   36392   34032   32129   36818   33982   35559   34243   31943   35531   31476
   36883   36557   31882   32533   30381   36744   36677   30581   35233   32288
   34546   34196   32794   35922   31252   36074   33131   34514   35731   33322
   35364   33494   34268   32113   31519   32126   32179   30195   31169   33803
   35150   34793   36594   34135   34050   31465   33825   30799   31481   30985
   33815   35062   36401   36763   34232   34781   36432   33210   32311   31823
   36307   30316   32605   34824   36968   32442   30228   36128   33471   36077
   33579   30933   35106   33287   36871   31072   33505   33010   34856   30712
   33684   33602   34689   31367   30904   32438   36096   34498   32224   31437
   35521   36801   35292   32114   30314   34480   31386   30787   32575   35296
   30075   33099   35921   34823   30078   32984   34189   30497   30528   34877
   30630   36493   32323   31536   32429   30842   34206   36675   31511   32750
   30027   36743   35862   32884   33960   34093   30893   32455   31042   30612
   34245   30896   32698   34306   35728   35641   32427   36433   35116   34599
   33931   35487   36982   36640   32553   33162   32411   36571   36686   31562
   32866   31929   35051   33897   33207   36430   34552   31616   34326   35458
   35568   35216   35267   30290   33794   35074   33513   31741   33338   33831
   30432   34296   33619   31294   34842   35788   32958   36879   33446   33855
   35105   31341   34548   30418   32968   30185   32531   35527   31354   35946
   31413   32265   33834   34535   34588   32500   36548   34860   34929   31874
   36330   36869   32960   35798   31808   36581   30440   34749   32923   30190
   33143   35597   36434   31266   33469   36280   34662   32188   30952   33763
   32286   34933   33437   34895   36382   35929   32054   36505   36521   31492
   33679   31621   36297   32259   33128   32936   33781   35262   33847   33773
   35089   31091   35007   32954   30616   34898   30224   34068   31501   36734
   33624   34411   32444   33363   33191   36317   33700   33687   33601   30690
   32222   32644   30964   33398   35036   32645   34242   36486   32428   31984
   30703   36956   35128   34225   36213   30296   33530   34027   32074   30072
   36588   31770   36668   32491   32056   31921   31420   34425   31477   35832
   35649   32730   31336   32844   35991   33165   30594   33281   32278   36465
   31370   36042   35014   31180   34305   35129   31389   34041   34230   32934
   36477   30015   36387   33644   33637   36981   34970   35651   36511   34918
   33753   30472   33895   33089   30268   34880   32579   30127   30091   32029
   33774   35138   32952   31406   36046   35893   32996   35829   31681   35018
   35236   31748   30614   31240   35528   34575   36004   31092   34417   36006
   31216   36601   32610   30130   32272   31839   30586   30699   32571   31095
   35046   31352   31694   32926   36062   34264   33445   36278   33036   30871
   30073   36068   31164   33054   34649   32025   32899   30057   34490   33384
   36546   30260   31913   31679   36787   34345   34262   34726   36139   33694
   31894   35326   36305   33892   34366   30947   35634   31604   30206   30069
   34300   36750   31054   31207   31338   35584   34360   34665   35176   32981
   30175   33548   35956   35381   30824   35609   30180   35496   34088   36754
   30770   34221   32068   35227   31890   33208   30522   34424   30554   35468
   35750   34005   33408   32769   33321   36125   34903   30533   35261   36452
   36148   33737   34173   35657   34801   32992   30806   34993   31196   34299
   32478   36625   35400   35759   35355   33325   31649   35137   35653   36458
   33567   31684   34614   35790   31503   36194   35016   36009   35611   34165
   33711   30363   33923   32280   32077   33094   36327   36527   33045   35391
   34545   34873   32310   30555   32690   35564   34235   32315   36674   30218
   33043   33335   33652   30683   34887   32557   36141   32218   33951   33744
   36264   30689   32201   33934   34724   30216   36455   33806   32774   32741
   33431   33585   31605   35619   35645   36782   35186   35354   31401   34198
   33812   32529   36908   32260   30573   34202   33745   35493   30018   32116
   36345   36110   35632   30211   35505   36898   31267   30676   33949   31405
   30061   30639   34607   33693   33159   35031   36120   30386   33976   32753
   32859   33648   34097   35250   30667   34912   36028   32416   33979   33760
   33048   34319   32447   35501   31802   35877   33739   34806   31726   33946
   33242   34919   31990   35154   31738   36941   36832   32709   34151   34237
   35504   36045   35975   35353   36211   30740   32942   35026   34059   31747
   34349   31422   32534   36662   30014   34659   34600   34754   30400   35316
   34115   34219   31030   35563   34071   36136   35648   33444   32299   32268
   32203   35950   35108   30362   33026   36553   33296   33958   32662   33237
   35012   33566   35368   36358   34597   30103   32830   31663   36597   32302
   36484   32005   30476   32334   34767   33046   31484   34964   33273   30541
   35885   31321   33056   33800   35628   31200   31390   33717   35941   35722
   30837   31728   32630   30107   33079   36507   32328   34739   36586   34857
   36416   32621   31050   36689   34673   36803   31834   34716   30916   36857
   35867   33641   35334   35019   30937   34011   31933   33535   32261   36843
   32929   35729   34372   30728   33572   36541   36036   34886   33757   33659
   31192   36227   34530   33940   36287   33869   33347   36889   30694   35066
   34137   31760   35895   36424   35382   35475   34309   36907   33211   32978
   33055   30286   32449   35404   31708   33959   31376   34120   33600   36412
   32762   34440   35413   30433   31227   33291   32513   31188   31430   35757
   32708   32961   31345   32503   30253   33306   34418   36069   32988   31137
   36531   35365   31021   32891   33608   31852   33063   34968   32977   33442
   30927   30351   33863   33574   32585   34449   33922   33454   30304   32517
   34735   34384   35333   36397   31775   31057   30510   33944   30860   34391
   31469   31974   31230   31339   35930   34531   34797   35763   34228   32501
   36427   35606   35163   36694   33284   32967   30179   31456   36766   36395
   36912   34637   35377   32215   34865   32855   31547   32721   32819   36885
   31665   35506   33130   30397   33305   31466   35121   30719   30682   32650
   32111   35492   31927   35416   36683   35579   33545   36170   33414   30310
   31654   32324   34375   31356   33596   30269   33592   33603   33481   30753
   32225   34216   34504   31836   34971   34396   36487   30126   30880   33880
   31499   33702   36137   31128   33421   35188   35256   31710   35419   32072
   31159   33708   34344   32826   34060   36353   33667   33293   32446   32913
   33274   36699   30879   30140   31513   34441   36543   35655   35779   36117
   30385   33972   34733   32652   36082   36613   33035   30864   30934   36852
   33489   31328   30348   30174   34105   34656   36295   34000   33714   36315
   34024   35360   35733   36829   34427   35633   31558   33841   31320   33932
   31372   34217   36730   33675   33553   32171   31308   35995   36400   36207
   32836   31229   34906   31750   36786   30135   31351   34645   33154   32599
   31944   30785   31061   32032   36614   34403   36151   34283   32124   35993
   33653   35069   35580   32669   35502   34900   35390   33178   31947   33929
   35041   36865   33029   34630   35526   36587   30885   32538   34116   33355
   34421   35415   35338   35850   35516   31871   36238   36225   31146   35835
   30063   34188   36992   36050   36641   36378   31687   33674   30602   34973
   33457   32627   30396   32164   31611   36105   35662   31295   36265   30042
   33258   32477   30928   31193   32301   31244   34777   34687   31640   36039
   31912   32776   32696   32634   31319   34310   30810   32795   33368   32643
   36214   36304   35943   32570   31794   36121   36389   33032   34629   33636
   35201   34040   32688   34211   32418   33859   34764   34361   30708   35810
   33529   32694   36350   36003   30637   30925   36086   30142   32558   33023
   34846   32319   32764   31942   36422   33771   34483   36206   34785   35901
   34758   30897   33896   35039   35194   34280   34613   34316   32216   36097
   35976   33315   33957   30996   32494   33526   32377   35706   34788   32292
   32064   33727   31515   31870   32664   31609   30769   31786   33956   34518
   31899   31555   32951   33911   31094   31845   31315   33561   30024   35300
   30723   32212   30293   35793   33219   35113   35482   31273   34320   34415
   33643   36892   30238   31720   36979   31939   35304   30771   30866   32221
   30247   31337   34350   35373   35792   32043   30574   36878   34925   35191
   30051   36454   31626   34907   31905   35939   33504   30997   36708   36631
   30021   32755   35565   34432   34091   33942   35897   31854   33247   33443
   33907   35215   31316   34248   33109   35882   32003   36804   33500   30988
   30340   35741   30119   36589   30980   33912   36735   30532   32986   35202
   31276   30258   33202   31840   30225   35473   33295   31444   33069   35817
   30526   34741   36373   36862   32157   30308   35258   36825   34107   32378
   34205   36320   33141   35102   33943   36514   31478   35246   35279   33180
   30311   35932   36339   32470   36261   33116   36279   33033   34654   34718
   32356   31869   36512   31464   35592   34809   36381   34751   35613   34246
   31624   30894   36701   32475   35710   30999   30065   30601   30062   32838
   33787   33188   36325   31774   33403   30055   32930   32803   31176   30913
   32661   30451   31675   31289   30371   30613   32453   31824   30566   32053
   30026   31815   30272   33255   33134   33126   32972   31788   33336   34963
   33846   35773   33175   33509   32625   34773   35474   36047   32415   32004
   32131   36989   35954   33785   33550   36122   30990   34980   30565   30435
   32176   34250   34506   30829   36718   30644   31482   32845   30605   33860
   30282   31686   36826   36281   31445   33894   30312   31595   31648   36234
   36341   33466   36583   31814   32797   34908   36738   31175   35800   32431
   33854   33073   32130   31911   36656   33407   36643   33890   36158   31258
   31069   36596   30568   30907   33239   33876   34566   30478   36784   35407
   30305   32143   32623   34008   35378   30659   35732   33179   36880   35962
   30413   30671   35263   33435   30488   36755   34337   36247   34839   34615
   30281   34329   30876   32401   30415   31184   32030   35756   33865   31214
   34979   35358   35195   31641   35856   31867   35464   32485   36950   30992
   35607   34561   30058   32944   34181   34976   32536   35387   31155   31051
   34323   32125   31073   36451   31901   31998   32044   35380   31578   33973
   35538   30041   31301   30099   34516   32560   33148   31177   34436   30184
   34028   34565   36732   30425   36620   34879   33259   36717   33371   33755
   30741   36342   31557   33833   33129   35647   34990   34994   32060   36830
   30954   31014   34289   31991   31154   31915   31835   30981   35159   30169
   31075   32740   32331   36802   31237   31487   34070   32338   32367   36290
   36376   31100   35303   31136   35486   34270   31479   31744   32896   30943
   30374   31403   36198   34759   30945   33044   34047   31923   31232   36584
   33337   35436   33385   30309   31849   31031   32939   36435   32786   36016
   36019   32551   34738   31606   35057   32489   35845   34405   32000   30590
   30012   32151   35228   35599   32758   30645   32748   33229   31822   36155
   35537   35097   32813   34555   36558   34570   32749   31173   30603   30187
   35058   33172   35437   31768   34661   35694   33788   33299   34297   31936
   36316   32745   30686   34233   34623   30141   30995   30038   30884   33838
   32309   34103   34560   35583   35242   34025   34029   30946   32007   31953
   34792   30688   31796   32898   35067   32839   31879   33464   33252   32436
   30060   36704   34167   33104   34476   36653   32387   33047   34948   31627
   32279   33905   30537   31449   36819   35983   30507   35546   35049   32639
   34602   33962   33008   31670   35838   33839   30745   36915   32970   36386
   34795   34699   33193   35210   33031   35226   34848   31349   31190   31583
   33358   31020   35175   30252   35011   30395   32863   32139   35480   35091
   36648   34776   36909   34307   34308   31596   33149   35022   33240   36747
   33926   31197   33127   33012   33686   30505   35827   31978   32152   32451
   35530   30631   30949   35529   33961   32476   36771   36212   36616   36150
   30550   30494   31494   35148   36963   34935   33324   36154   32361   36606
   34578   36229   30417   36145   36861   34634   36901   34572   36071   32792
   30797   32015   30146   30515   35684   32420   35523   30473   32547   33345
   30563   31346   31462   32360   31255   36489   34540   30071   31060   33889
   36344   34590   34958   36388   30525   36809   30470   32122   31692   30475
   34562   32100   30899   34698   32505   36552   33909   33356   31924   33434
   32760   32801   33556   31138   36510   32145   36260   36253   35853   31436
   31582   31243   35554   35883   35441   30384   31549   32362   32298   32522
   36014   33362   32347   31561   30874   36737   30706   34218   33818   34950
   34311   34972   36243   30129   34179   30123   36301   36408   34501   36761
   32264   31011   36017   32569   33762   30364   32172   35621   36081   32285
   33903   34102   31268   35312   36617   36445   30648   30982   30201   35462
   36460   30764   33176   34481   36834   34129   33712   36450   30647   33283
   30361   31962   35681   36863   36919   34771   32163   31490   34484   34502
   32653   33795   30774   33184   35322   32869   35317   30193   36192   31201
   33004   31272   32780   30117   31222   33611   30520   35131   34346   36115
   33784   30134   35222   30547   30191   32433   30054   31040   36985   35601
   31813   32342   30392   35989   31314   31080   31502   35238   33862   30632
   31586   36173   31574   35005   35283   33330   35925   33410   31226   32148
   33517   34671   30202   36742   33635   36419   35298   30836   33565   33017
   31052   31448   32754   31457   35204   30439   34163   35418   31534   35003
   35709   33656   36703   31105   32680   34667   33899   33571   35799   33376
   32175   32437   30900   30655   34923   36236   34563   34474   31527   36323
   31531   35027   35771   35092   34827   32352   30153   31433   30037   31958
   30287   35558   32031   36359   32976   33418   34674   35737   34244   32849
   35037   32481   32908   31397   35508   36015   36812   35669   35520   30155
   34317   31926   33917   30070   30237   30556   35786   35610   36399   33625
   30768   30450   35079   34039   35414   35707   31812   32313   31727   31922
   30208   32656   31769   33182   31821   36751   36179   36478   35420   32293
   33016   33203   36874   30479   35761   30454   30294   30333   32150   30833
   30878   33234   36409   36275   31525   35351   35935   31764   32484   33354
   33053   35738   31256   31667   36746   36256   35949   32349   30297   36163
   36476   34734   34542   36185   32090   35581   31917   36604   32423   34209
   32543   30966   31634   31296   30431   36270   31746   34009   34439   31148
   30108   34571   33832   30465   31568   33872   32209   36007   35787   34477
   33185   30669   35823   30289   34984   36093   36333   33102   30911   31755
   32620   34174   30838   31126   35237   30834   31799   32507   36181   36426
   35294   33813   33394   32385   35453   34822   32771   35208   36002   33885
   32136   34909   35933   32214   34180   31412   33650   32421   35671   34717
   35386   33848   30239   35814   36976   35693   32454   34723   35161   36783
   34606   34529   34321   35431   33649   32916   31678   36714   32327   30608
   31045   32763   36810   35483   36762   34122   34407   34459   35393   30092
   36289   36203   30932   34961   36503   32737   33705   36998   36873   32857
   30910   31084   35690   30115   36638   30226   34517   35907   30759   31976
   36123   31533   31097   31566   31500   36987   35588   35837   36768   30379
   35276   34338   35160   36741   30350   31617   32486   35639   31285   32348
   31660   34298   35919   36299   30426   32889   34176   36854   30598   30023
   35397   34712   34392   31553   35435   34495   35631   33136   32778   36972
   31452   35025   31206   34701   31116   36252   34639   30124   31081   35211
   35625   34353   36142   32273   30019   34141   31458   33555   32227   30821
   32635   30154   35661   31803   31752   36848   34700   32283   33817   32069
   30246   35199   36161   30692   32109   34696   34388   36440   30548   35562
   30306   31856   34740   33074   30715   30511   31971   30095   31931   31608
   33423   34048   30851   33883   34982   33409   36283   35801   32559   34922
   32245   32554   30635   35775   32194   33583   31903   36220   31107   34942
   35666   35156   35978   34253   34347   32105   30744   36517   35305   31311
   35073   34266   36828   33173   34703   32409   31102   31529   35699   31215
   34223   30177   34164   35784   35348   34770   32199   33655   35805   31643
   33378   36545   34055   32814   35966   36118   34315   30109   31087   34743
   36700   34959   31249   30856   34143   34488   35552   30576   33518   33120
   36462   35876   35135   36095   32397   36890   35162   31948   34544   31601
   30807   34186   32155   30849   32197   34692   36562   35878   31655   30582
   35789   30727   32965   35803   31885   33228   33605   34466   34472   36603
   32166   36447   32458   30337   36555   34611   33449   33269   30870   30674
   33083
