   21213    2069    5144   13600    4567   32157   14197    5013   21668   11016
    2832   33007   18104   15779   19209   25732   10389    9354   34213   19791
     689    8258   12922   30407   36606   22371   25901    6785   21557   19511
   10141    5716   32312     626   31724   25255   17703   11373    7692    9478
   35180    4631    7605   16258    2834   15210   11138   26984   29874   17731
   32895   18579    2661   16732   24072   36173   15771   27618    6628   12581
    8894   33276    9778   22450   33754   17556   18322    7147    2368   30568
    4959     223    5600   36334    4558   18662    5531   17968     557   28942
   31947    8584    2339   26033   16837   26492   12327   12522   21630   13480
   24319   32793   10066    1794   22729   27801    3769   19775   19629     546
   21978   29511   12625   22851    7885    4173   28775    7237     640   22240
   25473   16306   19968   17499    1743   10372   27645   15595   36757   24022
    7913   31242   18749     524   31413    5277    3841   10121   32375    8678
    9366    8849   19509   23959   11228   15142     520   24122    4633   32869
    4459   19551   15923   29764   25156   28561   31712   16219   36686   19375
   28138   30778    2477   17957   22992   22777   26729   26058    8576     677
   28215    2358   18763   21082    8495   27778   18152   32674   29054   17754
   23496   12266   34141    2388   12555    1121   36488    5073   26706   36675
   30271   33975    1411    5869   18148   31786   30707   10921   24353   24531
   16349   28664   13870   11747   34942   22259    8467   27928   22331   19605
   30371    7988   35051    4889   21384   10598     510   20450    6641   35274
   22505    7382    9574   29422    9865    8536   33128   10630   24308   35454
   12876   17143   12427    4165    6933   31319   28480   31666   18457   22017
   23207     443    5219   15222    8866   19593   15633   18247   33804   34481
    7472    6756     553   26041   28628    8342   35160   10945    6117   25083
   33799   17252    5545   30349   20967   36929    6554   19804   10218    7734
   15591   20197    9464   12875   18199    6425    5114   32332   16571   28531
   20471    6038   16291    6495   28707   36224   27537   28730   24492   12651
   13284   33679    8664   27030   35028    3215    7920   25684    1255   19571
   23189   12790   25442   29392    9998   34087    5244   20077    3941   23000
   20681   15474   10117    9092    3945    6095   23031    7490   13327   23542
    4698    3515   22359    7850    8427    3689   27918   10957   31788   21987
   11547   10382   14185    2882   35042    6757   15358   14427   10254   24824
   20003   16880    5856   25725     866   29651   29160   12079   28186    3755
    2416   21222   29594   12863   31683   27818    1917   31252   18756   25833
   27011   18358   34470    1781   35196   21247   31538    5515   11329    2214
    9705   16380   16718   31167    4259   23880   14174    7998   22726   10200
   23720   12756   13460   21368   16649   13000   33822   31561   26550   32666
   10574   13760    2524   27535   12960   17430   35665   26440   30206   11293
   15345    7732    8743    7321    6470   24741   29690   35792   32625   24606
   30904   10930   35240   35807   30351    2712   31737   35264    4314    9328
   30277    3066   28611   14183   30067   22464   24942    6180   21859   15024
   16021   11178   12320   35930    2463   10462    9136   35116    8347   25135
   14930    6537   29865   25251   25998    3641     945   22568    9062   34636
   21780   15681    5954   26866   16876   19825   29059   33277    6271   33722
   17447    9031   10439    7484   36992    2815   27916     526   13180   26728
   24260     118   29776   16858   26663   28231   28386    8053    7009    9407
    9463   17172   32844   22093   14838   20500    9346    6941   18121   14753
   12466   30328   14300   35990   19929    3512    1818   15231    8082   35189
   33942   18027   11128   22620   35302   16673   18628   15433   11762    3565
    9094    7102    1621      53    6703   10313   11348    3899    2444   33733
   29240    6690   19703   28766   22569   36548    1007    5232     823   36565
   26490   22672   31869   24407   22231   15909   33744   18624    5081   19624
   11523    2114   22861    2125   23904   33398   20525   25016   32249   35880
    4343   32345   19381   16063   11170   35363   24326    4773   36323   19397
   10518   16483   17551   17841    2097   11317    1493    9747   29229   33039
   15555   11316   22453    8600   17546   19008    1501   27346    9716   36145
   19787    5102   11381   18107   30559   22200   20041   15728   27507   26292
    9204   15026    7180   21176   19518   22745    1915   15061   29955   30564
   32519   28049   11771   36526   14977    1178    9555     954    4769   30054
   23044    2381   28029    8516   16449   32174   14001   32669   30984    4114
     133   32634   25648   28670   30520    7655   22655   28990   11110   17441
   36416   35044   20565    6607    2899   13757     696   22806   28000   31819
   16586    9676    7379   14330   13895   19690   29009   17399    4939   31998
   21479    7444   36768   23408   20919   28052    7259    9661   29179   31789
   10565   28852    6581   14769   18915   11112    7808   29798   25839   23535
   16218   23459    3243    4110    4245   26005   14317   18926    6356    7380
     236    9210    9881   18179   23508   14148   24993   19526   23169   29434
     152   21827   26206   28608   11061   26823   25484   15756   12979     170
   29630   11814   35088   13936   33218   16692   30005   25101    9393   30840
   13501   14247   10812   15943    4003    8631   26268    4086   28757   16201
    1310   10950   22156   15075   15677   17309   14863   26592   34888   21561
   21045   15120    2396    1810   29615    3203    4792    1676   11738    2246
   11431    7891   34551   11838   30977    6138    1495   34665    5516   14158
    8056   15716    1042   26538   33798   32959   15295   13472   13861   22897
   28636    3815    2942    6616   21278   29423   10274   25727    2119   19736
   36953   30233   16003   36957    6836   12328   14808    1299   21971   26014
   23466   26088   19655   28341   25412   25613   19992   29622   17010    8341
      94    7621   14661   21380    7540   28680   29411   36832   26554   31246
   20843   16911    3416   24207   27665   20506    5884   23299   27873    7557
   12831    7204    7617   25508   13514   24954   15699    4134   21732   25749
    9735   34063   15225    5835   13153    9361   28013   32589    5976   36759
   29684   14689    6992   35033    9295   30184   34059   13937   35114   25089
   30076   18776   20703   20830    1903    2953   24063   27749   28928    9470
   28807    8533    2610     880   34766    7364    6047   12983   14482   12062
   21856   32919    3186   15927   19350    1858    4491   23766    8595   29332
    3540   27228   30133   29708   26710   25538    9137    7266   16894   31961
    4164    3649   14358    7646    8857   36964    5682   26010   10314   30974
   20423   25045   15519   22394   26643   31613   23576    3635   26839   34676
   34277    5596   35539   32983   16897    3205   10803   26006    8381   30717
    3654   16522   18128   14643    1877   20254   18825   16236   14149   24179
   15027   30613    7940   17410    8174    9249    7361   32534   23894   26708
    6579   23899   23960    2619   11881   24945   23313    9809    5285    7533
   35224   16001   35064   19889   11671   14292   23621   23165   12058    7037
   27827    8730   28878    4257   21785   32700   23418   17058   30525   16088
   32396   31334   13139   33253   24904   19679    5233   18833    7721   30588
   12317     531    9953   30068    3752   19783   27580   12258   15671   26622
   14997    7667   17741    3418    1356   11853   26221   36055   25629   15475
   26226    5666   31870   27341   20066   17492   35466   34042   29264    9281
   18039   23115    1417   13969   15748    4770   13799   22792    8049   20514
   25213   12987   36866   22896   29991   24674   24705   33828    4926   31391
   25108   27911    8241   32997   33186   14042   28374   33737   21014   33454
   16561   28114   27236    9733   20606    3621   24029   27797   30695   18928
   28900   12201   16090   16990   11823   12220   13583   13319   21847   11894
   35759    1543   26759   10919   26333   13513     588   14606   23557   31202
   23979   12105   34381   29903   17577   36053   12418     739   29534   33549
    5090    6115    6768    4779    8752    9524   24405   24356    1336   22561
   27895    9380   27980   34263   35503   27442   17694   34371    2855   21532
   26072   26862   33970   26965   27080    2996   28716   32358   12382    3289
    5422     233   25100   35448   28840   17772   36577     633   33931   19881
   16598   22622    2370   32822   33974    1156   28845     982     485   13555
   18494   26621   13191   30782   35183    2054   23811   32792   32513   18976
   11632   10725   12521   12489    6660   16777   11793   25695    9430   17344
   27841    6612   33119    6070    1989    2148   29753    9219   13802   27822
   22122    6031    1575   28212   23406   18178    8830   36483   17335    5904
   24747   35473   30911   19360   20858    4614    1786    6818   23770    7937
   19192   15426    9263   31999   24779    5862   27361    2117   25564   22143
   12618    2540    6882   27850   21410   32554   27522   30658   10808   26406
   12032    5364   18306   26348   22150   34742    9988    7779    8570    5753
   23325     242   15569    8091   32321    1471   30439     598   35875    9703
   29388   28618   32502   31411    7953    4945   29627   33326   21738   36899
    1671    5523   15533   25570    5079   21598   29667   28135    2468   19912
     363   34846   36818    9609   35143    7025   24855   30956   19545   11673
   26312   16531   35559    7389    3687    4227    9640   19974   16864    7635
   25653   28522    3238   33209   35965   28343   29723   33030   13950   28877
    9167    9566   21897   11008   10890   35582   19369   17890    7816   16280
   15028   25567   23939   32531   33524   27609    3939    9947   12637    5468
   33898   32016    2783   23831   15380     502   20324   10522   16711   13634
    3743    6791   22337     906   33391    3391   21644   25206   35408   24357
    7947   18766    1058   16309   19711   29453   33325    2762    8525   14479
   28364    3166   16757   27042    8110   27244   29912    1161   13222   19513
   35972    5003   36386   17724   16573   12087   28488   33437    4602   22774
   24793   31424   30369   33116   25708     465   18729   26122   36263   30196
   36876   19519   25149    3115   15095   30916   32387   12480   23360    6701
    5425    2230   21670    3859   15163   27865   13273    3407   23774    7165
   10013   35857   10044   12487   27197   17886   17030   25895   21815   33692
   27899   23514    5560    1418   17490   36852   21940   15562   25090    8899
    8855    2865   17866   25490   20728   25306   20744   18373   13087    6439
   14457   35404   25413   12792   23257   11391   11284   31289    5486    3138
    7882   29500   28265   23300   36442    6999   10302    2462   18141   29592
   26410   35494   34609    3180     329   30296   30401   11078    9215   23469
   31141    2479   27124   13789    5401   27037   30234   20798   28269   19030
   29937   10862   30645   29965   31682    9994   35625    8084   15931   36338
   32284    2319   31641   10090    3367   12713   34941   34510   33129    6773
   24618    7336   27927   11307   21522   34285    5874   12095   22473   27694
    3301   14002   15442   34879    9714   21446   28996   13021   36379     885
   20767   24384   32702   14217    4184   35495   14258   33912   33716    2472
   35583   17708   34753    6576    3317    7786    4680   20854    3136   22296
   21285    2949    6240     433   26192   15378   36038   21992   29750   12608
   23151   26606   20149   33647    9416   17197   30186   17984    5136   31723
   27389     436     343    3810    9280    5333    4921    7760    3085   10560
    8569   17830    7489   11646    7456    3175   18217    6093   33377    8953
   28130   31490   32522   29990    2369   24065   35335   32760   25988   36129
    7179    3822   18469   35680   30334   19010   18908    8351   12277   25008
   33562   10502   28475    2357   12818   24192   17567   15253   17809    5928
   13682   13103    3432   28685   25320   26642   33816   12310   35020    6483
    7875   21930   12984   22705   28331   27564    1616   14237   20143   32783
   31916   30127   28363     767    3089   14929   28614   36255   11570   19304
   27509   24161     990   34181   17823   29598   33369    7579   23956   15966
   29504   12459   25994   17186   12247   31278   11154    3511     754   11261
    7680   14238   16595   10609   18530   21355    6494   16819   17234   13092
   23240    5400   23245    1522   24713   27832   26393   28564   27049   15044
   27892    9278   16203    4672   31165   13436   31810   11084    1701   19667
   14313   20353   31421   27486   22850   21168   18506   12369   28302   28403
     882   10555   15663   21555   36169   34282    3956   16652   15209   30791
   32713   32626   12012   25645   19227   13289   32982   25970    1297   20359
    4912    4553   14600   31579   15155   19870    7670   19126    4543   32468
   23933   12442   27737    7626   25423   14554   34770   34326   14118   15454
   34350    5093    5084   18126   32397   34700    4418    9486   28134   31910
   35507    1769   33516   33167   26737   23629     638    2763    3011   23868
   25204   17452   31324    8132   24355   23997   28016   19905    8379   30060
   34052   16022    3338   10071    3520   18173   30678    2103   31879   36171
    4980   35939   30567   27808   20136   15046   25032    7714   15414   15949
   15958   21119   36683   14958   36086    2221   28676    6145   36016   33758
    5932   16008   17744   32552   23778    8529   16883   22329   33100   16041
   25403   25944   23350   36781    5694   33344   11982   21966   10398   22524
   18974    5050   14004   29838   23622   36279   15933    3074    4639     356
    1173    5293   36054   20034    2042    5345   25025   28159   25625    8019
   32807    9909    6238    6051   31669   11879    7356   12778   24370    6969
   25505    1719   29552   17001   24743   14942    1222   11064   13906    1759
   25362    4365    9720    1612   30621    5981   11895    4102     622   35858
   13255   13466    7827    8094   27396    9976     403    7589   23407    5744
   13413    5811    4972    8935    5004   23706   21417    6528   27556   34596
   10843    9483   15172   14037   15530   25789   12619    7979   24638   27776
     134   28477   28657   34518    6985   28014   21875   25818   21099   12323
    2768   11579    3953    2681    8179   15167   26772   13233   14612    3040
   13122   11855   12565    7191   36261    9593   30774   23491    3720    3867
   14450    7880   32114   12678   27733   27504   32253   23119    9701   34236
   13234   35145    5622   24572   10941   23854   31149   21164   17998   23966
    7832   17606   14344   14656   20984   19961   15513    9833    8916   32103
   17355     325   31454   20428   27022   28745   11185    2923     189   18477
   21496   22547   19550    2113    3444    8265   12670   32651    7413   18590
    7683   13818    6627   17768   28368   21975    4924   34004   23687    3349
    7080   30148   31696   22276   24468   20893   30636    1106    9349    3965
   30070   32955    5053     998   20839     472   30423   29979   33815   18622
   35964   17595   34321   26625    5134   27114    6353    2188   30903    1012
   36232    3336   30372   30485   12048   17717    8719   23113   23363   19338
   27922   15773    6187   19178    2068   23347    2705   18484     854   31552
    9097   10976   16129    5752   17838   25877   16547   10481   27595    2427
    3419   19855   32860    2886   10986   23159   11209    7036   36258    4771
    8825    2973    5951   26350    5667   34976   22286   31864   30102    1961
    6820   35746    1625   35922   17044   30895   34251   25787   12411    2946
   34420   15455   23539    3735   19002    6341   31441   30572   36003    4931
   32527    4587   17549   16134   24180   10001    5883    3545    1872   11653
   27848     331   16366   21611   13766   18550   32154    8274   16588   30694
   21274   31730   25382   20146   12763   28336    2405   34886   23562   14137
   11581   16429   12477   13163   27636   19502   27075    1565    9359   30091
     185    8281   23424   19578    9632    7029   23296     105   20988   28593
   13724     874   32609   16425   27887    2176   23417    2636    3150   17812
   12557   12295     513   12148   13207   12532   21301   26415   36920    1361
    2821   36448   13944   16599      48   26760   25676    9751   23874   27586
   16475   34982   17315    5665   12026   22996   24975   29713   26191    3995
    5968    7138   20391   13625   31212    1290   10286   26504   32820   24386
   31415   35742   16168   19439    6407   17888    7496   20050   35030    9707
   34194   30475   30507   17340   24401   23805   15336   17431   27458   34913
    1492   12588   13033   27374    1423    4955     488     450    4554   26174
   31616   29694    2732   15036   30754   15181    5644    1429   15665   16409
   33600    7005   26462   33655   18021   31223   12927    5820   18808   15446
   24028    3370    3731   25927   12827   25762    1740   25344    1326   29326
   24665   15017    1074    3694   25201   10679   26156   24446   11868   28483
   26345    3298   11972    8921   24438   25627     202    1808   24874   17849
   19557    7300   16023   11208     999    2483    5178   14100   17814   14802
   18266   13940   21236    8766   19106   13097    9027   22688    9523    5518
    7495   16327   25925    4797   29972   26680   34630   24008    4047   35436
   18887     735   36969   19207    1555   18540    1468   11022   10078   28091
   20431   19476   17112   34097   17449   20501   16578   35659   36080   23841
   24862    2663    8812   26900    5424    5264    1376    3970   18715   11169
   26954   33803   31887   36910    4197   13268   10201   22489   11298    3762
   23262   28356   33546    9893   30352   24837   18265   10616   27619   16326
   16523   25947   22849    5245    6722    3247   23984   12896   23253   25724
   19368   13992    9981   10810   23470   13052   35328   12540    6823   19264
   29387    1103   18700    9630    7250    1257   24300   33871   21517   15708
    6025   33672   14188   25503   17706   27516   34875   25031   30474   30404
    4250    8546   21596    5132   28964   14154   25430    3976   35331   28012
    4988    2965   30324    4925   27593   32313    6378    5299    1758    6477
   19867   22016    4439   36573   36795   27288   30848   20008   36862   35974
   11648   16828   27536   28450     620    7417   25783   13552   32790   30591
   15333   16404   17486   30740   19442    7395   20885    3157   26715   27649
   36505    8819   18517   20159   13927    6927   29354   12840    5135   12307
    7212   25026   27327   18212    3414   25524   17520    8749   22679   27570
   19730   11649   21106    1569    5533   31127   16914   32575   26159   26213
   30305   12895   34220   11701    9082   31473    7935   18354    5439   34383
    5033    9894   31889   12077   32833   14544   23302   14315   20512   15108
   28672    3603   35751   18291   28772   28543   10884   13905    4507   33063
   20550    3632   11681   32588    5777   26916   35102   16997   21931   10040
   17139   23239   30586   29733    4593   15908    7743    1415    6598    1487
   21190    3513   22003   27294   21691   23872    8863   21372   19298    8897
   14456   30642   30217   20664   11272   25702   12819   29958   13249    1836
   16028   31935   25134   14719   22065   33214   35226    5313    8175   26617
   35979    8115    4226   24799    6730   21209   23410   22715   18501   15157
   18821   33484    3708    4787    1456   25275   18489   10603    5797    6368
   18461   17581   26576   21622   27362   19028   12881    2467   33260   28152
   28738    8891   29799   29949    6864   20971   21709   12950   18419   22877
   21339    2656   16083   24508   12495   36034    8778    7965   12271   13059
    2982   23045   34849    5902   12525   24536    7716   34567   17381   32037
   26561   30452   36509     639   28814   22044   11273     841    6863   30982
    5351   30720   34517   11967   24137   18098   36437   30576   25425   11617
    9100   36618   12970   31997   28024   31272   16558   32949   33567   36562
   13167   34756     933    1295    2680    6608   27063    5329   22680   24901
   13694   23394   18886   24987   10674   15294   26398   19423   32288   15658
   31417   13814   18209   14990   14309   35268    5133   35943   24554   17879
   29919   21773    8768   34953   31298   23896    9387    1250   21920     364
   16570   22085   14580   12914   17811    2766   34231   17558   13172   11846
    4845    1631    5591   19199   20507   18657    7867   30949    2469   34461
   25527      96   16123   29322   35668    1055   14798   36180   18771   28993
   16257    7707   14239    2582   24792   28513   19253   20685   13796    2919
   36912   32638   28703   13027   25897   12054   23987   15510   24265    8222
    1620   27674   21257    9677   10085   31113   29299   33751   35830   16853
   23327   24760   35750   33727    3178    9208     501   36482   32307    3272
     924   13023   18022   14215   13140   29884   34715   28915   18846    4927
   22714   15365   21662    8651    4951    7067   26778   13376   27165    3940
   24175   33433   10225    4352   29509     318   31482   35329   36846   18515
   30069   24398    5582   12259    6123   27439    4341    2203   11755   21477
   15113   33023    3928   30736   34203   19925   15198   14282   18114   20335
   20441   29835   12701    4679   16888   23076   22091   28824   11458   22587
   10543    1482   25462   19957   30237   29080   26298   29994   31571   30400
    4578   33152   27838   33757    8255    9377   15977   11831    4301   12957
    4106   19716   20332   13345   13705   22927   10038   31755   22224   33267
   24480   16336   22389   15239    2059   35731    8686   21360   32091   28449
    3425    1834   31111   34442   36500    1985   20388   19232   23143   15529
    7003   14263   33316   23335    4315   19941    9391   15312   25106   26980
   23884   21365   21253   25119    4964   23689   14256    2088   29400   11942
    5915   16313   33309    6050   13236   18633   36400   23607   11386   15422
   24663     248   34440    5504    2812   32509   29674   32177   18635   15281
    3798   18593   22699   29198    4568   15224   11885   31615   18015   22883
   10388   20037   12408    9891   32453    7197   18293    8606   29280   33944
    6949   13120   20085   26452   35130   32796   36605   23204   36806    4740
   29565    8126   20596   15177   35623   22783   34966   36004    5297   12600
   19581   19123     268   35685   29320     821    3311   14791   23030   31261
   30037   17016     786    3532    8162   29986   26347   19808   20422   27067
   34289   14393   12602   26681     617    1035   32286   36284   30115   12631
   28792    4965   35396    9217   28503   35776   33062   30463   11230   32828
   22053   36027   18607   28155   32899    9079    1563   11921   33573    9776
   25819   23167   14642   33101     594   18483   14119   21362   10098    1527
   19307    4205   24076   24920   23563   25454    9002   28582   23425   12692
   24306   35897   16121   17975   21323    2124   36068   15303   32490   20101
   32999    3652   13068   19356    7752   27350   36355    6086   33073   17395
   21713    3217   11576   25575   11818   11129   19364   22539   17840   32334
   22375    6663   31484   35457   15387   23023    7550   32703    7909     942
   18959   15160   10730    1993    3415   14655    5464   12190   14627   18968
   24586   33676    3392   12698   31796   14748   13253   20754   31249    3361
   16264    5775   32365   32711   13354   11025    5908   16969   22892   13853
   17214    5370   31352    7652    5616   11912    2595   30062   18815   21218
   27444   34395   10527    2825   23569   25113   25817    7098    7262   11229
    8374   32594   21910     206   26260   12401   28281   36406   26841   18109
   15828    9303   36613   27479   35532    2733   20148    8173   21692   34908
   12762   32196   12900   16413   28923    4666   31904    4204   29178   19731
   24863   26970   36241   15188   11375   26420   18828   32544   13939    8904
    5230    7099   28590    1734    7751    1850    9576   31164   12066   23131
   23247   16696    4031    1049   29772   26765   14647   31216   28077   35590
   22537     630    4767   25020   17235   11812   32960   13717    2195   13943
   36615   33495   12843   19119    2395   25845     143    8558   19458   21221
   14709   23214   12883   31560   29318   27254   12684    6831   35467    8805
   14488   22556   36878    6003   34387   20540   17404   34729   34601   16446
   20026   15066   34424   30355   21289   19377   26553   17647    9813    8107
    7710   17203   34219   36378   21041   27146   15982   21801   11483   12165
    2854    1856   15902   14388   30310   10785    9647   10290    8736   31582
   32476    2976   34065   14089   19984   15724    3488    8152   15150   25282
    5907    6837    3297    2576    8802   30718   19378   32239   31282   14864
   26343   34937     100    5784   34072   29367   19314   27150   20308    6770
   16493   21506   18334   29180   11695   19538     624   22631   14723   20199
    3053   34745   36610   16906   35476   17075   21519    4876   17121    1840
    3191   24984    6788   12116   29568   14216    5532   12298    6600   19931
   14406    1126   12379    3330   13608   25040    2503   21914    4529   14331
    5259   11330    6384   35673   35985   10719    5348   17230   29074   17737
   13383   16243   32273   36294   36466   14495   17592    1022   32591   17687
   28752    6405   16465   20921   10766   10223   15837   13617    8069    1409
   34791    5710   31195   16860   36976    8907   36814   10844    3107   14741
   28966   23429   13419   19165   32456    4153    8198   36357   33913   13848
   13805   25866   28782     657   33604     490   33264   11108   30266   13680
    1716    6163   31349   34840    4424   15217   33994    2018   18150    3158
    4659   19742   17732    3853    1887   22526   31023   26697   17336   13258
   25241   33752    7765   24086   18998   28575   25234    1073    4562   23120
   36463   10901   18842    8776    9153   11294   19727   12133   10913    3069
   34569    2410   15746   18285    9944    5861   34625   20398   26925   33946
   11676   15906   15379   29376   21330   10246   20719   19613   34222   33675
   16927    9227    9291   11056   14031   25457   12172   31661   13721   19385
    6664   17550     956    4344    7499   23118   36268    3664    6561   36661
   11404    5475   31351   32753   17723    7227    4883   10348   11126   36959
   10970     627   12224    5342   36594   20166   19517   22852   11470   10728
   28140    6746   32269    4303   22660   15260    2577   13791   36042    3790
    1650   30813   28123   13718   35342   13015   36727   36360    3865   25084
    4300   23175   26766   12611   26074   12838   21061   35295   11357   12097
   13055    4060   28222   30065   16635    7539   31268   29516    6034   10872
   10581   36052     221   24489   30733   21795   18335   26446   25424    1047
     158   23285    5943    9702   10584   24089    7993    1976   13672    3838
   13355   34853   11435   34155   32938   24466   14614   15308    4598     909
     976    7571   28213   13288   31353   35809   10556   10990   18736   28958
   30090   16151    7640   30362    7065   16716    1642   29863    5180   30317
    6280   26189   18615    6292   11845   29171    7001   34120   21112   12788
    1278   13397   25483   19760   32971   34504   24165    9015    4111   36927
   36523   23981   27163    9319   31553    5868    3819   21497   27932   15596
   29698   18545    9030   25681   27668   11604   32084   27831   14727   34889
     310   28983    6514   28083    6957   35046   11383   21881      55   34372
   22313    8122   31773   34287   14552   22497   26704   31874   15504   33306
   23226   18120   33937   36480   20111   35711    3782   33823   29018   34066
   17860    8037   20390   10475   12577   17688   15149   36333   19692   31771
    9236   26230    6312    9704    4283   22239    3000   28627    5413   32918
   12708   14469   28842   24352   31790   32832    3909   15079   25953    8870
   36734   34361   13759   27703   23428   34344    3372    4749    2374   13245
    1707   34472    5054   27126    2746   27989   28827     572   24399   35255
   26802   11725   22160   18146   19871   34948   12590   28090   25977   20936
     245   34170   27249   14038    9501   30935    8520   16590   18859    3960
   21117   30788   21212   11081    1204   30011   36627   21291   12693   25780
    3003   23412   13095   34922   30624   22968   26009   16961   18889   11388
   35336   16768   16227   17480   32951   26412   30443   17391   17512   34945
   34103   27273   13398    7051   15373   23977   11605   32784   10486    3578
   32920   31102   15226   28436   10244   12334    2037    1096    4818   27821
   22349    9198   14195    8080   10053    6534     718   20680   19987   35672
   11932    6497    7431   17173   11289    7719   15469   19200   12726    9259
    7795   19430   30674    1789   14732   25261   24270   33329   35103   23891
   11521   12616   13054    8652   36836   10509   28051     925   33341    2302
   34932   12829   32399   23283   28082    7024   10978   13628    6010   13609
   11448    4123    8895   35327   25586    6839   12607   32808   27265    1134
   22975   35658   31843   30035   29680   20909   33017   27574   11973   23912
    5785   20494   24914    1434   17939    5229   18699   34895   31970   29869
   20622    5964   24226   22293   31034   31596    1015   36762   34127   19402
    8087    5201    1438   26902   34234   17485    9946   30524   20456   27388
    3850   23358   34607   27485   10931    5089   15270   18446   29403   21438
    1008   18571   12056    3983   15324    1068   29043   17651   30851   32565
   15929   21728    9592   31002   15068   29929   25980    5958   11736    7055
   12817   13036   31492   33368    5691    7600   27629   19206   17553   33462
   27973     654    7912   27753    1168    5457   30357   27660   22749   33079
   29646   24365   23073   32950   19890   36010   35863   15689   29056   35176
   31988   15778     953   14409   21811   22201   29073   25154   19721   36206
   31761   16872   17758   16174    3585   23871   25081   14494     732   10454
   10421   19553   16373   14176   36099   21297   12347    8922   19790   32411
    6004   11761    1582   29711    9126   25581   17462   25027   31070   23367
   22046   13931   27423   26116    1862   33103   10457   26036   19815   19648
   35714   15242   30797   12716    7096   26653    5385    1687   31735   11952
   25774     190   20145   10541   14910   36496    1590   27111   20511    6228
   28773     729    1726    8991   33591   20099   10955   23111   23727   20033
    1852   32484   36863   11860   21155   24951   28825    1817   21363   36519
    9763   22612   23398   15536   22950    8624    8435     432      49   16279
   31011   34658   30166   26803   17131    2998    2478   13119   18520   27988
   20763   27169   14005    2367   11327    7095    3553   17535     166   35692
   33878   35440    1153   27098    7399   19542   26046   19454   13338   14254
   15125   31862   30872    4886   31055   20233    2257    2984   30292    4547
   32678    7822   19029    7773   24297    7706   13194   24025   36368    2548
   33335   16249   10004    9955   13674   20731   32714    7545   29577   18088
   12039   12281   21543   29184   10347   14532    5199    8245   34490   18330
   23875    3159   21734   15577   29011   20534   27086    9960   27708   23794
   19761    4673   15688    9904   16847   29259   29620   36800    3854    4337
    6126    1848   26659   27110    7223   23033   23155   10010   17187   19154
   12872    6152   34272   26885    1275     658   20279   12646   20222    9376
   27552   34337   24129   31899    7782   32294   36941   27558     384   24795
   35400    7804   21071    2330     779    2262   31093   20492   16541   10840
   17074   20031   27103   13739   29845    5158   20258   22427    5995   36714
    9517    6760    9180    4421    5815    8008   12260    7861   15892   36979
   14387   19745    3529    8821   34430   16016    4479   36174   20425    6713
   26384    7883   24762   23399   34467   14961   36138   17856   18936   11669
    1368   23368   26788   36700   18030   34864   25451   29526    4949   15925
   19784    8138    9157   23323   17762   12576    9158   28985   28844   27726
   13659   36182    9108    8675   25153    7175   31885    2156   18396   25443
   19325    4589   26589   10542   10727   11166   27131   24593   32025   10158
    5918   32024    8838   24893   30231   30630   31731   22820   10920   18873
   25316   12406   15486   18289    7817   16321   12470   14631   34985   12748
    7203   35790   34575   12531   25816   15003   32406    2289   16065    7026
   29435   33016   12931   24015   23465   31623   27385   12491   17649    7887
   36000   18455   10873   13265   14021   29462   19554   18564    8774   17526
   10817   29308   21905    2590   25130    2551   10956   28637   24838   23958
   19588   21371   23336   21401    9130   12108   14233   17808   35409   13158
   10706   30684   30807   27870    7309    6471   25310   24810    7474   11292
   35170   10056   33550    1244    6335   33060    4238   15025   15368    5205
   24980    1632   33486    7967   24578    1265    9324    1437   11360   13945
   20312   33257   24556   19637   32153    9582    2847   17092   15653    3530
   27659    4823   14338   20958   23306   18375    9093    5357   33303   24684
   19876   19908    6875   25035   30800   18606    1117   17634   18868   28935
   35610    7682    5145    5688    4814   35771   34691    8085   29950    4419
   31046    6970   15990   11476   32555   17066   23996   25375   36093    1643
   15229   13914   12878    2651   19438    8772   21024   36095    5429   17613
    4940   26864   14382   34532   17325   36644   26937    4383   28812    9165
   25800   14092    8867   35788   19464   21319    4662    5821   11871   20305
   24472   13726   36908    5983    3830   30016   32366   30293    5239   10689
   22397   26814   20074    4361    4119   33187   29587   13874    5326   26351
     427    6570    8767   30315    3554    5712    9870   31537    8980   19567
   29873   28131   14962   30961    2883   13736   20243   14127   20084   36794
   29194   23954   23224   13143   29554    9274   35263   16355    8860   30838
   28426    8956   34758   18977   14568    3516   21378   15998   19798    1283
    9748    5212    3209   10749    2020   34819   10397   13372   25961   26329
   17196    3190   32499   23443    9706   31303   23179   35397   35904   14965
   21267   34578   32962    3400   25257   25328   31485   22966   28532    5646
    7016   10716    2473   30985   31855   26361   11305   23518   33250   35153
    8271   30628   35946   22164   25663    4710   36722   15409   25537   14733
   23849   20644   22162   36900    8958   14678   10092   22100   29147   21669
    4266   23726   23690    5123    6565   34500    8282   20887    2510   14900
    8868   14224    6702   33359   30594    4750   26971   23449   26252    6154
   29352   14334   32730   36049    2110   16233   17755    2012   25772   12115
     578   30450   36554   29158     127   13373   25202   22945   36007   26183
   30488   17796   21762   21388   28698    6019   22314    4536   27019    7923
    7916   15553   29499    7083   12515   15572    7263    2736   11067   33528
    6410   11919   21012   33984   15006    4655   21607    5100   13412   22180
    9294   26714    2648   30662    4592   18556   14638   19354    1259    7778
   13166    2710   18381    9620   11772   26964   33494   23041   28092    5206
   21019   36616   15322   34836   22144   11778    9490   36732    4575   29676
   25656   34806   10769   24385   28065   21217   23315   26285    8335   10430
   32934   11060   28858   15321   28416   29072   18221    7720   35948    5487
    2086   22289    4875   17789   21262   27617    9670   18230   31460   31173
   23036   14860    3033   21845   36306    2212    9131   18379   20712   24157
   15718   23890   14565   10116   15030   15607   34996    5685   29727     237
   33149   23471   11467   24657    6258   32922   17902   32248   11886    1251
   35383    6695   27453   15090   12353   11204   25692    3788   10370   35184
   23553   29427   33664   11032   34502   22217   21951   36212    8208    4077
   34021    2446    8716   29871   35574   32435   29372   19380   33244   18444
    2643   18117    6161   17954   16971    7301   17493    1157   29934   35978
   29900    3974   12956   21549   30541    3601    6997   12888   30894   16994
     498    9260   17869   32188    7337   36376   36136   11893   12944    7933
   12848   32754   25517   26890    3566    4090   30563   21030    4635   36671
   13080    6913    7132   26774    7823   19089   19019   11516    8702   30710
     905   32542   16549   33772   14125    9718   19758    3563   27188   23458
   26931   17041   12198    8883   30988    1392    3259   22232   36803    3721
    6527     770   15457    5881   19936    2545    6432   23709   30609    8568
   10759    1977   33151   33324   22105   22384   26506   10653   28189   31563
   12882   10124   23643    2256   13425   13758   10390    3523    5534   13592
   29856    6063   13493    3346    5217   22315   28112   19052     960   27345
      17   24510    1430   30794    9436   13209    7511   18920   30530    2111
   19409   11026   35439   34360   15375   19546    7854   21688   34817   14901
   22378   24141   30781    8006   36397   11002   33354   29570   19352   28028
   14485   25064    9233    5058   33856   21796   12906   24055   27478   24460
   25896   16724   31588   13125   31404   33988    3703    4454    9057   33721
   31239   17896   33705   16197   26158   30428   10708   26390   24642   35356
   33468   36608   35911   11270    3303    6780   10718   35994   11708   26427
   24526   26092    3548   18382    8032   22822   35493   15494   10268    8298
   24219   36385   33096   26536   19826   30331    4388    7297   31650   16939
   35121    6437   19749   14768    6317    2570    3803    6500   10465    1513
     246   17307    5735   27954   22373   33707   35085   23395     859    2999
    8839   33198   13641   28873   27247   13692   21307   27309   14613   15942
    6465   22943    7121   24108   23867   34227   35901   15392   25070   26443
   15919    8015   27077    6955    4354   29555   28409   18812   33796    6381
   26280   32630   10855   18246   21485    1082   22356    4321   27272   33793
   28696   14792    7464    1237   18042   12964   13683    2626   13351    2683
   30199    6891   26483    4882   19293   12797    1661   22442    2006   36208
    5657   33704   22227   15159   30869   24748   13928   16098   25037    5440
   16167   21431   35411   12634    5209   22800    2413   29247     600    5182
    6709    3044    1533   11839   33564   19038   32234   13593    7186   21296
    7632    8892    4349   31872   31264   34312   23775   36753    9985   13482
    3650   35686    6900   33899   33835   34737   32887   28506   30181    5656
   22834   15310   32344   26148   32942     392   23386   21690   31797   26763
   21265   23604    2348   31848    6828   23345   21770   25493   21613   13341
   24974    5843   30917    2840   36092    5214   26668   31994   30321   11206
    5442   19939    2666   19700    4445   12188   20713   29548    8171   16454
   13837   18978   13263   24001   34933   11724   21304    7954   25052    4109
   36096   30432   11474    5476   35104    8368   32758    4022     682   23256
   33723    7825   35233    6266   31830     669   19515   28170   30942   16194
   27787    2064    9310   30415   17119   24790   24478   33077   30751   29763
   21587   23701     708   36777   18003    3572   19146     538   13527   30055
   32603    8976     409    3763   32563    1927   12919    8021    2807   27744
   30469   28874   26144    9652   31494   35695    9784   10165   31809   35490
    8711   20407   29241   15497   12292   28330   12089   24559   14973    5109
   34804    2794   15323     376    3896   31804    8031   26308   16698   33269
   13745   19531   13636   31836   25409   23472    4518   33349   30208   23144
   16639    9218   28986   34574    7226     378    9970   18502    7980   20912
   34515   25768   19507   25058   35084    4869   24717   28464   30442   16072
   14593    8448     719    1360   32371   24561   10673    2147   22878    7969
    3058    5690    6081    5898   35450   28769   18219   19852   21694   29442
    2669   23423   12572     307   29469   33872   24252   25541    4920    6036
   20395   28780   34309   32347   12847   12759   10332    1111   27503   31476
    7210   12554   22895    5306   15863   25750   34598   15500   34297   17781
    3269    8393   18319   27217    7685   29261   18056   31892    4665   23598
    2175   13223   11583   18695   22401   21640   17244   30066    9125    2261
   34588   36659    5641   34122   20946    5018    6156    7286    5254    4269
   29339   32412    2493   36738   18366    4486   12901    2816   13678   19395
    7638   23922    9838   30359    6532   30493   12573   33717    3567   15875
    3484   34645   23658   27071   26607    3155   30187   29787   22213   31911
   15541    1406    2225    3263   35748   32386    5335   34744    5834    3651
   17528    8140    7679   15361   27394   23158   17013   18001   32681    3267
   34092    5639   16259   27238    4199   19977   25388   32203    7370   35484
   21258   24392   30732    8477    2601    9587   20910   26258    6546   23486
   24284   23388   35234   20277   27933   12290   32659   21672   29007   14758
   31130   21003   29350    5733    7006   19063   28264   27061    3118   34033
   28577   36783   26600    5195   26878   34755   29800    3760   18558    9103
   30173   16618   10096   21475   28819   19323    6867   17300   23660    6782
   10829   25624   27591   27009    9150   23945   11808   20544   23266   24019
     486   10928   12171   24110   25097    3043    1595   10016    2962   14658
   23545   15978   35519   24937   35561   31295   34495   30215   36426   32953
   16831   23708   24277   13842     805   26075   20256    1029   12174   27209
   30285   12358   15335   21334   21552    8727   29847   15961    6717    2687
    7108    8109   29384   32739   18279   27304   36460   22054   29134   19982
   23942    2929    6707   16469    6725   11914   25741   35558   21356   13569
   30397   30409    2347   33287    6804    7252   34785    5865   13638   21740
   20753   29982   17733   11118   18897   10726   36991   12033   30795   24645
   25933   15695   25899   28639   15948   17850    8977   12807   10631   29777
   29747   18430   22920   20900    8836   31527   28879   15476   16018   33681
    7390   10557   33183   10661   18138   15072   31536   18888    9779    8622
   23652    2104   28293   25178     702     402   22841    9519    1065   12061
    7618   13752    4913   26829   35902    3930    6184   20922   10424    2559
   14836   23462   21079   29618   29225     845    4010   29357    1107   14051
    6076    1403   18062   31637   28347   25674   10740   20607   22274   10833
   21141   17874   29746   11019    5550    9799   25932   31823    1469   35579
   11555   29505   31690   28525   13322   35745    4320   29902   35791   17955
   21243    7535   34634   29340   30521    9754     370   16530   29126   35058
   15290   14761   28036   34859   31975   13283   27387   17927    8483    6065
    6473   19943   30260   23524   27258   12335   15890   34724   18603   14859
   12121   36549    9347   25348   14498   18795   19399   25417   16458   21800
   16535   22112    6227   26405   36383   16463   24916   27359   19628   22737
    2454    2724    1876    8497    5020    8680   13909    6803    1656   13066
   22120   12664   23517   23653   29911    5295   22196   19267   36462   29058
   29843   33792   16885    5988    7641    8655   20694    8485   10199    7634
   17008   19953   36494    3998   36467   15755   23892    5521    8934   14903
   18981   14875   28352   24214   21115   22835   24362   36889   17721    2487
   25218    9308   13188   35906   35190    2713    6731   25402   36720    3672
    8949    7815   11495    9105   20328    5115   18916   33956   17345    6456
   10550   32741   23318   27474   17985   22301   25450    8431   10057   10208
   20406    7570   36517     410   31845    2271    6021   35227   29048   25748
   19202   30589    2095    9016   22531   29533   14976   27676    7136   35540
   33034   16358   29988   13614   35523   29541   14927   33259   20756   12215
   36156   10600    3639   18559   13241   31980   12808    5628    4092   10491
   30509   17100    8873   11734   20048   16332   20578   29841    2264   19289
    4333   25327   21178   14520   32070    9759   28433   20194   17570   17129
   12141   31504   35298   23567    7362    9942   12648   13670    7737   32889
   18490   13715   13977   30825   33364   11841    4490   16684   15802    8289
   18942   28669   34814   15989    2709   14374    5152   36886   28168   22387
   11705    1197   36144   28660     952    3696   34147   11974   35805   24935
   35773    7627   23558    1733   33995   25633    8439    8283   33205   19609
   26434   25272   30460   14833   23895     519    7828   21073    2066   13088
   26992   29199   31326   16844   35761   20453    4323   16318   35177    5459
   10640   26654    1464   32390   20473   28463   17624   32957   25747   13179
   33328   23145   36650    4612   19734   35312    3220    3929    4860   20982
   24288    4456   19279    9668    5660   25828   19586   23289    5866   26293
   15245   29468   22653   13633   16720   32655   25849   26245   18316    1021
   33076    5405    6205    7639   10939   31229   21245   27860    6738   26580
   20780   33315   25124   27903   26835   17459   31564    5953   14626    8450
    3296   15249   21948   33263   13031   27141    2079     830    2616   20896
   11931    5949   30625    4714   19214   36193      32    3588    5529   26222
   30626   28108   21502   19886   26936   22475   17692   10413   29613   18189
   15733    2336   36761   24960   21370   13155    8356   21866     211   23174
   23004   27161   11549   30768   35225   19448     826   24634   18305   21075
   23889   25292   25890    9542    8299    3982    3253   20766    1844   33909
    7736   24962    8166   24964    3870   14307   23978   20154   32056   16026
   11120   15194    4768   13446    8585   10135   35630    7270   31542   18759
    3054    3579   32743   32672   24589   27015   23058   13534   28419   23682
   19564   11457   21804    7308   29118   22725    9374    4887   36444   30263
    2715     306    6339   32858    5934   33273    8365   19630   26336   27888
   23580    4730   19241   27192   18127   17141   19645   16000   34669   27983
    1214   17603   32073   29383   27953   21447   12346   13907   20284   13448
   10924   35442   25287   29879    7153    2903   24865   26899   16408    6225
   35553   36320   33696   29883   35306   16537   11797   10458   21545   27819
   36072   14241    9845   24759    8253   11903   26475   26583    3984   30403
   18101    4302   21244    6775   23866    8035   13041   12589   14508   17298
    9852   10875   28205   33477   25939   24555   27939   28495   13329   18286
   34252    4082   29864   26039   20334   16234   34130   19675   25248   12750
   35278    9035   24858   18973   31721   34878   10963   27357   28079   34649
    4116   36367    2407   22163   27857    3993    4848    3699   10242   18157
    8530   26100   12284   31372   35654   20106   31447   20914   35889    9043
   32299   36491   34086    7966   12348   25682     349    1629   17082   19483
    9418   21337   26233    4678   20352   27084   22879   20631     597    8039
   22874   26061   28936    6220   16507    8771   12082   34813   14531    6584
   29895   34368    6122    2676   22554   15488    5926    3595   35105    4036
    8449   35798   25667   14899   14539    8728    5602   10635   22010    9964
   28947   26103    3350   29430   33575   21714    2531   18341   28180   28042
   21398   15868   30504   23693   34799    1372   31794    9344   14615    1499
    8508    9755   35924   22245   16931   10411   36084   10594    6887   36128
   15701   33948   34929   16443   15563   25163   15490    4073   25476   25203
   35238   18623   34417   27945   29585   22469   34670   21727    2239   28862
   17788   13762    9829   30218   21467   21903   16577   17130     327   12152
   27900    5757    9825    8714   33053   18264   13665   18672   11441   34400
   28602   30550   32487   26232    1209   21508   14805   17408    7608   24698
   31399   26125   30014    4857   34079   10566   25830    1921    1358    9331
   27807    1881   17765   13910   18435   14862   14747   14155   32342   14262
   18169   31528   31230   23931   20738   21345    5773   23635   34519   10697
    6951     691    4038   34943   25795   13415   12204   21037   17450   22781
   25883    4557    5917   15866   20129   33529   19539    2684    5210   13742
   25347   28362    6962   29142   15994   28154   11105   29053   29379   11050
    8113    9917   34688    9541   23053    6301   18360   27121   29404   10968
     887     824   14073   36709   32956   17193   34701   33380   32058   21967
   26091    4640   28188   26408   35508    9794   31079    7904   14722   12780
   31452   18359    4017    2421     611   16338    4451   20400   24639   31757
    9166   21503    4607   16304   24190   26250   15640   27612   31043   19084
   22738   30622    5366   22979   31597   10914   34121   13404   34572   23040
   13391   33058   10280   32581    5057    6620   24105    9507   10733   16533
   36743   20589   34232    7857   31075   15853   16038   15616   26254    3440
   21481    9577    7294   31829    2739   36308   10937   26982    6303   15807
   14536   32434   36490   24923   22188   11586   28804   34484   14285   32597
   30701   24381   26586   17865    1309   26137    7353   32800   14807    8875
   30637    7231   31354     137    7271   30835   25864     997   12180     301
   15121    1227   27891    9943   22204    2491   26487   17146   23796   15922
   16275   14918   35780   32197   12707   13278   11115   17753   22529   33217
   35078   32641   25313   24293   23468   24039   26145   24227   19018   27684
     736   14165   24135   25034   24813   33508    8135   28711    2250   19387
   11752    7034    2761   24832   21231    3946     541   20614   33923   14740
   16470   22833   13394   12656   29825   32976   26810   29456    6088   14271
   10161   28781   31732    4524   33900    2014   36698   31781    8104   27630
   11430   10198   34534   29333   22454   34752   15059   36791    2337    6530
   13518   16669   36747   17599   19242   31376   34548   19102   28485    9603
   29443   15237   29399   16908   31774   34145    2726   20733   10354   22678
    7934    3581   30448    6814    3465   13808   10675   26891   22533   27218
   16111   35983   24290   12297   34217   28295   26646   19797    3528   16283
   29238   11219   14932    9665     801   26591      38   16754    9454    3165
    1657   30728   22542    2436   21685   17999   26720   15070   31733    8693
   36765   15173   24643   13138    7342    5796   30386   35386   19055   13930
   32785   34611    4241   18432    7651   28821   21486   23177   30947   11005
   14272   10827    5021   22269   23223    3702   35546   33125   33783    6684
   23249   20992   35043   16850   35932   33442    4032   26301   25366   22148
   32429    1351    4879   18898    2901    2453   15140   31378   11515   18847
    8738    4449   11985   34530   14951   31058   28799    7435   16450    2259
    8383   12494   24968    1627   21373   28523   14287   31966   16783   35027
   33439    7532   26754   32723   22383   28250   36318    2165     281    1801
   12176   17510   14562   12784   22182   23925   27157   29980   15523   23771
    8163   12873   14049   14913   36637   17654   36315    5790   13657    5394
   22988    2790   15421   19266   30962   25991   17920   31243   36546   33202
   21039    8626   32150   26927   15338   34917   24081   35505     780   18592
    2108   19973   30829     963   17209   18237   28030   17505    2938   36558
   10193   25847   10127   12462   12031   36593   15350    1851    8461    8112
   22049   29993   11256   23637   22813   11844   36063    1316   30721   23286
    8001   20637    1282    5286   20120   14129   29953   23851   31513   33653
    2457    9657    4689   20278    5340    3607   36390   30522   21177   19134
   12671    5224   19671   26471   36375    1443   35867    5812   16084   19664
    7193    5227   14147   16787   33204   13576   36123   30971   16958   32226
    1011    3451   18853   18491   34208   36374   26837    6947    8400   25265
   13368   11389   25073    6114   31619   29685   34165   17914   19265   18600
   29155   19184   21935    6874   22911   36297    1348   23426   24857   14500
    8760   16912   10425   16416   27883   29365   29287   36475   36031    9777
   25515     972   30312   14594   33969   13109   14936    9468   15093   25615
   23599   34200   22721   10622   10360   28943    5806   16734   34028   17617
   35129   16829   29609    2910   32030   13952   26501   25829   16439   10345
    2228   24273   24058   23478   35899   19333   18084   32882    9528   25464
   15687   24627   24501   36445    3761   19907   16381    5766   34975    9902
   20418   28251    1484    9186   23355   20498    1713   15911   25855   31448
   14597    1323    9455   26018   32061    9270    4701   12585   29380   20333
   27760   11946    9058    2849    8741   24099   34135     907   35207   23056
    9364    1057   15115   19663   20764   16071   14636   34006   14355   36110
   26248   33033    8960    5124   18226   19577    6956   16142   31976    1186
   14618    6751   20387    6128   18504    8662   34808    7587   12486    9254
   13878   36656   14277   26798   31191    8370   18339   29574   25260    8695
   29642   23012   33314     295   17229   20976    8575   16281   32329   31156
   30343   27096    4068    1215   10050   20651   32472   11149    1123    9789
    1145   17782   36332   26574   25148   13422   14116   16962   36056   21650
   15678   36061   17682   17997   23046   19109   17043   29656   31800   21627
   31584   23865   21416    8061   35866   20349   20935   22546    5837   18270
   17324   29693   32173     121    1428   25303   13738   14533   17318   29914
    7530   24664   27278   34812   22706   12127   16186   10512   15685   22155
   27497    6186   31905   27513   35388    6159    7955   24687   24168   28367
   21290   14206   32872   20868   12075    3420    7911    6309    3128   27025
    4910     418   22590   31606    9995   20656    6937    2107   25960   29461
   35841   24570    2742   29317   26552    4738    9229   31458   26300   17322
    1705    6167   35760   15166   20269    1654    5705    9193   27132   21389
   36725   14007   16047   13246    4392   28783   17817   20952   10250   10639
   34712    9655    3154   25150    7897    3333   24315   23007     766   32230
   31161   20541   15376   20973    5569   17750   13101   21998   15707   34262
   19326    7445   25469    7606   21639   27532    6604   27403    2063   29470
   33466    7469   20132   27255   22921   30505   29095   27008   21689   16479
   11429   25467   16061   13896   15038   18685   21620   26017   22060   31717
    2750   24051   30925    1191    5734   21841   29076   13730   28121   33317
    7794   11925   36371    8509   22018   31974   33271   19776   17467   27512
   16766   33365   36921   33350   24828   23198   20701    6452   12352   25298
   27472   20363   12986   17658   15905    2008   23853   23654   29494   26302
   16348   12735    7932   28733   12947   18499   17508   36005    2134   28303
    6524   31534   15037     283    8337   15954   18619   22583   13803   33908
   31801   24225    3828   18966    2568   35041   35869    6545    6463    6708
    1004   13529   10791   35585   34115   23203   14343   32806   21751   28651
   27405   27147    4385    6596   18677    9979   12242   35345   33113   28086
    4721    5140   21074   23364   21846    1374   33474    6101   11157    2163
   10194   17175    8947   13681   21390   11862   14167   17224   34807   29678
   16603   22008     807   25401   11741   21888   17212   31718   26956   30272
   22916   10089   36421   13677    8279   36412   23949   36674   20907   13074
    5676   15009    1388   32850   29323   14873   12799   19148   14938   19349
   33797   33219   14367   32171   16179   36064   17012   33444   23188   16394
   34190   12024   12687   12952   30383   26424   23846    4299   34386   13305
   36424   22033   36949   31342   18819   28153   25869   36422   28314   14963
     605    4667   21887   21789   17299   25568   12503   33919    6646   32846
   15872   16240     227    8382    4396   36217   34106    7636   16809   17718
   16254    8118   12653   21979   22462   10604   16094   13377   12675   18413
   31440   19981    8178    4441    3814   36728    3935   13948   13859   12197
    1329   16785   36435   16981   22815   34001   27395   23683   30126    8414
   12182    9351   15871   27373   18405   31422   28282   13157   16985   13707
   22154    1187   29120   28763    7277    9700   29228    5817   21136   27463
   32353   24359   10133   11136    4326   28903   18667    7272   20007   12623
   34367   30735   31008     820   33022   21459   30270   29044   17348   27206
   11873   29857   22957   22075   18954   14194   14893   16959   31722   35723
    9626    4702    7161   15551   23068    4973   28372   22395   25416    4837
   36307   24985   29307   32826   18168    5174   25506   19904     783    5683
    6482   15848    2488   24502   17802   31956   21294   34116    8318    2593
   14813   20313   29801   17311   20433   36408     154   28630    9949   27563
    5106   31087   20307   28438   32193    3577   34939   34043    4661   27877
   23009   10138   14283    8020   15002   31769   20229     686   30094   30079
    9230   13216   25971    7543   26049   25693   35433    1132   16679   24632
     478   10361   33981   25349   25986   30254   23366   30459    1194    8939
   19446    7035   27360    5083   24276   22058   11014    1189    7517   23672
   20737   28247   16776    9991    2193   33826   21651   23246    5030   35481
   19043    8644   23060   21579   35635   15114   29362   35012   19944   15721
    5537   26063   20834    4212   16205   31630   30960   11867   21581   19896
   31592   16037   36178   31053   12304   30497   27079   22535    4685   36604
   33628   18195   30483   26571   28044   28977   20572   21126   17956    4872
    1212    2460   30398   16392     752   23935   35271   11849    1116    8373
   25923   31835    9287   34986    3038   21144   32064   22956   12409   24325
   16528   18096   14328   33497    5223   15960    7958   35119   30175    7232
   30650   17444    6511   11790   13218   24097   14120   36680   15318   26694
   13996   14624   35556   22919   23035   23075   26597   10551   24866   30785
   12122   20999   18256   27897   24238   13030   23600    6693    3340    3103
    4646    4041   24174   26579   29119   28358   17263   30264   17532   34299
   35134   29828   27711   26414   11906    6334   24396   10160    8617   15860
   36388   20595   32044   23280   11020   31103   31522   13060   33249   17059
   19060   24765     455    3442   25161   21678   30228   25963   18618     430
    5624   33972   14831   36502    7537    4386    3446    9212   30814    1736
   12990   13961   27666    1436   22124   14887   17437   18049   25740    7614
    9104      84   27112   27976   32090   19283   14015   17389   14712    3972
   24567     577   31729   35951    6753    1878   36177   13115   26888   12887
   33572   20634    5272    3780   29866    1995   23879   20812   36349   29666
   19585    7341   15268   17080   24070   21968   24919   17659   20662   31620
    5695    8700    8108   24250   21318   18641   17369    9877   11522    3376
   30940   16034   31816    3868   35223   12243   30506   34113   36503   30719
   19240   17807   16268    6216    9532   26149   10597   32900    4405   19078
   16694   28445    2423   16810   14160    9199   21942    5903    2383    9633
   12278   16524   17915    3307   29638   14153   17417   19133   31931    6619
   27375   10279   31649   15758   23529    5885   17560   11638   13421   12719
    2535   23611    6290   36871   29941   13336    7369   21308    4766   19324
   31880    4225   35410   28249    7288   13616   26605   18574   23695     712
   35838   19946   21092   17794    2373   33778    1140   15641   25355   18531
   21277    1217   19195   32961   22390   29633   19558   22299   24271   23006
   30647   25174   15996   28612   27418   11267    3829   17899   11773    6781
    5899   15128   22308   31374   23788   27901    1672    4975   14389    4481
   23751   26613   29792   12368   11196   17538   16646   27034   14720    8676
    1696   18687   19962   31147   30024   11462   12383   19748   18697    2994
   14814     205   18840    4008   23185   29093   20937   31170   25557   14528
   13308   14421    2115     662   19434   24899    1498    1602    9797   13994
   19457   15096   24279    2251   26128     688   35905   27168   23269   21964
     372   23334   32802   33280    2668   36082    2403    6694     792   32821
   26640   36050   33122   13324    9071   30311     514   13429   13056   15057
   13519   36453   33385   31985   15629   30394   25737   14140   21941   14886
    5585    6752    4087   36851   16277    1451   36293   18782   14322   34786
   23540    4759   32117   29273   27627   33223    9191   18892    7491   10687
   19394   33215   35712   29673   11948   18196   15916   24133   28370   25802
   27271    2298   18779   29497   26094   30419   15654   33596   34060   32289
   27263   18997   36522   32763   30767    8235    5803    9036    8315   16062
    3644   18546    7372   11062    4350   28113   17479    2878   31318   22225
   26188   16871   25650      43   25678   24541   31124    7592   21642    1577
   11530   20100   11195    2734   30136   21567   33056   23354    9216    7346
   33228   20845   35845   11377   10795   27598   32105   12065   25075   23484
   26437   17009   28230    9146   20875   19709    9194    5462   32176   35957
   22465    3271   36612   31607   14050    3454    7089    6926   27992   32664
   33175   21544    7525    1205   11785   22321   32325   11537   23596   19640
    7580    8076   22063    2526   12921   19322   21167   35652    5681     591
    4840   17900   32128   11553    4668   23329    5393   28974    1891   29286
   29631   24495   27052   36073    9306   26346   11114    5011   32657   33662
   29759   26276    5544   27496    7513   30799   32749   36111   20432   26701
   33660    1500   33811   29463   20997   20306   34230   34358   18431   14128
   34447   13189   31948    5064   21680   15302   32163   35254   27810   34168
   23843    6548   15865   13126   33404   19802   24538   36186   26239   18552
    3495   20191   15995   21138   17114   24930    7949   16645   21186   20161
    1129    5572     426   31088   31963   30845    4322   15501   26217   35968
   25397    5380   11418   21215    8948   33997    5888    8999   29906    2887
   31706   15862   36584   17133    5363   14333   34114    9299    3522   28997
   18410    5702     946   36853   32422    6217    8498   33725   10445   24009
   20870    3968    5282    8992   28843   18652   23725   26164   21159   23456
    5321   23264   27687   14097   33522    1234   22317    2647   12828   23549
   15747   11950   19403   15969   24428    2784   29090   14321   13639   14403
   15362   29837   10866   34316   31208   19312   11875   10027   15029   27328
    1963    4433   34058   32148    6940   15979   24670   17118   13340   17594
   35617   16367   10015   18708   32367   25888   24032    4177     740   21832
   34143   11295   21309   34144   13067   30286   17820   29639   33416    3678
   18110   32540    6464   30603    2308   29425   11766   18402   21005    4552
   11848   12289   10879    4079   22859   11285   11756   21443    9495   26882
   27390   19920    3521    1973   28365   18384   17652   13559    2439    3060
   19685    9831    8117   11212   22177   30944   17557   32341    2268   28979
   10189    1811    5035    8988   10192   23319    9795   18690   31622   30542
   12643    2961   18625   20633    2580    3156   27577   22955   24825    9512
   32391   30993   23911   35445   22216   23287   21605   18153   35394   20314
   29344    1861   35024   28978    7572   16821   18429   33543   23847   20202
   12380   24216    6451   14203   24512   27518     381   29556   30654   27713
   29263   25760   35622   15631   31146   26373    4390    6973   24620   22042
   16438    2781   16270    1608   33199   31227   14607   34432   19045   17938
   10848   12017   27798   24784    7731   13455   23962   25001     414   29774
   36681    9750    3327   15047    1646   32501   34696   27490   36022   15535
   22665   25315   11685   12877   29420   26205   34654   17496   13773    3524
   13983   27526   25452    4440   19573    7465   30760   12552   33374     741
   26707    2287    5458   24307   33157   29272    9051   21674   10110   26790
    1749   26671   32087   18822    7320   15076   20210    6673   31412    8191
    4865   30269    9318   12657   21341   28556   10196   22067   17540    1167
   24565   10239   22971   29355   31888   21238   30241   14249    9183   23248
   11620   32007   31971    8649   20169   33678   25699   27210   13981   25571
    8789   22332    4074   17377   21096   28890   35657   22771   30772    5706
   15116    8963   34608    9637   32690   22098   21735   23295    4118   19928
   11980   23850     413   18834   36858   17709   28884   23716   22020    2507
   36621   27202   19157   12337   36135   31509   24152    3052    7893   21578
   24873    4963   34687    3749   35860   22064   25041   27135   34177   10811
    9938   18570    9207   20439    9939   35996   11792   17068   31166   24527
   33836   22844    9679    3916   24577    7236   18192   22251    4983   26923
   30750   15667   23520   21458   25243   19017   31292   26784    5378     864
   25141   27358    9873   28407   12164   24347     209   30934   15261    2708
    9864   31029   24953   33894   17086    4868   21756   30304    9461   20073
   25137   30946    7834    4131   13887   23659   35142   28425   30502   15148
   21521   12183   23952   11610    8217    1302   32931   34579   24918   16189
   13365   34660   30110   17188   35998   33428   14452   14353    4413    2131
   30183   12410   12374   23049   28011   32260   12805   25418   17055   25341
   34793    4703   26656   26003    2914    3887   22584   22360   16220   16256
   24193   16379   31468   14400   23371   27391    2786   18437   35089   11034
    7463    2917   21723   32831   33760   26850    9666    3729     785   12019
   19942   24184   31795   33779   11117   17871    8900   35693   20230   26171
   10037    9421   12650    1048   24591   31339   12977   17035   33683   19561
   36550   34209   31841   20093   30937   26459    7010   18356   28888   15370
   11234   15263   25775   35666   29831   26303   12617   15823   36589   12596
    7344    1470   13406   25319    6547   29563   33243   28765    8223    9442
   15945   25600   14501   14443   16324   35674   30205   29234   14356   13749
   36176   17502    4884   13646   12861   34739    8707    6740   29292   32712
   21702   16390   32431   11159    6074     238    9508   12754   13001    4000
   19224   20251    9381   20802   28019   14933   34705   28404    1328   12899
   23582   16426   16542   13399   13072    1613   21206   15219   33145    8407
   36568    4107   32324   34620   19455   26502    6700   26135   24026   33422
   11527    4720    1448   31200   17231   35431    7590   17165    9514    2091
   36906   25175   31727   26711    5249   36574   30880   18658     734    1994
   28035   16839    6918   29672    8445   36013   17406   27527   30156   23822
      29   10294   29735    6283    8815   15175   11239   28122    9091   35837
   21531   33361    4859   11260   17183   25405   17822   23190   27094   27632
   20957   17795   28323   32649   12125   30261   25338    4961   28889   25111
     653   19566    6675   35593    6461   23154   35953   35817   33475   30587
   21172   30031   19286   11449    1467    4850   25487   24783   34233   12654
   24410   28746   19768   36771   20138   34327   24921   36646   12761   35842
   23597   27257   27355   30085    1651   21716   36677    6066    1422   35942
   20882   25796   25342   10130   31190   29736   20648   10781   32206   14136
    9385   13921   29606   28759    7155   23275   20173   10426   12925   24622
   30743   22907    7727   20857     914    4101    8248    1702   11737    6980
   12159    6734    5689   28208   15796   35167   20850   17096    5890    2534
   19281   18069    9342    1385     585   36682   16070   31922   23439    5659
    8820   31748    2170   34290    6113   31290   24068   23515      72   23781
   30384   34011   20553    8177   36926     446   35628    7542   28447    8332
   20666   28224   15438   27223   23026   35504   31925   28206   11787    2353
   30438   10690   19256   28674      63   36226   36793   21454   25691   32407
    6262   15727    8540    9629   10065   32401    3917   12641    8413   19947
      79    4083    1334    3679   35297    4151    3897   12448    2823    4962
   22034   14299   33850   17094    3966   13563   24150   19504   10677   29910
   31263   23839   34927   22030    6850    6654   23422   21093   23570   12162
   27531   17149   19251   19803   20593   32051   25917   15889     351   26395
   29532   22976   19103   34877   31707   33989    6042    6390    7324   13473
   19490   24131   22629   19835   18841   35813   18300   36430    5398   22571
    8862   10554    6959   26827   14762    1238   22025   13454   36225   32578
   28904   32646   32272   12088    5436   14232   29705   28984   14757   18965
   21129     506   31293   11244    4606    9134   14968   27057   14359    4979
   35887   34075   36108   19367   32471   27250    6811   11403     690   16143
   30742    9133   33865   27179   18767      45    2363   30798   23802   32642
   24785   12891   29559   24153   20179   25516   31684   34546   31617   26870
   17278   30030   35608   21946   16798   11450   33633   27554    2706   27880
   32537   14466   35211    4009   11660   27449   16703   29905   35486    9642
   31373   28408   13214   32415   25647   18620   26042   17084     699   20375
    8726   24584   11692    7434   13181    4327    2475   13924   13976   20621
   22983    5360    7081   34423   36275   27393    1060    9648   28861    8334
   23384    8303   36327   12238    2120     772   25185     838   26449   23467
   26689   33020   36716   24414   31557   29457   28287   31380    8806   15832
   21067   22742   18788   11288   15851   14257    6127   31237    3552    5985
    6704   21505   22022   14199    8259    4833   35747   29976   34921   22646
    5431   17145   34621   28310    6958   35861    9876    3794   21809   25157
   18468   20128   35125   35031   28237    1502   10122    3245    9232   15408
    2565   30702   32304   16255   16294   26932   27487    8250    7726   36849
   24366   31576   26632    2297   34078   28383   14372   23221   19633   32270
    1105   12257   13293   21085   36450   22720   21346   14078   13810   29037
   17639    4649    2520   23923   23761   11312   29928    3845   14448   31105
    2445   35124   32639   32851    2775   20054   15546   33284   19626   30560
    3452    1648   36635   30072    4517     141   17239   16213   24814    5478
    3698   21802   27319    6935    2519    6645   12006    5080   32094   20836
    6212   29196   12147   26261    1956   17151   20654   31676   17040   31232
   12268   11098    3634   25114   28790   21843     843   20389   10535   21121
    8638   30744   23512   34713   10783   23129    8582   19023   20483    9413
    6251   20577   26355    3770   16423   27367   36602   25455   22368   12189
    1284   33502   34613   21165   35941   31824   15020   15272   26996   29544
   33570    7319   11572    1177   12425   31274   24734   24474    4914   17337
   25717   10633   12351   18748   25728    1679   17005   13098   16077   28679
   36557   23986   22285   19075    1884   15040   26311    7441   23002    8744
   17909   22696   22684   12767   21272   36041   11319   21823   16556   36012
    5343    9986   10530   31523   22423     743    7691   26515   21991   36265
   29716   20140   32964    8834   20940    9734   34402    4172   34489    5337
   29595     973   31072   11924    1216   15624    8541   20445    8601   29415
   29536   30022   10338    4482   25496   36341   35961   25745   17904    6343
   23238   24390      97   12696   17466    6442   31383   13833   10563   13579
    5595   10514   22514   32734   12989    1991   35732   26289   13469   25770
   27205   27386    3852   34464   17313   21184   20369    9669   14033    9148
   21251    7924    6246    7256    4142   28934
