   11754   33671   14411    9443   29527   30122    4336   29886    2198   13494
    3185   24528   33323   35926    3805   16472   27240    2171   29978    4993
   20954   20894   21652    1906   15427   36446    6037   24733   11704   25669
   10644   17045   32281   24038   31750    3007   25943   36101   12179   25182
   35896    4682    2562   37000   33123   21818   15054   18613    9723    6150
   13490   30991    7446   19466    4653   29005   22434   10786   35447   11106
   13154   19836     511   17357   18734   23551   33057   18205   21861    2721
   36911   28849   36623    8946   36029   36712   13173   17614    9674   13150
   20416   20536   24424   22327   26236   32433   29984   36587   27382   31336
   35543   35257   36660   14010   10333   32660   16609   11127   35536   24558
   30246   16290    4938     406   36826    3656    8918   23162    4599   13424
    9689    4929   23016   22724   16417   36481   23661   24023   21311   22350
   22974    5113    2269   32571   11993   34909    5513   34652    8482   27401
     897   34318   32311   10717   36205   14039   19401   10238    6825   34811
    7574   29768   16662    7049   25144   27671   19532   34183   22241    4088
   13213   16608     518   32809   28217   33037    2296   22924   14839    6714
    2342    6229   17855   28160   29215   20568   34477   26658   35247   14363
   24691   19959   25428    6372   20704   26076   10818    8902   27590    2894
   35819   28504   12308   24631   17907   34684   23490   12419   31924   11399
   16843   21453   34298    6914   16116   24080   34623    8818   22687    4634
   27530   26331   33556   12978    3739   21836   16300    9433   12545   11342
   26776   26240   10483   13400     672    5565   16601   10461    1792   30441
   11156    2241   26001    5170   35210   20004   11243    1735   30909   32336
   25746   34738   35070   24922   32732   11740   32046    1019   17645    5643
   13091   27091    7152    5764   20185   23298    1666   36381   28132    3283
   11606   26168   31645    3064   28521   22195    4444   10137    9453   22294
   36990   18301   30906   20790   31653   32265    1708   34671    9494   14935
   19714    2644   16943   16803   34306    7458    6995   23838    7975   29808
   29507   23980   36026   36286   27166   12138   20115    4957   35443   34851
    2585    3413    9117   26752    6116   27635     757   23098   29008     760
   29356   16775   24847   19722    7997   10664    6809   13737     670   15276
   26636   34732   35615   12674   13470   24095   31686   19335    8926   29797
   33597   10596    5618   18480   25766    2703    5687   33690   32546   32350
   33006   19840   15715   33485   29338    2094   31025    6869    5574   18009
   23516   30620   34422   18962   30892   30815   34974   35054    5226   22490
    7844   36107    5047    9584   34105   30819    8518   11217    7648   21205
    8811   21132   18094   11933   19284   26430     308    6239   11575   18449
    3331   29916   14412   11514   19772    6786   15062    5761   23400   27638
   10309   21938   35550   14135   13689   36879   30680   19300   27457   33843
    7982   11961   33014   11539   13790   11856   25479   29546   28545    6517
   21192   16246   32137   15360   10822   18099    8846   22786    2384    1644
    2041   30852    5203   20135   14308   21026   21959   28291   10915   33515
    4943   26702   14121   31886   33106   28428    6346   33463   11528    6849
    9089   20747    8412     964   35008   34436   14419   23187   15884   19091
   20697   16132    9828    8589    3905   26097   14286    1879   11551   20996
   30672   34074    2199    5670    8708    9371   19400   30420   28623    1948
   11410    3024    6763   15394    4335   26947   30123   12336    1597   22758
   24404     375   20292   16486   24228   23862   29703    1589   29336    9001
   20638    4042    4202    7072   30871   33071   17014   26032    7774   14534
   16325   33141   32786    2820   36966   23072   27082   12359   30716    5157
   11889   13502   34032   13053   28387   26634   35555    6728   20485   10494
   18796   29647   36296   35217   13477   26266   26873    4676    6502   23475
   29446   25118   14386   18940   13439    3233   33939    3839   18320    1210
   17489   15241   10546   31983   29190   33742    8211    2756   20268     390
    9205    1044   35239    9509    4423   31734   14481   21042   19525   34119
   33286   27844    4885   31703   20886    5238   10045   36431   19025   36249
   18059   35786   10299   16737   19047   26540   30447   24036   34675    5301
    1182   35700   16482   34999   19614    2442   35179   17237   12156    2546
   23678    9244   27741   31651   26169   26563   18883   21551   14082   15730
    4054   28136    6758   35959   18215   30908   28954   11168   27115   15981
    8386     618    7106   24199   10893    9854   11700   26495   30847   23477
   31182    7620   12636   30204   21871   15371    1490   33501   11181   15011
    6583   18342   27277   34346    4072    5969   34848   24949   30498   26489
   14066   16261   31549    2691   13432   32077    6842   34211     199   19616
    5186    6588   18845   27546   10233   36356    5977    9553     148   25059
   33670   16728   31808   32213   15505   17283   29245   27329    4400   36775
    6379   15109    5320   18071   10754   11764   34558   33421   32068   19353
   31516   10207    7284    1614   32687   35003   10908   14571   26477    3647
   21546   22260   26224    7120   33965    6267   24203   27940   25996    2179
   17576   29946    8422   25507   30291    7595    8310   36755    5383   32968
   21572   15606    5051    8294    4183    6142   28454   16359    7064    8423
    7218    6310   16925    6551    9446   34597   10387    2169   33302   32320
   28334   23967   33837   27960   32608   27842   34444    7568   22954    3964
   31993   22652    8499   10301   18727    2735   26364   28008   29858   26366
   27829   19166   27056   22624    6829    1364    9220    4563   10459      20
   25486   24973   17585   10272    9798    4005    5001   28240    7007   19680
    6014   16040   27964   27248   18604   29433   22747   24876   29765    5137
   15809   29725   17194   10051   19204   12768    5787    2039   20265   23955
   21580     628   18194   29304   20479   35883   22588    1143   26214    8971
   34871   22532   18711   28427    8041   24720   15618    3922    2331    5937
     900    3508   25098    6399    8556   29930    1380    4233   29169     834
   16464   36415   36643   34271   17555   29421    9527   16753   18581    5629
    2556   24809   11144    1279   21923   13512   25954    2186   31860   25880
   16752   16127    5367   22502    8419   33447   17523    6847   17689    3146
   12021   33021     855   15522   17396    3837   10647    7536   30191   29551
   35136    9534   15248   14324   36668   11043    8480   26945   13483   17531
   28357   26880    9037   33310   12388   32637   25887   20519   29346   34311
    5498   29741   33248   34013    5312   22650   14306   17482    2797   12023
   14525   12894   26767    3254    7869   26991    8781   20175   21606   32092
   32511   16700   36812   10720    3224   25453    7810    8096    8355   34164
   14984   14251    6965   34462   18678   23333   16478   36809   14156   11655
    1970   16271   16851     809   18034   28253   15420   29429   19150   12074
    3299   36139   14276    8912    3018    1230    2428   23817   14171   30712
   19833   29870   29116   19708   16960   36968   27511   30651   34189    9897
   15543   12101   36321   26847   31668    6526   30043    4305   11473    4260
   15007   22116   25331   25659    6085   33730    1033   33688   18159    5956
    7541   15049   18917    3309      33    9730   24542   17265   36838     182
   33254   10371    6328   12355   17358    6012    1751   15753    7814    9849
    5906   33222   36288   27099    4828   25959    9930    1208   18990   33312
   23861    2978   33333   10489   19255   22970    4312   31041   12437    9516
   26753    1889   26363   13847   29700   10324   14076    7281   29637   20504
   23920   11255    1427    2208   27912   14179     229   24716   35471   25598
   25358    1997    7374     812   35100   22433   15485   13248   18671    1413
   24314   36567   34110   24590   27677   28321    1673   14986   35910   19960
   19930   30152    1987   13151   24233    4492   32008   21955   23303   27324
   13312     966   31647   27290    4582   12110   27245   13630   24563   18324
   29597   36521   23855   32986   10046   26493   18753   15200   16689   26960
   30087   32604   26095   22586    6256   22794   24312    3996     323    1863
    6007   33120   12040   32018    4697   35517   16451   19568   14892    8984
   25233    5620   35981   22812   28317   16748   34014   21086   13967   12647
   13449   13915   26077    2921   33279    6567    3402   29401   16918    5399
   22339   29256   13380   21783     698    2392   24752   21733   10403   24420
    2627   23786   32145    9047   19057   25076    7594   11074    1722   33247
    4029   31634   10028   15511    8950    9729   32283   36624   36070   16963
   10047   18089   33761   15983   22079   16564   12202    5652   14529   14302
   33255    6045     742   35733   19379   26782   32520   25231    8067   16637
   20023   15885   15662   11731   30968    7573   10925     700   15081   22237
   19807   25525   12241   12059    3494   26124   34035   34148     198   32059
   35426   14742   10176   33924    2345   15481    9309     214   32516   25179
   36512   26320   15326   13575   16448   24794    6727   29102    2892      42
   22353   24596    2514    5325   20245    9147   23114    9764   27682   10583
   18831   14470   29050   24690      87   34345   14993   13367   14059   33640
    9170   10605   31820   32984    2802   27553    1596     693     848    8013
   25610   25911   23806     177     296   12813   30038   19288   31162   30833
   26544   26020   15690   23826   26458   35778    5601   32483     555    2947
   34295   13572   27620   10548   11888   10515    2723   14280   25776   18772
   19570   11825    9645    2533   33506     379   29479   17250   22616   20427
   23482   11218   31247   35570    5566   32297   17445   20275   21782   36011
    7516   19419   18878   26305    1992   13162    5168   11132   15881   27692
   34711   23815   34772    5246   23971   35744   19611   28211    3616   20769
   21954   15711   14633   11044   27095    3775   19138   33642     758   12560
   10800   29699   20965   29013   16383   22498   23437    6976   19432   36754
    7531   35463   11834   13357   21774   13437   24680   15524   31851   29683
   29211   29170    8488   22305   27904   22903   22133    4537   21753   26660
   21396   19453    4588   35060   10062   28119   34094   14739   14578   19963
    4256   26143   21326   11664    3006   16729    6614   19118   35249   26944
    5495   15710   14848   17236   15098   11962   13544    9774   20905   30600
   14953   13988   17773     550   19777   26744    6718   29564   20212   33840
   19764   19189   33438   36198     674   27835   22223    5105    2654    2502
   25913   20226   22404   13156    4093    4011   33154    2696   18075    8514
   22534    4426   25898   23998    4239   16374   26186   36324    9832   10532
    6419    5228    4499   13826   14339   20177   19020   36207    1254   27494
   21717   31082   19706   17434   19145   14826   11815   35416   17077   22663
   29458   28149   19540    9466   15831    3355   19306   23821   30612   26423
    7546   25219    5671    2391   26966   36581   24875    8721   20570   17790
   24897   25523   18139   35073   31148   29062   11179    6000   30783   26918
   12546   18933   23086   15742     668     753   18746   24604   15078   16584
    5139   13018   28633   33197   19649   28375   18201   13899   24349   36039
    6689   28173   34928   19011    5607   22186   22990    6796    6931    4382
    5740   11392    2314   12211   31116   31699   23337   17253   31685   13012
     948   20339   32101    7047   32279   34718   24189   29933    5873   25039
    3926   25623   22026    4105   35253    7658   18793    9422    8224    9313
   28514   32733    8783    1166   27938   25499    3907    7260   36127   33867
    2499    1532    7938   19331   36168   31253    9834   17117    8780   25940
    8293   34478    9223   13124   15608   32910    8038    5231   20304   30802
    7209   11584   31406   18995   31688   28235    5772   12363   30938   17125
    7183   17578   32915    1535   23897   31828   35847   10380   27322   31587
    9539   35317   32130   34971   26119   14413   35361    8137   24249   33782
   28313   33890    9552   25072    9448    7903   22585   20645   17180    6594
   23338   36707   24599    4862   36772   36498   15558    8577   20038   35963
   28234   23670    8216   30817    6453   11883    4950   15202   31744   11412
    6544   20714    3613   11540   14702   23093     863   29174   26558   13016
    9843    4070   32876   21248    9061   34100   35834   27921   17729    6125
   33536   19529   23201   11069   13274   35359   16164   32757   35110   15259
    3591   18522    6508    4048    6331    9957   10999   16546   20975   36808
   22468   19160   24506   29465   23377   12063   19129   29932    1536   32799
   13800   18051   16130   13850   12436   20890   16108   27769    1176   19774
   25518   22072     728   18937   26624   13280   27420   36036    3095   30059
   12085   17544   23141    8490   13877    4815   20523    5701   15590   31362
   33531   13691   16713    7482   33139   10883   18092    5220    5007   21608
    4416   26957   10197   28920    1623   29378    2224   26325   12771    3833
   32658   29889   19755   12663   16620    3151   26934   32991   16568   19753
   19137   20064   18864   36706   24281   18647   17120   22407   12822   33897
   19910    5723    3598    5204   34499    4755    2196   29806   34109    9055
   23180    4654    7964     207     971    3711   26812   26176   14715    5390
   30481   32125   24091    3576   17993    2443   36455   27068    9252    9999
   29236   23104   27072   17719   20575   22278   16386    2682   11350   22823
   32233   12998   21010   25394   26547    8478    1677    8141   11160   17696
   15531   28342   34229    6392   19486   28717   28584   16276     683   16899
    6543   12971     602   11582   12140    2177   16124   15048   21725    3170
   23083   28104    1823    6766   31168    2437   27173   17664   25962   24957
   18703   28279   16182   27028   14058   32717   26102   32373   32538   16030
   28268   22145   11652   13584    9050   19771   23823   17572   13787   32444
   13197   16305    4687   26512    2980   32326   13175   32200   25325   10967
   23170    5404   29963    3026    9974   20047    8264    7116   10400    7848
   28846   11723   28721   31038   18938   21405    9782   14364   33791   19355
   10484    8690    7929   30051   13136   16589   11915   10680    9671    2792
   20464    1556   33507   20547   23814    4616   13479   13696   23565   26370
   25984    3086   19478   11662   35651    3825   22618   15472   12520    2084
   25914      30   13034    2149     893   31370   16190    5055   26614   12633
   11989   34294   29441    5505   14511     333   13238    3145   31065   10765
   19191    2859   20052   12534    4430   16977   24724   34958   16140   19866
   23037   19584   29200   10747   26977   21814   17695   16764   20991   11248
   29760    9672   22134   23510   31205   20489   20826    2061   15605   27471
   35870   30408   28429   32262    8607   22936   36847    3276   14557    7126
   20526   34093   23220   26787   18595    1303   12681   10904    8249    7405
    9691    4677   30602    4674   36974   25047   36804   13366   33618   29450
    6143   36665   25823   35497   20467   13024   24330   32880   35636   35479
   10975   25876    8659   18028     607   30406   14350   22600    1291    6858
    3789   13417   15179   23825   11742   28886   16628   12655   33055   22727
   25858    2963   21139   36945   31037   26051   10287   11221   34994   17394
   20832   11042   20804   15706     516    5375   27698   21563    7245   30106
   12502    1766   31519   17142   20071    4731    5274   34036    8237   16133
    6633   34069    9410    9911   22297   21123   26114   24669   31366   10897
   25277   36592   28960    2003   27348   25921   14294   36033   29464   29316
   19492   25293   19846   33503   27937    9826   18701   19429   15010    4465
    5010   33918   18404   30245   35418   35611    2844   18780    4381   21432
    2080   34196   24334   19618    1741    3674   34527   22551   33010    9500
   30482   25920   14663   24222     346   34195   36855     419   17261   36242
   20273   32779   22447   18755   26730    1605   10540   22414   30923   28320
   17400    3987    6685   30527   29291     171   17105   14728   16085   12677
    4878   31852   15301   14619    3835   36586    8927   33759    9202   21939
   30725    8336   36947   15924   12857   15207    5535    1706   30418   31853
   17302   13839   23404    8972   24119   26584   20871    6711     496   24422
   26473   31969    8086   36841   10858   36961    8212    7972   23317    3059
   33109   13543   36001   36153   15887    4429   30734   32765   10167   33587
    2933   36351    8908    7412   24547   15287   29924    2864   21445   33059
   32691   26821   28519    4358   13396     649    9589    6017   24678   13375
   18934   28021   31822   25468   28987   25249   11820    6799   11525   14931
   31778   25597    2309   22962   15413   31388   10211   29839   27538   24651
    2867   31219   11703   11965    2515   30164   24948    9567   22933   35607
   32252   14514    1030   25018    4969   35146   24415   10524   15827   24449
    3111   27675   13816   36365   23018    3785   17326    2974   21147    7052
   28689   19580   34503   18337   34054    2558   32946   29580   32065   19627
   34903    6340     646    1337   16643     818    5590   20602    3589     173
   36195   15467    8671    1242   33736   20355   32771   20435   22460    6363
   27549   13723   11684   24991   25051   26666   18345    3022    3010    5176
    4001   30081   28857   31457     910   16080   36697   28255   31057     901
   21173   35774    7771   10087   10966   30158    8097    9538   32935   23609
    6942   19610     235    9129   14319   28412   24594   25997   30299   30278
   35005   15829   33160    1638   31608   22664    4966   15565   11343   35321
    1700   14079   22570    4539   10898   15396   22097   13688     722   14657
   28076    2238    2828    4168   16365   29083   32268   33668   25528    4308
   25180   19634   10758   13318    8434    1893    7649   23509   36563   21457
   16131   11368   27274     919   33851   17934   22300   28939   15211    4377
   34275    2877   32159   11869    7689    5354    8410   18414   11456   12516
   28853   13149    1445   32764    1491   10713   19000   22118   10666     680
   21748   25526   27743   30159    4583   11325    2379   36447    3840   25140
   28201    2642   11028   13832   12285   32439   18214    3860   11901   15646
    5725   28690    1013    1923   14424   23183   10771   17844    2447   19895
    9049    1459    5741   14244   32888   28820   28216    2902    8673   30810
    9449    3796    4289   34542   23679    7145   18149   10608   18367   36163
    9708   25579   29581   28319    6313   21947    4752   34787   23742   15053
    3504    4561   13302   31799    6960    1800    3065   27757   16926     609
   35815   34955   13542    6776   23906   27581    1307   26935   12571   20499
    3498    3049   25956   10654   30001   29077   14698   10911   24272    8124
   30997    8571    9996   28949   22793   31573   32409   23755   15808   34543
    8452   26518    2380   17156   10510   15479   32891   11077   16869   17111
   24677    9348   10442    9562    6488   10589    7373    4051    4191   10157
   21408   30831   10501   35743   34638   17393   27116   18276   28756   24007
    3539    8692   35877   16916   10607   25326   26833   17011   14447   17198
   17683   30267   19673   34538   15946   36264   26064   23025   18054   20784
   27679    7008   23790   27994   12029   18467    6137     913   20237   30703
   14731    9203   27936   21484   33005   18371    8764    9916   36805   10048
   12729   13063   10061   18136   22449   34926   33916   36658   12136   19838
    3542   23719   34566   11123    6091   15714    8555    1410   23585    8858
    1832   18839   14711   11622   32277   15564   21568   22938   31446    4278
   21837   35228    5350   21162   12000   19720    7567   15859   21456   25302
   10621    6364    1179   31080    6326   14779   18751   17525    4427    7046
   35524     416    8898   28764    1369   21637   24164   14999    3471    7418
   22139   29558    1610   31842   27868    1093   23768   16788   35307   34129
   23623   34507    3707   26679   33599    4071   13487   15661   16171    4513
   23645   12860   14596   29614   11687   35916   14013   23094   10789    5570
   14379   14472    4511   25028   20702   36020   33523   30262    9493    3670
    7192   29002    2258    2990   29381   36326   21523   18533   17387   20781
    9492   21052     151   32198    1704     987    1144   31110   32886   10846
   11324   23990    8549   36309   16445   12939    8619   23627   18349   20438
   30792   28969   16128   19623   12916   34880   13933   19259    1362   14312
   32191   10378   12537   34320   13761    4937   12230   10049    6680    7188
   14630   23700   12434    4623   35362    3399   32553   16020   17568   13834
   36977    8544   33268   21869    6559   33794    7283   20028   21865    4630
   33401   16007   35567   17630   21419   25211   18046    7746   30395   29582
   10281   13231   36822    6236   18158   32462   12830   22374   30905   11904
   19994   19142   15161   25957    6841   18473   30099   35599   14610    3264
     476   24673    1304   17217   33884   13727   22623    5207   26911   36074
   32871   11880   14549    5164   12935    6571   22613   30704     665    4099
   32421   34398   17819    4546   24364   27113   33732   13546   27048   13568
   27036    4853   22136   21788    1098   12918   27283   29632   31297   29030
   16932    3969   19678   13378   21242   30374    8238    2728   29671   20758
   17882   22194   30919   15212   30155    4157   25386     522   20902    8047
    1873   19733   30082     817   19122   13573    2343   16147   19754   33624
   24075   11580   30294    6348   27759    9839   30494   35631   15787   11186
   26546   35903   33877   14451   28284    5481   11024   33281   24337   26705
   13260   19829   20488     681    7962   15213   16996   27343    6107   35387
   32528   17385    8180    1174   21718   23488    3192   31095   29017    1737
   13311   34364   35552   10105   15331    7269    8297   21015   18719   25488
   10762    8590   30573   13442     269   15561   31104   28145   22645    2968
   14957   29599    4810   21055   17685   26669    8428   13619   33714   34254
    1692   28616      88   34673   34343   19683   16740    8739   16964   24052
   35354   27070   35163   26436   16705   33419   28620    1664   24360   33617
   11667   14027    7653   36831    4700   21068    2215    6102   23612    8877
    8286   29104   17828   17042   21892   32323    8106    5651    4488   22926
   22406    1460    2777   35755   23103    8761   21145    1609   27101   30752
   25271    7849   15583    4464   16644   34047    6624   27906   21104    1407
   21059   24116   32080   21149   19183   16905   14849   33627    4478   25356
     840   22904   18340    4211   25062   15483   11602   34073    6687   28474
    9073   21153   36819    4401   34045   15355   34242    5243    8105   29779
   31898   29295   32033   29968   10579   14796   26299   31743    8366   30915
   23636   22711    3448   17636   29144    7074   19780   14524   17500   33414
    8460   21719   23930   15162   32031   23628   14383    7663   20257   32005
   20322   23375    8288   29624   10959    2399    3083   35945   13226   30421
   36538    5650    9080    3765   20979    3737   22929   36121   30595   17025
    3249   31871   32952   12294   28397   21150   32535   14202   30256   11953
   16328   24535   29217   31989   34379   15126    3428   27576   19248   32463
   22094   34474   29210    6422    3979   17028   30353   30120    3290   21962
   35705    4182   28816   21623    3640   31203   18982   28115   28373    3258
   22302   30436   15450   11828   21189   26027   14422     484   24282   28866
    6185   27363   27792   21995   14940    5443    5642   29145    1319    9124
    1169    6055   12055   16762   18177    7423    8843   24418   29956   25434
    6171    9189   28658    1036    9696    2779   27658   31847     144   36172
   14988   27876   21807   14431   11618   10850   36797    8604    3002   10417
   26582    9445   27467   20486   19636   19040   15470   33481    3779   15328
    4708    7767   15766   35002   15074   32359   29502   32574   28501   24625
   26177    9460   24125   33435   27186   23202   14161   11478   15940   16440
   31019   27738   30862    9048     267    7338   19828    4744   19643     774
    5994    1540   35820   33465   16516   15552   23555    1553   18020   33136
   14654    1697   28360   22718   21787   21626   11534    8252   18669   35571
   24391    5975   34163   19885   29195    1211    1479   10152   16525   30553
    6213   24367   35374   36237   22303   31631   27122   13626     494    9369
   31633   29068   12783    7693    3077   13615    8847    3612   29069    9296
   12422   34815    2393   15509    9966     263    5000   36731   22683   26652
   26482    9122   20379   36238    1547   22656   19201   19702   16473   15657
   24021   23533   27866   21382   31436    1944   31526    9292    2349   16191
    5728   12318    8829   17810   15258    1009   28297   12052    6724   15415
   29164   26093   34857    4555    9034   14922   13557   28638   21848    7701
   25688   23773   19512     828    9336   32498   12710   31214    5332   11568
   24969   15803     994   10863   18403   22234   18450    8295    7265   18393
   17625   36002   34536   14645   26917    3014   15774   23028   23328      27
   29749   31968   30140   21784   23331   23494   22206   17349    3039   16706
    6651   30580   32301    1576   34657   17002    8658    7253   22787   14131
    1466   14560   23293   28910   32227   12093   12440   30546   30569   17602
    6658   14527   12580    3390   10723   25807   31077   32246     420   21677
    8990   29231   28591    4690    4270   33786   16299    7453   30456   25212
   25276   32916   25875     219   30073   21156   10699   21528    4808   30826
   15393   14827   10230   11059   14175   28195    8886   32340   19739   23071
   26022   20378   20336    2885   29305   27754    9242   27836   21198   26404
   23101   20955     334   18987   13440    1133   15279   35868   20117   11978
   32556    1945    1714   18370     174   14812   27215   22110   17516   19863
    4493   34783    3262   25181   19617    8343   35660   35021   19254   31137
    3569   18665   16559    1296   26182   15648   19641   30565     899   28209
   11728   26267   10097   20151      73   19445   34265    8917   17786   28146
    8914   22578    8757   13127    7864   31074   36932   25987   22330      80
   36854    5200   24295   35364    8684   31531   29737   12094   18858   17609
   13465   18578   30250   13463   16500   16503   33370   24888   28749   22615
   23532    4512   19932   36428   24551    1542   23461   31271    4761   16273
   26979    6705   12305   19741   21110   12454   32767    3665   36857   12045
   36465   17376   31501   12446   15495   23365    4452   25793    3362   22637
   22000   24423   25002    9971   16490   31793   29811   32110    4332    5445
   34730    3268   14675    7224     393   34972    7406   29086   10485   15521
    8794   27775   18250    2730    8837    3881   27410   11680    7793   27368
   24094    5674   22197    6438   17961   25431    7391    5699   36905    7604
   10318   14392   30687     776     424   22172   25907   25339   32752   31194
    2320    9914   35419     303    9883    6812   12356   32911   13020   18451
   21376   32485   11093     771   34592    1141   11585   20319    5855   30032
   12030   13306    9107    2138   29726   33496   18038   24568    9477    9678
   23100     453   24835    3880   34374   18426   16013    1151    4819   21793
   22043   20393    2425    6742   12917    5700   22446   31913   32937    8809
     967   22149   35035   11509   17147   25502   24929   34810   11770   34847
   31474   30526   13058   33163    3680   20171   18365   34682   16619    2500
   35516   25247   19859   20239   32645   17206   15042    2607   24564   32977
   20643    5808    5809    3457   27229   25510   23776   11406   27587   27264
   32804   30936   31186   34747    1087   23352   31955   27528   32460   10821
   13645   30468   32582   24722   33340    1649   23505    2544   27602   17474
   18880   29517   28815    9814   26933   35629    3834   21932    6741   36152
   25377   17473   32972   25950   33355   13729   20220   24811     819   11910
   14008   11686   28071   32333   35931    8323    9580   15932   20130   25554
   16642   34487    1072      21   22086   14162   31770   20060   15190   21004
   36937    3181   17791    3582   19100   12452   10703   20042   29348    6649
   10779    4846   10615   13348   17353   12212   12702   23552   11850    3497
    2315   22403    7156     396   16653   20546   33990   24788   25621    4802
   18944   17813   28460   24735   10219   35989   24104   14611    3991   35728
   34952   16212   23950   26225    6971   30910   15826    6779   26180   25477
   29545   25591   11291   12622   10588   15493    7002   35720    4306   13979
   26190   17321    1248    2848   26569   16165    3938   27669   31302   14721
   17848   10545    6094    5526   22400   17542   36997   28822   25723   27214
    8218   34678    2301   36231    1583    3501    2249   33509   27237   33784
   12937   25631   19309    2944   22028   12441   20652   14670   16314    1518
    9688    5925   30143   10410    2831    3669    8116   20189   24316   12665
   32152   11788   25941   18547   14214   19193   29629   14234   24774    7415
    8987   27991   26716    4384   33789   11427   26507   17050   21899   12745
   33651   11765   17290    8272     365   29374   24982   35343   16019   12338
   15959     977   21391   15234   29026   13315    8123   21877   20203   10626
   12225   30561   14113   31215   12804   16633    7584   24869   26402   26675
    5309   34020   18423   10906   24049    9025   11983    7215   20522   28401
   10447     784   28925   28562   19665   12393   32613   16136    6784    8184
   10019   31054   32599    7999   35403   22242   11574   32357    3750   30500
    4468   20891   16813   10415   17418   22597   18151   28018    2245   24529
   21235   22826   25556   18885   31459   16097   27732   14819   27441   18702
   17397   25482    8384   31031   35510    4176    6538   10423   27550    5831
   30135   13461    4723   15405   20556   23926   23973    9871   11446   21434
    3949   30846   18479   29369    5709   22031   20961     191   18765    3560
    5406   13695   20972   11625   18863   32335   10228   34332   26435   34632
   23455    7876    6446   24311   13613      23   20881   28684   10406   21094
   36115    6218   31655   36436   26409   20264   30548   12016    9499   33469
   17177   17316   35646   14694   16350   32042    7687    7744    4624   36599
    1822   12142   23764    2591   10364    6119   35126   16343   34798   16029
   11222   28715   10528   19656   10619   10317   14959    8559   20421   26031
    2604   34348   15713   12301   25195     425    9905   21133    3932   16242
   12852    9096   30635   33048   22471   23793   23614   17632    9431   21310
   22426   24160   30028   14601   36043    5507   21336   12221   25993   18867
    8608   10150   29185    4541   21492   32995   25189   19938   26195   24976
   29977   13753   36125   28540   17072   10645   32361    7888   32518   27425
   23301   13337   36392    7699   17982   33748    8472     883    3537   11560
    2434   35406   13904    5183    3824   24243   19884   18770     533   12344
   17722   35350   10271   13693   14546   15144    4379   33638   24159   17161
   16895    5040   25842   30686    4923   17677    4908    5255   24155   19372
    2303   18326   14186   10114   30696    4425    9038   10874   36883   33035
   22376   27286   17511   32698   20597   23122   17832   26736    9363   31713
   14840   24332    2671    7243      41   29330   20932    1137   25474   32175
   31702   27317    1691   12246   23421   31628   17994   12100   20951    1728
    1742   29161   15431   35496    3147   12791   17359    9458   26196   26745
   22380   33032   31341    9120   29081   28991     459    3431   11782    1809
   34524   16074   29732   16970    3920   34830   17676    8933   31226   25951
    8722   29712   17279    9660   30730   36590    5555   11235     861    5511
   28675   23200    8751   26242   15236   36236   27941   12472   14934   31479
   28111   35653   22594   32131   22902   21035   23172    5879    4089   19090
   16073   28288   26034    5802   16999   21852    3893   34822   10705    8367
   16630    8046   29157   10456   28139    4144   34559   30539   15586   15816
    5043   35597   25552    9613   33339   29836   30451   31397   23411     796
   22838     126     473   16955   11786   35717   20587   15666   35520   32576
   19854   29898   10128    3045   12574   29861    1081   24463    3094    2346
   10685   26901     139   12132   26938   25060   16919   33656   33893   22814
   23137   10815   33476   23765    4133   12682   20551    5905   21202   28106
    6232   21226   13589   36114    7956    8910   33535     487   16199   22805
   28563    3282   14441   23937   15836   22211   15680   10662   31153    9638
   32216   18453   26849   33067   22005   14591   31921   26447    5606    9591
   13836   32842   31937    9972   24103   11714   30077    6235   35332   27762
    6636   26383   25558   29951    7311   26958   29373   18220    4338    8371
   24156   15111   36438   15896   20794   15744   21520     464   13809   29853
   18948   32060   30302    3871   15712    3580   22846    4035     865   13536
   16945    2833   26087   23785   11046   29854    5633   22734    4466   14468
   22379   33606   24200    9441   27594   28041    5288   29087   19407    7509
   14750   27786    3701   19208   33470   35789   35057   19013   10756   16738
   24416   30619   33082    5122   20072   35749    9920    1611   31521   36024
   30111   35512   18784   32838   10220    1353   17937   33584   15576   30281
    7004    9106   21228   15094   26324   34455    6934   15619    4986   28916
   22544   11041    9906   24603   20260    8986    1023   13970    5502    7905
    5009   36189   24778    3705   15220   27523   29313    4663   24917   13361
   19433   20814   17987    4991   33114    3422   27377   27400    7494   34485
   18303   27790   10836   15247   32893   33964   17362    8629   13709   29242
   23027   20989    8285   28063    6467     775   33165   30536   28761   32466
   14108   35784   21354   34390    1941    4369   33099    7907   35923   24654
    2441   36071   22658   29191   32210   21629   36655   17310    8187   21077
   11877   10103     515   32725   35661     179    4285   32868   28518   22192
   14815   24115   34570    3505   18655   25546    6297    1455   24507   32038
   15395    2975   18750    6643   31159    1083   31940   11659   27573    2072
   32317    1581    7090   34797   18002   28579    6286    1930    4531   10300
   14696   31081   15722   20137   18369   15138    8674   26201    2404   28315
   28615   34619   24775   24499   27280   22041   30726   28725    6049   23857
   11920   23460   30381   13541    8994    3142    5143   31546   32222    6642
   36331    8816   22152   29127   36411   34062   31736   30708   28671   26275
   27562   29091    6902   36081   25952   12038   32290    6750   12802   28394
    3393   22601   30900   32856    3638   26961   11220   25934   14674    3500
   17681   33040   24781    1831   17928   12680   33735   30273   19565   22032
   25805    4378   20474   26079   14143   19163    3310   15540    8083   16153
   36262     988    4243    5751   32368   31172    6810   32496   34935   26988
    4842    6445   11683   17515   24839   28970   20410   32388   23571   34002
   16974   22759   10570   12069    5749   35444   16260   26068    3586   16992
   11642   32095   32967    9332    9583   24387   30920   19066   28565   18577
   28058   27301   35026     428   29413    5346   35721   11960   12467    4155
   24117   33195   17163   36750    8193   24834   36112   18447   10147   24158
    3924   20225    2956   20528   23526    5611   12453   25521   16778   29890
   28596   17461   22905   17942   28648    8189    4880   25834   14222   30777
     193   26229   19817    1393   25240   17285    5982   18689   27699   31199
    1936    3076    5849   16947   17201   19869    8713   35499   24018   16956
   22610   32287   22541   18355   23288    9551   26456    2795   23723   26983
   19718   30737   24409   20097   28200   18931    3723    6203   20214   25549
   16877   16800    5972    2023   13316   10106   18739    2925    9525   25530
   26993    1659   27657    4140   21806   17826   12915    5386   20192   35174
   14435   14473    2637   12833   32303    5848   25166   12536   26389   17293
   14458   21759   35199    8327   32894    1271   14248   29619    8390   28174
   11776   36346   14559   18471   11378   17995   20786   21369    3070    9399
   25539   34281   13561    8765    9800    3019    5372   12203    2555   35186
   30316   12558   23043    6130    2418   20178      12   24683   28252   31132
   12507   15265   10409   11811    1130   22713   23235   22515   36278    2623
   25194   13281   32619   25609    1104   25110   26513   36213   19844   20457
   27298   31959   22776   17031    3671   18278   15451   30875   18387   15342
   33148   29279   34493   26220   19398    5727   31943   10291   27026     320
   10168   14428    6481   26529   27543   30105    8203    2329   17294   13147
    5945   23292   19373   28457   26193   15137   17569    1346    9889    2836
   32425     920   15043    6259   31433   36497   27452   16587    8002   21300
   34719   28046   25694    3366   25475   23579   20280    7306     366   10934
     358   17495    9598   13649    4175    6165     275   31471    8486   16569
   27495   12941   14046   22778   13953   31309   11936   32944   28740   11913
    3981    5722   21844   26695   20962    5012   16566   19978   21051    3836
   27149   29998   33185    5275   16010   22669   19830   10834   26912   14246
    2846   10120   29802   25164   22825    7768   21744   11141   32592    4253
   36201   12974    4549    8022   24453   17038   19250   34089   13668    6595
   11359   23003    2633   27501    2154   22474   20247   13390   12968   22014
   17666    5841   24444   19757   10552    5353    9143    8545   22288   15462
    2152    9488   27917   13772    7791    2936   23192   31488   23260   10696
   27148    6306   24458   16982   36313   34788   35379   24610   18103   26388
   14980   35076    8201   27253   32583   15644    7921   24978   27292    8685
   11045    2871    3862    1911   10980   19187    8030   14030   21306   33489
   34784    7082   30808    7220   19998   33809   28691    5127   20276   19068
   26101   34512   25566   36045   28508   10351   24343   32019   31939    9397
   26035   25427   15603   34023   28606   14804    6591   21963    2866   12187
   21462   28811    8688   32255   19315    6009   33436   21116   11644    9301
   29729   32181   34782   12314    8937    7697   30877   26425   21063   27567
   28829   27002   12099   17260   21945    7314   21908   23171   34653    5589
   30109    6911   22550   33641   13647    2752   32729   21682    6720   31305
    4271   33134   22626    8229   22470   36319   19056   14088   10169    6056
   22399   13612   26199   28553    5103    9931   29724   33291    2908    9321
   29065    1981    1223   30255   35876    3802   28605   29167   27120    4152
   21032   32394    7527   22029   28271   33193   34565   29567   19351    3811
   28298   14724   26400     832   14477    9382   13687   28917   14141   10079
    3483   23631    1324     844   15304   14526   16252   29133   22361   20624
   19041   26053    3757   28491   17847   16745   26438   25542   13504   14087
    5241     252   27709   29300   30425   31355   21821    1904   23344    1860
   13521   16554   23547   12757   10629    3485   31000    8487   24972   13819
   27142   27040     341    8326    3427   25533    6196    2788    8040    7698
   15762    5993   20670   30655   25091   32847    9360   32186    4039   34019
   23649    1314   26349   16838    4334   29481    5703    1449      93   31832
   16042   23163   34951   33025     340    5655   16284    1285    4648   18957
   12391    9961   24054   26698   33626   24668   29181    2574   19427    1408
   24553   27894   20472   11897   26256   29410   10296   25432   16403   32458
   10455   12932    1551    4463   16301   26344   27310   24139    4532   33190
   29921    7087   30989   25630   34663   35065   32410    7424   11616    2332
   31714    2890   11079   18555   24432     996   34425    4709     575   25095
    6943   13956   29099   18248   11563    1750    8057    6833   21169   19391
   21797   11053   25757   16441   13252   20162   25870   32140   18011    5499
   14012   14537   25354   11251   19521   21825   15320     635   22702   27664
   23474   11397   19130     399   16725   32789   27422   30599   16360   21757
   16882    3475   21781   21576    3985     423   23833    7159    2485    2000
   33177   24746   18609   23753   34778    9614   34246   16109   15251   31929
   31954   26665    5726   34585    7807   29636    8246    3479   12575   13481
    8567   17366   18024    2765   24454   35537   10335   21377   21850   21972
    8955   13918   31066     695    8489   14295   30396   21749   16631   10435
   24532   22309   35627   21333   12508   27014    4855   16548    9383   34258
   17571   13574   24540   27315   36449   24619    3137   12303    2292   13244
   16553    4570   11303   22281   28515   19520   13968    2280    1674    6578
   21009   24751   35662   31301   21031   25379   22801    2420    6204   31010
   31866    1865    8420     271   12275   31839   17801    5719   31129   19475
   20461   28666   21179   27020   26813    8328   22445   12293   30139   10032
    8954   24714   13242   20557   10842   26166   11339   11346   27689   11438
   24846    3141   12942   28694   21509   36536   24078    3375    5580    6024
    1537    2028    4838   33746    4605   34977    6160   13658   17433   15593
   20271    5382   25938    9384   20155    8225   36413   25651    6989   24755
   32636   11207   12543   34978    6234   36484    7198   20509   13750   22536
   36524    1034   30341   10493   23610    7837   23092   28267    5754   12414
    9727   23495   24000   13690   24042   35381   20862     135    4194   29235
   25353   10700    5365   13722    2695     705   19603    8325   31533   15920
    9756   17524   14834    1207   35260   12510    1050   32258   30050   35598
   18112   35639   35304   30596   23218   14551   32927   19813   13598    2426
     208    6147   22807   23291   34914   36591   32539    1435   13458   36097
   19114    9537   14172   24550     552   35649    7073   13386    6316   17015
     230   26326   31248   23051    5130   35754   15390    3874   35203    6671
   21429   25254     440    9069   25171   18855   21312   15032   23485   30117
    6043   14690   17379   10516   13144   33776   14530   21574   13951   23760
   14102    5444   19168   17770    9022   31462   22647   21450   19789   12194
   18599   36892   15575   32841    4691   16287   34774   15086   25145   15950
   32788    5935   30490   28214   25904    1914    7522   34132   20195   34576
    3255   25317   13084   33425   13888   36973   32624      70   24890    2146
   18422   35453    1604   35614   15436    8278    1147   20365   31228   31849
   18154   23195   36902   13035   36861   12936   23176   16004    7461    7468
   28729   36867   14569   33449   22346   16485   15760   26203   35677   23194
   20822   29246   27038    2184    2829   36938    2183   20810   31386   30577
    2876    4081    4806   19752   16297   23824    4670   19594   32106   14455
    1841   22891   15597   20789    8810   25167   14895    2722   26807   23213
   28223   11810   11395   22295    7502   18472   36951   26594   14144   27559
   24248   13310    3116    5692     548   25086   19872   18743   23686    4827
   13653   23718   32925   24077   11268   11569   13770   20121   13334    3305
   10947   18228    7959   30945   21234   33652   32104   14371   27882    2157
   13849    4608   35762   31001    5396   35551    7987   33926   27878   34911
    8388   14024    4726   26270   32330    3384   15275   19892   24348   30554
   11058   22630   18026    9154   14429   34736   15987    3009   12835   25638
    3097   24059   19361   10008   19245    6541     491   27313   29607   27338
   17623   21414    9456   17880   11279   13262   11840   25122   25229   30121
   36564   33905   25498   18830   16632   35511    3308     497   21403   30046
   28567   20788   34435    7523   27736   36290   28941   32048   13137   22753
    1905    5125   14847   15729   14561   28695    2083    7144   13484    8553
   22365    5374     257   18439    6930   19812   36140    1395   13857   33426
    9752   17328   30887   12256   36788    2411   25259    5175   30998   30185
    3149    6357   19418   35633   35159   33224    3168   16937   27432   19345
    8077   19967   35469    9780   13786    3587    4765   32824   35894   31410
   23738    6133    4158   17735   25720   18785    2952   23268   11361   19411
   22108   36057   36192    1683    7591   15084   29222    2128    2913   35976
    7831   34355   19082   20381   12245    6431   21915   34439   31548   24655
   24729   27959   16239   24149    8503   33221   32083   14303   19916    6032
   19945   26748   12091   12614   27143   32305   34668    5852   24040    9439
   21712   22199   33387   22207   15581    3098    3934    9559   22709    8872
    3106   12601   34185   11743   15403   34854   33904    8641   31694   31014
   17089   21994   19262   22126   36098    2190   33008   17280   10322   34697
   26628    6426   28289   12612   29829   29183   19436   24737   15571    2573
    4774   10693   32126   23251   17662   25329   12955   16289   19647    4795
   26889   24092   10611   16867    3295   32662   31198   33612    3061   29513
   20046   19076   36708   18645   28164   36572    6686   34979     454   18170
    2235   22828    4615   27929   20341   35663    7143   32864   13075   10637
   34891   36995     168   14323   16991   13286   14490   24442   13110    5804
   34394   12431   19747    8465    9345   36617    1450    6549    5479   24451
   29987   31084   35195   11017    6898    7154    2076   31725   11739   25092
   31467    9426   34160   34899    8564   24679   18005    9987   29697   24853
   12842   13492   31565   12898   15311   12659     457   15751   29010    4785
   32457   34821    1139    5042   26746   32912   16626   10267     871   35909
   30575   10385   24731   29823   18416     529   12765   35542   13644    8981
   17537   31369    4681   11139   18377   10702    7859    7603   20864    7240
   17747    6424    5432   10490   28263   20760   21349    1628   25642   14841
    7772    5509   17104   16857   16494   20683   17000    8543    7287   18223
   35415   12478   34949    3890     429    2435   28598     992   16812   14738
   23320    2992   28085    3863   20779   15830   34930   16462   22249   28434
   17102   20402   32491    3637   12562   29014   30008   17653   11142   22816
    9195    9952   19697   34305   29021   20564    6967   10659    9549   20872
   20705   36377   27296   14220   16515    7669    1554   35287   28937    1272
   17222   13183   19503    5713    1024   16915   19477    6168   10258   11006
   22273   20883   24816    6834   36443   30873   33018   21108   16096   13549
   29931   36891    9785    5895   24413   27144   20317   10183   14818   32667
   28576   24456   29047   21981   12638   36109   30427    9869   23097    4050
   29547   31662   18097    9622   27333    3109    4764    8906    9907   25649
   22486    7429    1959   36556   35562   15560     285    2100   31361    8535
    3772   26926   36393    4316   17675   17057    2341    8628   23928   33770
   10253   23019   36869    9792    8905   11174    2005   25050   18302   36214
   28381   18913    1753   15818   28806    5225   10965   19037   29389    1229
   17793   20081   27816   13271   12667   35724   30356   32343   20105   20755
   26142    8233    2204   18707   13610    6555   18541    2927   30075    3036
   36427   19244   10995   24845   17093   21191   18203    7292    3358    5603
   16437   33889   23453   20141    6807   13134   26762   32015   10814   21146
   13195   18045   12940    1338    6391   29715   25128     431    1925    9848
    2004    2366   36015   19723   18425   29784    2191   13720   28385   13051
   22894   12874   30265    6877   31919   16405    9572    7599    3426    5973
   21016   31700   34204   29992   34544    1578   20496   15448   18283    5371
   21534    2122    4664   11197   32146   16267   13043    5779    1243   36607
   30170   34509   22024    1622   21594   11396   22372   29734    9491    5998
    6189    8995   20563   36514   26602   16614   36539   32167    9830   29096
   36779    9757    4122   14126    4805    6448   15008    3864    5441     643
   36040   13131    2830   34870   19759    4901   13089   14518    5542   33394
   17342   31941   20055   14555   10466   20770    5356   13108   27611   18070
   23734   16687   16118   15033   22628   26306    8430   35699    3265   11461
   34180   30914   23361   20588    7745   29535   31218   30639   35324    6668
    8701   15292   27946    3401    7534   24884    8833   18523   15645   31654
   31032    2035   33102    3219   11614   29701   23473   21631   26816   19115
   28560   32187    6638    3615   20819    2202   22654    4796    1359   33297
    5762    8409   21040   10243   18018   13661    5491    1202   21428    3029
    6920    4027   21834   27566   32393   15223   32351   28452   10624   17225
    5153    1895   11347    2731    5202   35326    5637    5015    6778   20650
    5805   27688    4252   16636   30508   35563   32416   30042    5640   29791
   30597   25618   19408   24988    7838   15240   21750   11607   15594   16690
   26672   16583   14784    2011   14752   29232   26429   20793   12770   21200
   22320   16892   28167   12992    5632    2536   32467    9980   30333    9293
   28767   34449   26693   31225    7059   22609    3989   13402    8028    8242
   22965   36648   15557   27578    8887    5463   22405   16627    5041    1128
    1281    7142   35273   27931   19211   21583    5368    1974   11561    1225
   12958   21207   26318    4284   31858    1077   29907   30994   29019   26272
    9065   20677   23250   25109   19125   17477   36751   26687   23845    8142
     710   20642   20296    7187   24995   33003   20987    7133   10408   26417
    9182   22167   16514    4743   30314    9842    4450   25337   18184   19065
    9300   34809   33124     449   24475   14416    4067   35353   11930   22307
    3251   24766    8832   12135   31783    7093   16983   16216   12113   31499
   29472   13934    1806    6198   34501    3441    9773   33117    2522   27647
   21436   15763    8852   24864   14717   14268   18143   31012    3467   25449
   18907   25152   12373    9982   23595   13356   26237   29063    7628   20082
   17137   28872   11211   36717    3660    1289   11194   33170   14844     470
    2870    9008   10667   27295   12772   19059   29731   27631    6525   12727
     984    5986   32021    3364   27438   17608   31451   30649   25223   20717
   27232   16717   14943   34085   14669   35892   34829   26872   21704   25266
   30952   33682   14914   34656   10285   31206   36620   17818   18884   10775
   11715   20320   11998   17048    2842   17959   16709   15388    5454   25104
   26297   23578   23222   35063    8045   35557   33024     175   27782   20360
   24301   13854   23816   36749   19074   29475    1744    7119   35944   25809
    9824   18486    9717   14190    7128   18683   27875   13299   28417   11506
   20801    2226    3821    7860   18544   27201   34644   35173   34547   12193
   18732   35836    3734   28706   36120   10006    1693    6716    2774   21044
   26109   34925   22827   29315   11215   16852   36820   23694    8426   11490
   34405   11813    1135   30959    7738   17690   17657   10704   33181   35009
    8377    8051    5832   17478     581    7460    6054   21720    8602   29491
    5829    2321   24033   11233   28967   22190    7214   32132   28221   32849
    9350   26510   12429    9950   32354   16285    7233   34174   29122    4258
   33395    9596   32572    5649   11722    7939   24186   30786    3293   36865
    8266   34192    8387   32965   21855   29553   35405   35529   19485   33451
    8993   18074   12402   29359   12943   16763   33738    7056   26167   35483
    4725   31465   17372    1855   11475   16793   12213   17815   15612   31335
   30579   14590   26401   25501    1370    9740   20364   25967   23583   19926
   15777   28631   23273   31738   27353   18870    6450   10657    4431   34407
   25258   17159   20594   11054    2614   33514    4944   18269   10278    8800
     652   15655   36507   22987   15165   22573   20729    3746   33886   12423
    5850   32954   18329   18111   35248    9606    6921   16760   32395   34341
    6006   11137      26   20167    1579   11916   19646   19310    9680   24732
   11520   22900   20344   23646    8182   32883    6650    6149   21185   34667
   10882   13788    7459   22418   18452    5008     352   36410   19004    4294
   15754   21831   19479    5822    5052   14253   32124   20354   27840   16827
    1757   13145     438   16836    2099   32384   34545    1507   25407    4981
   19810   10181   17007   18992    3604   35322   21526   36335    3105   20610
   29173   25176   26281   35068    3688   14077   19170    3081   20916   32147
   19424    2402   35544   18202   29820   10847   31495   31551   30547   15416
   32601    2038   35952   34505   24660   33695   31977    9239    2290   16387
   30714    3161    5298   30723   25297    7317   34096   33455   36934   13756
   15256   16572    6135     507    8513   19864     362   28893   16330    5887
   18296    2915   35334    4339   19188   25048   26907    7610   24902   11370
   23294    6503   16796   25862   14928    5571   23560   29473    3127   21433
    3351   33144    1689    4295   20005   14478   29540    5548   36162   27837
   33227   20281    7983   36559    7134   23763    4932   10660   23783    1784
   13229   10240   17268    7368   28118    9272   27380    1397   17686   21989
    2490    2333   33146   23691   15419   27642   21260   28350   15684   34396
    1869   19015    9076   14204   32271    1663   36266   26503   34207   12769
   35927    8763   21949    2789   35191    1473    1159    8050    9017   19238
   16771   33883   27524   12946    4784   13485   30518   25878   23722   34883
   22358   16385   33051   11859   28490    1686   32549   30980    5107    8148
   21612   32840   33800    3134    4629   18424    9434   28207   13193   24543
    7440     407   32684   15412     679    8230   28867    6080   14806   26598
   36933   19362   14211    9373   25652   32475   18040   35518   22504   22004
   29608   10068     583   16510    5989   16846    4240   25335   29859   18914
   20029   10402    2322   19358   12416   16126   22755   34902   27069    8005
   29542   34330   30387   22700   26479    3937   31747    9111   13008   34617
   34573   15963   10973    1122   12350   35647   16863    7625    7377    9699
   22501   30332   36916   31461   27127    8876   18243   31409    1025   22322
    4120    4569   11997    9639   26470   26278    7033    3216   36117   26633
   11599   21822   14652   31987   20487   17078   28617   30495   22960   19917
   19222   20785   28837    5882   23435   34907    9052   27716   14584   33179
   16389    2621   10273   27032    8869    5842    3997    7200   14410    1154
     629   13883    1838   31114    2529   29334   33075   26650   14104   12365
   32605    8882    6478   34347   28571   34714   25978   13227   22617   24946
    4179   36243    3445   12909   33446    5076   36339   20234   24185   11009
   19899   19824    7350   11674   10504   30453   22282   30225    8831    6681
   17388   20953    1717   33098   14349   32403    6414     322   21771   22487
      11    6562   26322    4053   34210   29097   11990    5664    6172    9862
   22040   32494   10852    5594    4934   31392   23713   20311   30083   33304
   35738   22290     713   32017   14225   24936   25107   22940   33711    3279
   19688   33330    5864    5927     566   27102    3944    8502   30584    1453
   27970    8444   21157   28197   20927     851   34603   26930     978   14803
    7228   24496   28043   16015   28054   22762    7043    5645   11884   11826
   27323    1354   29066   17804   33009    8890   15883   24958   17944   20787
   19120    7990   24045   33353   19226   13748    8647     217    8186   30063
   17338   15539    3189   22863   23916   10323   13835   11489   19162   13830
    4613   26469   25198   18909    4856   20242   25221   21083   28810   20426
   13395   35671    4076    2694   10602   20103   26559   18648   31221   18464
   29936    2145   14681    6556   17590   13267   30969   25235    9163   14080
   25511    7577    6896    7151    6434   16315   19261   15921   35202   34475
   25592   28681   34308    2959   24533   14897   29935   31051    3365   11533
   24397   17152   29807   29529   20056   35151   12270    4620    9835    5893
   20584   23130   26418   24361   28274   10676   27454   31184   14941   26792
   33467    7481   32722   28440    4820   12839   18693    9121    7172    6889
   13148   31720    5575   16989   21113   28512   20127   14874   15792    6557
   26609   19033   22151    2070    2185   18036   14139   15810    5031    3657
   35320   26052    8125   35470   11494    9179   18008    8476   17216   22070
   34083    6923    7839   34775   22178   35150   32010    2017    3975   13208
   10222    2164   13086    4139   26374   20385   15798   33665   17361   26115
   19572   15516   24649   23011   19516   32930    9766   24626   21715   17383
   17412   17769   19357   23380    2628   34480   10977    5215   32600   34077
   31244    9425    4716   23513      75   26740   30188    4346   27459   26288
   31547   30661    6472   20852    6901   20837   29604    2759   23936    1061
    8587    3898    2983   23859   24339   10072     434   29447   17017   19149
   31106   27853   10264    1978    4237   13257    2796    4905   15013   15844
    8338    4544   35061   34354    8405   24171    3453      74   10777     810
   28194   21351   28037   10948   34648   32568   22640    4904   31759    9989
   15781   18955   26065    6468    1739   15267   34443    2277    4489   17667
   35272   24895    4722   34199    7257   22779   35251   29844   25094   28526
    9389   21667   12666   22632   20366    6386   24998   20888    4970   36767
   24887   35438   14793   12096   18160   20740   11287   20800   22131   29650
   21080   16904   22731   18567   23810   26567    9605   22409   26673   32737
   32676   34639   20113   11578   26842    8071   16655   35908    3403   28238
   28144   21098   17816   31581    8111   33643   33236   26883    4420    2286
      24   22944   20434   27540     596   26838   12112   25239   30692   29612
   31109   36601    5072   33663   20532   33971   18688   36551   17356   12185
   36130    3876    8121   34641   13971   22648    3314   11804   15686   18006
   27469   17305   30222   15016   22270   28084    7868   21182    7718    3655
   34626    8190    9498   32683   26828   11679   10641   31960    4037   28354
   20112   26391   13317   28800   17881   34218   25697   18569    1421   17919
   20323   14446   22886   24450   14888   29848   23828   14418   21553   22871
   12721   18947   18476   16014   33553   23769   25004   27088   12022   29165
    4409    7131   31876   24251   34149   22421   26387   13431   14541   11927
    6166     756    1100   16948   36157   18204   22598   29363   35818   13105
   27461   21464    4402   30253   31497   14773   19229   14083    3813    8421
    1660   10562   10517   11781    8158   31936   14402   11102    2659    9469
   24313   12433   23746   17334   10824   35982   25055   34240    1235    7381
    3826   18923    6929    1803   22876    1092    3395   17386   29101   19672
   33987   24517   14688   21882   21482    5461    3992    4627   33579   14877
   21441     759   24043   20524   12733   12412   14576   19383    4410   27541
    5791   31210   25063   11716   21379   25013   30761   19155   15354   22946
   36204   20998   13438   15283   26861   21655    4261   12046   36516   15709
     991   27097   36626   18014   27521   15520   33319   19374   19024    2278
   16024   30172   22830   35584   22176   19853   19271   11784   24148   21909
   19848   20897   18646    7688   26986   34322   20125    6129   21227   29311
     387   27604   28228   25200    8147   27823    5743   19073   26721   20573
   21135   24513   34702    3593   35632   19555    4359   14570   33036   20147
   17621    3131   10943    1859    1729   12569    5876   33483   29603   26314
    6953   32602   12228   35029    6230   35581   24060    5265   21633    9168
   23813   19976   28989   21729   26797   25840    5846   28278    8446   25263
   16455   33554   30462   18037    3235    6715   18281   24098    9479   15517
   13230   10086   31705   11183   28002   13604   25639   35016   26725   31169
    2966   26466   26089    3028   14885   29648   10452   11073   27354     661
    2881   21199   17966    9510    6458    7312   29353   29130    8016   23152
   31996   14693    9171   12492   11799   30142   35301   17973   35040   17491
    1478    1752   20851   34248   12749   10142   31704   26428   13082   18872
   36325   18180   20861   27006   19108   33342    9526   24981   13028   23561
    7168   13807   22173   33963   30811    2897   15867    2211   36553   30764
   11635   29214     481   22925   17745    7960    7926   24121   30088   18575
   16178    7414   18411   21487   11286    3490   17661   13866    6075   10799
   27085   19767    3978   35960   24770   10992    4777   22893   26234   24123
    4699   33594   10031    7996    5091    3709    5341   14091   22019   34647
   28924   29271   35949    7475   33768    7296   17296   30467   33207   19806
   26981   27843    1497    6590   15604   11275    3784    9731   12237    1041
   19879   17684   22219   16591   31300   24511   22666    6805   30193    9174
   22137   22555   24906   11227   34224   24331   24429    7855   23109    7914
   10014    9650   13964    9556   32862    2906   15783   19786   18233   29328
   17917   11007   22761   12476    2431   30365   16582   33614    1442   25712
   14052    9710   36888   23379   15584     794   12315   28068    8677    8360
   13550   28659   31792   25893    8063   19087   30843    5729   14301    8572
   34839   20454     918   16119   34960   13599    9505    2611   29302   32075
   13168    6048   21404    3123   27867   19027   35465    4103   28333    3622
   29213   28301   13602    7818   19989    5448   21292   15811   16193   21017
   17673   11001    9169    6854   11976   15507   14115   20013   15073   11559
    9066   14854   28075   30457   17940   29738   31337   20600   25054   11333
   27693   16722   22930    1059   23946   24842   19365   20735   30510   21011
    9024   21315   12103   25264   15598   17713   15834    2340   17859   14261
    2813   21350   29975   35434   14855   26488   27160    7112    4844    8936
    4799    4470   31944   11437   31578    1550   12155    6879   19621   28248
   23196   23982    9502    7447   33409   10213    8598   33934   21049   13011
   22415   16209    5480   25853   10357   20632   24704   31133   20917   15941
    5635   35308   24436    5290   26975   10741   21514   19426   13567   11794
    9810    3041   17241   23382   11975   22557    1641   13006    6487   21461
    3487   15794   25955    2869   11819    4974   10971   27607   21256    5877
     549   14777   15820    6460   27719    4045    3481    3244   10123   22073
   22543    5878   29867    5792    2932    6252   19171   10339   17021   32621
   12997    7981    9822    1193   23688   25607   14563   33213   36842   23999
   33880   27498   12773   21163   16731   21038   36203   34679   28786   31990
   22092    2260    7583   14340    7438   30745   26874   24109   34146    4803
    1953   27896   29088   25046   10214   36486    7729    5828   16420   21777
    2132   23837    4477   13259      16   20035   28414   36439    5471   19216
   17679   30627    6342   15752    8574   24970   17622    5283   35045   25465
      86   20591    1079   27729   19093   20424   36405   25022    8007   18361
    3256   23127   13083   24764   35047   33448   17483    7085   33166     503
   20884   21435   32706   14735     492   13702   32308    3232   12690   12008
   33162   24130   16794    4483   14311     663   33245   35794   26287    1833
    6510   27246   16232   21647   11351   27211   12151   24624   24749   10401
   27415    7661   17600   36470   30551   36527   12311    4095   20231   26863
   14989   31064   11795   25930   15080   17598   24147   35980    8312   22604
   27715    1519   28635   32437   24520    6255    6622   17584     928   19699
   12497    4034   30801     226   11253   36478    7070    8068   15430    2704
   34476   29653    8131   16354   15819    2822   13564    2400    4262   35802
   25246   34595   27565   30995   14036   15926   33838    7943   36452   10864
    1308    8791    4397    9781   17472   14493   16152   26796   34931   12725
   21743    6333   20908   34482   21342   24738   18565   28919   29324   12505
    4890   17756   16245   11890    7666   23117   14866   31265   11498   11309
   25722    6404    2758    2785    4783   18906   20655    7918   22730    8698
   14200   36146    3902   24939    8479   10383    9006    7508    8401    6907
   20699   27974   11051   24257    2398   12106   13571    7690   17210   31635
   35339    7842   15246    4873   11923    4694   36662   33371    3526   26274
   30863   12820   26453   10276   36595    8247   22913   25224     536   35975
   28031    2884     576   31152   25596    7520   26974   30731   11887   23061
   17036   26078   22832   25543    2173   30405   29135   31591     317    7066
   10337   13374   10375   24767    8144    5686   18079   19186   24030   22243
   27640   16629   10227    9370   27017   35772   26615   33829    7659   31027
   10813   19099   28353   19701   25982   15800    7930   23858   16364    4203
    6789   15897   15325    7018   27826   16157   31675   13333   25701    8710
   12587   28798    3799    9475    5250   27653   10916   23669    1777   22984
   28359   31296   13735   22973   34602   20866   35767   26535   18176    8375
   15856    2174    9145   14680   35690   13741    3218   22084    2294    2397
   28312   36023   26565   21314   12578   34762   32300   21122   30858   12851
   17839   33929   34586   28254    3048   28720   19363   34382   15204   31610
   20497   29635   16120   29460   36672    9266   12632   21034   33381   31632
   32478    9496   17166    5389   28959   32006   27872   34833   13913   32013
   23523   28185     142   10132    2090     737   20730   32787   35138    5271
   12779   24736   10926     877   15917   20813    4141    9643   30957    1601
   22256   17627   33833    8528   30195   13198   15356   12364   11732    9977
   20063   31036   28962   18811    4776   32652   16675    7556   24719   28124
   21878    7925    7150   18664   26498   17583    4809    3093   33935   16303
   12705    4207   25139   15389   20707   31052   16593   29143   28378   19472
   13184   16333   35938    8306   15192   31818    7348   19893   22170   32810
   13190   35280   32189    8396     716   14521    9738   31238   18691   28710
   15058   12273   21495   22767   34707   28524   16057    8092   24245   26756
   25043    8416   30531     685    9009   22078   14502   27702   20187   18427
   25435    5302   15743   13763   26987   32274    8822   17113   14904   32936
   15951   20945    9172    8287    9923   24079    3153   19765   32121     573
   30975   19071   20911     733   30375     675   25664    3335   11623   16053
   34905   21984    6710   29909    5807   31255   15271   18594   33790   29826
   26521    9284   17134   20371   23927    7122     870    2940   29390   12455
    9545   10807   24636   14775   30163   20259   34241   34631   26887    2771
    7254    4895   33453   16835   15702   12214   17106   21002   18728   29224
   27721   26739    8304   19249   25860   24878   36227   25351   27445   29061
   12711   33251    9743   29640   25177   16184    7313   23278   36234    2143
   24012   20160   33238    5573    6315   35417     276   11951   13871    6444
   27289   11010   30809    6455   20933   12579   22619    7239    8064   25228
   24020   19599    7749   21171   11857   17739   25529   17179   13719    8759
   33216   24378    2560   25850    8983    1280   13078   12438   14219    1647
     647   33582   20249   12529   34746   28868    1675    1203   10701   20889
    6845   25011    8397   34892    5111   15649    4893   13013   17923   17631
    3433   34142   18013    2476   11760    5896   12078   27259   30850   36441
   14891   12969   15999   29704    4331   15913   25183   25534   11148    4004
    4124   30656   12691   13820   34866   10126   16427    5276   19878   17605
   22248   27981   25146    7884    5196   22952   23310   14729   26296   26555
    3001   16228   29454     808   22111   35664   23274   35827    8880   34587
   28099    3872   28156   16750   20452   29444    2151    2029   16484   30108
   36194   10525   30978    6369   31920   20011   22367   22429   14660   28179
   20561     676    2757     382    8578    1842   15628   11224   35650   17774
   27300    2382    3464   33457   23575   16721   36915    3959   23692   11843
    7879   24464    6769   20895   12239    5416   32109   25359   32199    6289
   33184   28875   35638   16274   20165   14250   30556   24802   32746   14598
   26596   31405    2583   19415   25232   21889    5267   19972   26098   22456
   36069   32551   12471   26795   14369   16436     250   26989   32151    5745
   11709   11216   14770   23787   29250   36345   29728    3491   36733   11314
   31178   14240   21449   11171   14832    4830   19337   22953   10595   32481
   15298   17784     619   27625   18232   29408   14714   14361   16967    3194
   11382   16617   15550   22694   18536    2093   31897    5361    3318    8389
    5395   36119   10782   24371    6039   10853     815     768   29070   30212
    9805    5086   26511     125   21513    1069    8643   32208   19750   31235
    2062   29818   31283   34698    9334   22698   14699   26683    1523   19877
    1142      47   21507   21917   36873    1926    6020   20646    8697    6176
   14016   11184   18810   15643   13037   25131   35181    5991   30320    7957
   10184   23501   16744   16791   17785   22906    9033   30970   36642   30040
    5237     404   35726    9928   28511   11934   10180    3274   12015   36221
   18448    1711   20053   15014   30769   17427   24675   29146   16664    5558
   18065   35344   17988   14889   10111   24641   32185    5746   29136   11122
    9772   20232    9746    5489   32996   23662   16543    1056   32584   16830
    7922   31078    3936   19341   20517     790   36898   23767    1399    8378
   28050   36085    4571    9745   32452   23707    3547   27510   31098   28982
    8078    4020   14054    2350    3517   31540   23396   27820    3927    2419
    4286   35144   35429   30431   22763   23632   36975   29360     777   22191
    5492   36245   14987    2022   24389    5880   34962   10146   32364   14438
   15975   17049   32688   15019   21240   32251   25274   11454   25781   20582
   14471   31756    3117   11589    4085   32461   23663     368   11113   24601
   15366   35577   22157   30470   28626    1365    4136    9279    2605   28665
    9608   16161   34690    6719   10330   34589    8385   33410   21550   25578
   24879   27239   11469    5765    9283   11524   31535   22106    7677   30335
   32448   35313   31387    5799   29082   35640   33571   35991   29255    8593
   26365    5222   22923    7354   25721   14763   19174    1352    8170   21103
    5776    4984   19053   33985    6254    4791   20503    9546   21736   12090
   13287   14132   15878   13991    8973    8512    6593   35427   18674   26834
    6430    1723   15585   32168   31187   10245    3386    7040   15670   25905
   20823   26533   35360   33201   10620   31917   15566    2657   36872   24136
    3063   33806   33246    1545   24100    8442   33390   18125   26924   10297
   22158   28471   24344     272   14023   29894   26738   19417   26227    4104
   16612   28965   14182   22592    7194   27262   33630   15238   32009   11175
   23587   21618   33512   12405   34537   13784   16031    9697    6905   14756
    9320   30047   28622   36950   31316   18939    9311   22528   32890   22961
   22674   35950   21111   10392   26577   26919   10651   23079    1404   25494
   27720   24437   13525    9683   25519
