   30889    7763   17749   29277   23133   11698   21007   28955    2081   36314
   28484   14653   30153   30367   24320   15228    6795    1738   29569   25846
    8621   14765   13699     101    2189   26509   17761   31213   11464   35346
   27191   18186   31710   22215   32543   25922   20255   33212    9965    4971
   34792   32720   13538   35522   23736   27045   18287    1796    6678   30885
   29824   13159   25771   31503   18927   15367     215   36811   17069   12824
   10537   31021   30667   20409   16173    2780    3891   12272    1748   21706
   33560    8134     153   15021   21816   22430   13962   20291   19072   14278
   34215   34404   17103     448   27123    7544   35215   24693   30376   26066
   24702   17458   28306    1585   13203   17019   30724   11837   30758   31430
   14252   12676   12367   11380   29035   25270   28492    8149   29452   14462
    6993   17070    6806   26130   20417   18563    9392   25574   32507   19141
   16965   27979    2928   11896   11372   30132   27803   14304   10712   30753
   31174    9954   15723    3236    8718   23681   27499   12924   36893    9290
    7478   12413   26431    4221    6433    1559   25884   27226   20040    7803
    2123   28176   23139   20186    3129   12037   12163   29449   34261    7761
   13046    5536   25836   28324   25972   18832   33397   28141    1939    8048
   32761   14069   35987   21884     212   21658    9326   13631   36939   20358
     544   21444    8733   21747   23699   16600   26604    7927   26846   22712
   30776   33629   24644   15063   14778   13846   11315   27340   31605   10473
   10376   23385    3201   22856   19856   23812    4847   31308    8240    7048
   34915   30300   27065   11452   22596   14718    1785   22142   34000   24434
    8560   29269   23527   24421   27793   36742    8507    3423   11526    1389
   16402   28384   26879    1419   29882   23091    5447   19203   17168    4230
   31346   22261   34554   34750   34107     944   16079   35855    3973   14635
   16747   36150     943    3923   21420   32363   23759   20924   12449   17779
   29663   27448   34056   28010   16395   34479   12098   11356   26212   16017
   22436    5497   31344   34175   24294   28656   22036   11484   29182   24254
   25825   27601   12139   21562   18292   19036   11405    5119   12287   33873
    6519   29483    5085   22119   32440   33504   18420   27849   13925   14868
   11502   12014    2826   20552   26179   29218    5022    2782   28559    1416
   11670   19582   17438   28588   24530   26619    7575   11259    4982   31715
    7668    5630    2247   36868   17109   20080    1634   35074   29208   33753
   34835   33636   11656   35853    3275   26969   14394   23630   23882   27780
   27766   20915    6644   12206   32879   10434   12789   36763     500    9658
   12512    5579   24170    4148   26910   36291   12233   34694     886   15491
   27033     172    4509   30496   31375   12291   24692   23211   30339   14192
   17297    8663   13949   16506    1201   13986   16496   24124   24804   20240
   13488   17637   11250   35491   18529   32854   20294    4061   14227    4408
    5048   18275    6320   11767   34015    4505   17392   26126   28418   31006
   20216    2506   34288   31896   32360   36322   15962    9934    4264     543
   23149   27213   17090   12067   12723   10826   14168   19707     391   18434
   34310   19344   28509   13443   32640    8256   21826   11900    6606    1038
   21619   33818   31711    2945   10923    3717   23013   10088   16859   35131
   23676    1668    8403   16081    5717   18527   18235   17616   14713   27156
    8523   19422   26165    7241   19164   24373   12207   15719    1510   23487
   17507   18994   15817    8997   17924   21466   30259    8167   36154   12407
   25369   22858    8017   28081   30779    3809   17287    1181   16198    3031
   17291    8081   33107   17339   33891   24931    3668   32781    5423   18945
   12450   21266   32319    5839   14786   32178    2660   36987   19670   32034
   24924    7235   14952   22202   20329    9353   22949   15297   23573   18738
    8782    7419   24163    6492   28569    4660   20665   11407   28062   32873
   18241   21069    4834    4393   29573    7264   24907   10159   16453   32726
    9921   12544   35814   17565   15232   29719   26595   23698   18935   22503
   26380   28376     567    2474    6112   27777   23803   10329   35367   14851
     666   14949    6938   27781   29029    4778    6895   10131   24443   33825
    1339   18488   20831   25099   13779   14159   13856   19800    1908   23594
   23504   29904   30513   19319   31746     462    8635    2172    5184    2450
   33265   13587   32913   25458   26651   29396   17962   23969   34336    9459
   14842    4580   18238   28277    3055   16565   31982   11783   26397   31322
   36679   23397    3239    7430    3108   17306   19952   22947   16310   25308
   28346    3270   19343   28261   36420   33292   35656   26208    4362   17029
    7559   20799    2471    9064    7139    9019     957    2778   26684   21469
    1268   11613    4611    2537    7242   16993    7127   15169   18823   28892
   13427   12484    3507   25155    3042   10656   29085    9804   11015   19638
   33954   18849   17575   30007   20466    3424   13897   34466   14880   17401
   33002   17282   35782    1972   12811   36713   14823    9139    8139   30010
   25981   18129    1528   35245    2539   24485   26360   29796   24112   13116
   23089   15406   31004    4790   27881    3714   32492   30303   30918   30268
    6454   36699   20477   16743   36373   14676   30345    1001    6977   21232
   14820     727   31881   35162   35376    3742    8554   33592    3281   27758
   14496   34352   10572   33482   32074    6966   23316   35621   14463    6281
   22899   17295   29590    1880   32408     853    9018   25670    3977   30722
   27889   16576   10997   27833    4548   32237   22265   33229   29337    2272
   23991   14047   36472   23502   21730     483   15034   27990   29294   33724
   13503    1078   24544     941   34540    4475   35575    8059    2229   30930
   33756    9656   35000   31083   34549   30216   12524   28826   16782    4162
   12752   24715   27251   22439   33357   10851   11413   13685   24411   12154
   11999     251   31859    1825   22866   10753   36780    6669   24933   33568
   11511   12814   33180   20968   25742   30358   14867   22039   24827     625
   11304    3387   36271    5556   26618   35446   35859    7759   18967   10102
   10617     981    4695    5151   18310    6637     231   28171   29052    5636
    6617    4618     731   26332   34319   30412     401   33957    7100   23584
   18401   20531   31749   26467   14269   31487   26007   10342   15285   23856
    1232   12962   12371   17775   35378   21175   13407   23777   30052    9333
   32914   14517   35966   30486   36664    1720   20537   23581   33408   14210
   18632    2051   19999    4824   10881   25363   20176   11663   32231   11957
   22707     347   27854   18198    8835    3659   20153   19556    3023   13363
    1982   22262   13995   13782    1839    4545   25801   27029   24224   18617
   12740   13295    3768   15035   28182     797   16474   15676   11417   16457
   15736   15064   16215    5472    1206   23457    2630   21057    3536    3250
   11707    2874   21327   20667   11907   14107   19282   29892   27661   16873
    7467    1447   20302   24382   34580    1935   26852     642   12084   22994
   28053   15888    3121   20842   24346    2505   17091    5800   20783    3519
   15568   24310   16106   35480   30370   24490   12366    2934   12354   29521
   13822   31807   18876   16487     138    4188   34769   30615   13526    8709
   16430   12886    9856      91   19704   11863   21990   35011    4311   19136
   22128    6319   33456   12566     644   20370    9060   15135   29550   35039
   33634   22686   13824   16805    8923    8522   27430    8033    9945   12837
    5593   29583   30605    9724   11299   16560   33322   15554    6061   35178
   14464   13890   25093   30824   13382   26407   23427   24574    9937   29248
   36956   11816   35832   33661    6682   34876   28697    3067   25852   18720
    8464    2979    1658    2082    3073   26359    2034   16592   26904   34721
    2150   34858    7162   30150     315   16874   21411   28968   23416   36789
   33074   10505   22495   11688   28022    7650   26105   34090   33378    4019
   29176    6090   30380   15012    4437    7068   28906   20321   11223   20478
   19273     559   15152   36155    3776   32814    9424   23265   19505    5698
    7061   35164   31281   24756     523   24881   13135   36312   18409   33875
   25813    4798   24710    7702   34250   25322   34560   29880   14621   18583
    6506   22722   34873   26082   13113   28326   35468   24523   33415   10695
    7392   28275   25000   31493    4223   21710    9472   15377   26856    6400
   13862   27007    1591   34825     537    1843   34451    1678   17367   23697
   12209   33147    8010    7487    3602   36501    2798   25677   29834   10767
    8803    1075   32595   26204   25976   12042    8745   35498   26953    3112
    2376   10907   28753   21211   25705   19569   15852     421   18080    8942
   36159     723   30804   21225   25696   31009   36292   36984   26081   18519
   15423   30549    1932   19215   30693   34469   10586   21402   20248   24088
   32402   14056   36469   27717   21708   32827   34492   13746      19   15582
   36578   35854   30582   11099   24172   28369    1184   31377   31356    6064
   30416   29089   35262   26463   26860   33853   29466   24745   23917   34635
    7378   35506   21084    4117    5648   17921   14550    2161   12444   28719
    8161   10801   25612   26231    1680    8026    6401   13795   35779   10356
    4788   19231   34826   29251    2935   26845   10182    4494   10888   32040
   35243     504   35602   18407   14284    6249   11943    3527    3900    9623
   29748   22671   36859    3394   24518   10358    8527    7479   11876   24708
   28940   29293   29124   28107   36570   31439   33332   22752   18271   35175
    6253   31311    2853   31611   18412    3856   14764   29641    7437    3347
    4657    6382   34699    5552   32241    4717   16875   28882   29492   12845
    9896   30638    8929    8945   13620   16610   18925    5750    3999   34301
    6609   22845   26610    7400    1971    2019   24648   14184   32400    8913
   20480   23799    2620   18580   26868    1063   13325     631   27462   16477
    3629    3096   32874    6880   13212     806   19738    9149   29071    2415
   24132   24269   12561   34257   30012   31840   12299   16293   21663   17073
    1805    2026     667   11730    7410    1561   34409   36936    8850   18456
    5780   35492   22068   13684   23544   28718   13411   13840   32170   32172
   16382   28708   30690   28677   19182   16378   16654    1703   21684   10108
   28499   30922    3756   36028   27957   25585    4597   35624   21977   20069
   19147   18033   30219    3410   25908   32521    2926   21601   27428   18251
    8202   29129   32756   17228   22382   35893    8579   34521    6630   34458
   11775   13701   11018    3345   12460   25661   18395    8597    2201   27555
   16615    2543   27812   35849   14785    6164   26073   29948    9240    9275
   27491   20684   29490   29918   26616   32026   31912   10495   10391    2587
    5625   27771   11376   20844   25053   31844   14264   14196    4021   26859
   20238   22627   14837   30529   18752    2334   14486   25545   18747   36611
   24728   23860   35878    2481   11718   28259   12975   16362   31590    2517
   31568   15928   22695   24142   35161    7208    4247    6531   10488    1754
   12349    4296   11004   13978   36047   10665    3751   24700    1894   15264
    7367   13697     113   25540   34373   29669   12421   13509   20495    5159
    4817   24997   36274   15300    4918   20357   26157    9056   12539    9935
   31241   20925   28470   29258    9083    9649   34628    2745    8888   24721
   22932   29003    7289   16368   20010   27548   36766   27725   22205   29424
   27043   15060   31154    7234   22732   34828   20748    5900    3368   21764
   21758   10867   17140   32929    1198   12262   11501    1085   27435   15870
   31220   32596   13464   28527   33026   27551   36657   13811    2597    3088
   15465   12145   26587   10263   27464   31026    5631    2073    6118   26994
    1619   14746   18242   27416   16868   14401   30924    4265    2850   11140
    4712   16150   22572    3476   27714    2615   32769    5724   35270   16137
   17877   18383   18554   32376   33635    2675   31813   15901   30558   24375
   10784   14587   25603    2760   11645   11757    6821    9715   14318   11453
   10954   20581   13314   27145    2612   33555    5376   11591   31048   17953
   35701   21029   10249   18773    1000   10469   25680   25192   10796    1127
   19751   10033    5889   23525   20617   10283    6592   15410   34428   25587
   20430   17350   32818   10277   34173   35769   24291   32863   19935   28736
   24886   34882     645    5950   32985   26334   18081   33852   22993    3173
   10802   13711   31902   28801    3172   18061   29343   12263   33901   23441
    5768    3614   17132   22605   10305   20698   22185   30820    1031    2127
    1240   16647   16206    7528   17947    8025    1746   29754   10444   30280
    5599    8786    6729   28202   29940   19467   23666   36946   20903   22257
   29780    4293     304   36458   20078    8145    8504   12764   18438   22773
    2592   14595    6830   30013   28581   13111    9367   29474    3541   24831
   32120   31118    9188    7022   18333   20326   13328   16580    8762   21675
   30902    6824   10368   22558   25718    5619   20977   17895    3754   18769
   19619    8889   21524   36835    3198   32813    1148   32803   17195   26560
   10752    5715   34214    1175   27225   19303    4577   32816   35958   11147
   19308    1236   10601   35682   33004   27654   15984   23277   31890    1983
   10467   35576   18323    5369   33807   35414   17251    2977   19463   17284
   28038    7665   33764    9550    5469   17219   29846   26635    3676   26059
    3844    2219   22283    4647   36211    1444   19246   26627   12404    7821
    6046   27352   10060   17227   24440   33382   24927     400   10346    8853
   36711   12542    2971   20447   24552   30411   20373   10433   25225   17202
   36009   20208   33206   35066   29885   31846   16921   27683   21022   18526
    8605   31262    1996   25116   22304   28246    1474   36640     140   31435
    3397   12810     277   27413   31068   10039    1378    3434    6202   32541
   32139    7158    8787   15022    9912   25859   32264   21775     354   26323
    6268   34672    1199     659    5453   13301   25635   30041   29057   22857
   31821   25414   27325   30675   20263    8453   10216   26367   16697    7662
   32567   26057     525   12240     579     186   21515   26962   32694   19176
   25188     188   35205   17897     359     707   29204   21324    2819   31681
   23606   22685   15717   24240   31345   11180   26368   29220    4498    3482
    2801    3609    1375    3642   35587   16141   23519   14691   31112   29645
    9238    4457   26732   35843    6917    4909   12598   35305   24573   33611
   16518   31254   31385   24232   12149    8591   12107   35230   33771   31431
    4736     694   32450   14978    5075   28236   11744   19026   21249   32566
   25245   31626    9968     616   14170    9175   29285   23685    7507   35231
   28266   28257   20569    1070   27863   17065   18513    1594   33068    6903
   23374   22520   30131   23577   14637   19921   18007   20543   23735   33978
   18211   22386   34823    9874   31656    1933   31338    4447    6209   29562
   10642   22129   36810   25881   22181   16815   15968   36532   24369   25481
   32679    7185   29815   23454    2640    7411   13643   19198   27108    4046
   27978   25641    8441   21956   31884     260    1924   23034   10178   33192
   33234   33275   28332   24493   15698   16930   36337   33936    6244   15055
   18814    3883   11335   30784   18921   15117   22937    2133   33932    1010
   19435   11468   31754   18969   26147   33372   21423   35697   30913   18797
   29589   24341   16200   10156    9888   27138   14454   20420   13505   34419
   14745   17763   21023    5177    1040   26809   34780   33327   36923   20376
   22507   26316   22341    9823   12251   14407   31224    1344    1118   26922
    7333   28444   25006   28468   32745    5101     958    3377   21960   19085
   33639   33042    5858   29788   13881    5347    6777   25478    2430   21904
   29024   33979   25730   11367    9264   20739   10022   17095   18487   32355
   35997   22958    5512   13445    1200    2542   16680   11977   18338   26522
   24797   17534    5082   31464   15018   28851    2187    2031   24027   26564
   14882   10093   16375    1051   25068    1266   10692   28143   35266    3873
    9379   10599   34356   12834    4841   19676    9339   18806    4356   34460
   16089   33308   29342   13963   21264    9012   19247   30545   26915   11152
   14667    2144    6744    2893   15399    6459    3535    2273   29487   14640
   31325   23420    4380    7394   11344   18259   21593   24431   11493    1506
   26207   35101   10559   26107   16489   34605    8841   34427   12481    9476
   28382    6484   13489    6308   28262   20723    7945    4058   25714    7076
   23747   21343    1452   13844   17805   29028    3456   33980   22513   16054
   22563   11691   17455   10025     411   10889   24739   11588    9160   28005
   14003    2909   28847    5891   34446    1709   24487   12722    7454    3228
   26378   34226   34139   17255   16529     312   14925    4603   15001   11538
   32280    8415    7053    6140   14142   12143   35091   22413   26724    1669
    3241   17428   27174    1829    9234    6199   34041   23772   27539   21896
   28859    4275   12227   21154   16337   15880    4812    7514   26497    7310
   30461    8391   20228    7107      92   33112   29426   19104   13864   16011
   14390   13152   20675   31942   36387    8648   32149   27942    3571   25924
   14316   17158    7565   28869    2458   23780   14381   11158   24494   18659
   22175   23613    5551    5584   36257   19769   20687   14970    1652   32709
    7360   25758    4097   30853   17364   21588    6415   18525    3947   14783
    6968   19313   12397   17777   17053   27614   11444    3888    6855   15621
   30668   31331    1420   32815   15622   14341   23445   21006    6314   34391
   26667    6697   35727   34968   20899   17752    2316    3162   34868   15937
   33137   27722   18636   16149   30000   32001   13453   14629   25815   23830
   27476   24241    7553   32202   17259   20768   33734   17672   15965   10453
   10593   20298    1762    3869    1146    1854   28714    9341    9028    4780
   14996   13004   30823   25410   20726   30766   17314   32819   32629   14029
   28529   28727   29138   22744   24885   35246   16175   17171    3197    5693
    1885   21174   22027   36025   30377   20686   12020   10043   26309   27176
    7950   12688   18661   12177   36609   31453   13829   27728     769   13217
   25142   15244   17582   20515   19067    8842   27846   27447   21559   25885
    6961   20950    6589    8586    8292    3894    5506    8563   23008   12357
   36633   33262    8003    2563   22999   24379   23957    3466   30466    7015
   28654   35764   11609    3480   21283   34754    5327   19035   25975    1662
     931   35643   10224   14687   16534   32242   19050    3574    2787    9414
   29274   13586    6515    4391   36931   13700    3496   34919   11992    2516
    6493   14057    4057   24004   16712   33521    2275   14093   31117   21876
    2451   19210    3294    3214   34514    9919   36816   27746   22562   29123
   14924   23193    6441   13146   22369   36748   10823   28854     232    9684
   13533   32811   35984   18535   32780   32093   19809   19985   20481    3691
   14754   22298     955   35729   36075   16575   20224   30229   17751   15825
   36914   10136   10412   35139   25278      37    5962   10195   13165   36459
   21395   21427   17697   13177   14106    9457   24992    5658   30064    6359
   12849   35169   22766   12592    7870   19821   16160    6998   35333    5675
   27342    8681   23740    9768   32966   28777   23476    3323   18713   35133
    2600   18399   24048   16188   27584     974   14075     911   31022   30458
   36994   10478    7654    1587    3748     342    9450   16266   22635    5418
    2106   18440    8358   32794   14484   25346   12506    3056   28794   29512
    6509    3908   14665   35865   35821   27525   13667    2372   27557    7315
    2283   36952   27081   17596    1400   25861    9375   16562   28100   21203
   29762   32906    2200    3369   34916   10443    2692    2338   29888   32928
    9235    3503   16898    5430   24467     701    8611    4757   14370   10248
   15176   11439    2891    5005    2538   10625   29566   26187   34380   35669
   28390   10949   22009   12794   29850   13648   24503    7696   18229   11929
    9140   16887   18757   21053   28479    5736   27059   25384    5524   30201
    9662   14912    6764   34637   29709   36246    1504   11504    9575   27031
   25654   19552    9484   15250   14090   28432   11252   25958   10427    5588
   15384    7146   14045    9045   14507   24041    6848   18163   17642   25683
   28371   36988   19234   35351    4066    2237   26048   27424    6601   25132
   29489    2252   23992   29571   11802   18095   34388    9403   11536   35108
   33432    7177   12603   17323   25391   12704   22525   28751   30165   35592
   27705    1090   25378    3832    8009   29031   15732   21470    9590   10531
   21322   31957   12392    9886   26530   13256   22461   14084   36311   12953
    3704   11274    2969   22848     210   27402   19062    4353   12973    7656
   24744   28396   21840   21091   20792   27500   35801   18813    3492   25102
   25404   21824   17208   36520   36874   14994    2693   24647   22840   20465
   20796   13731   13831   32547   32812   15903   31679    5266   26717   17986
   16557   20732   31315   21569    3242    9451   22258   30999   10205   23677
   27628   29974   18307   11318   18244   15492   20397    2528   34704   16278
    2438   36065   30663   30514   34186   33537    7305   11639    5714   12816
   20095   30363   19321   26876   26793   24377   10757   28451   28040   11552
    9721   20863   30144    9184   13869   36540   12951    9265   25461   18182
   23078      28   20022   11966   36839     773   33043   33922   15515   11090
   21698   29020   33857   32267   28520   10000    9358   27915   29485   19088
    5456    9635   23919   16076   10450   25411   19801   22599     305    5179
   17862   29000   30366    3808   11641    5833    4658    1066    6582    7722
   33654    1508   30592   12396   25810   16670   27365    8823   13714   31600
   27024    9588   17123   14068   25779   31099   15464   36425   10252   20386
    2954   26496   22357   23001   10669   16896    4671   11480   21148   33065
   18344    8018   26985   17901   20668   15484   15806   26113   11071   16658
    8928   14474   20020    8694   25555   27783   15972   15343    7840   12730
   17716   31530   24187    3321   36087    7681    8398   18801   24703   34577
    5763   18321   22743   25814   14503    4006    4154   13071   24050   14086
   34600   27856   21321   35462   12435   35533    6800   10256    9078   10506
   19888   24938   30511   24236   27678   16854    8150   20131   24852   26419
   36925   21819   21660   16104   25399   14603   34497   29386   34418   19235
   34629   20901   33870    3470   15502    4746   30402   35010     950   28722
   34708    4990    2440   12483   11801   17821   33699    1431     839     985
   16224    3807    4231   35962   29855     120   29055   11650    8524   13582
    5916    6106   10497    3084    2702   18991    6260    4317   10394   13296
    4987   28578   10107    7041   11000   17842   28166   33961   11959   25916
    9529   30058   15435    7830   27198   26460   13919   14489   35605   15704
   12866   32875   28907   23809   14145   13903    9712   10564    7207   24826
   33610   23362   32113   35702   23675   11535   35993   28994   18441   24891
   29745   35618    8970   33301   25995   22530   16033   36317   14983   36433
   10381   17536   27308   11364   30967    3550   29186   32510    5731    6987
   34410    5438   27839   24085   11491   35589    3555   35261   29243   27685
   31231   18852    8824   30230   32843   32143    3787   13185   27603   26070
   25030   10393   20049   22576   12002   12488   26831   34998   24883    9827
   14575    1496   26664    7160   28599   27314   12500   23231   32497    9855
   22023   36972    4637   23312     286   22748   29203    2677   35117   20384
    8519   18060   15786   23975    2950    4108    2741   15344   36978   15317
   29891    5484   17963    5045   14788   32348     876   10686   29488    7991
    2716   31125    6802   17799   24807    2267   23784   26132   16393    2167
   15750    7470   24345   24318   33603   12400   13282   28898   21465   32990
   24064   14201   24843   34722   23528    4159   26294   22928   19213    5980
    9956   17460    3910   15674   31269   32049   10871   17894   31496   21000
   17898   24912   22370   29289   34961    3722    8200   20419   29812   19121
   24374   34686    9029   30422   18534   12700   35168   21193    4632   28507
   26472   32078    3312   17360   35286   21424   32266   10177   19732   18524
   17554   10732   13073   10938   17990   36942    3329    5538    6794   20150
     330    6077   16818   13476   19600    6307   22057   31740   27662    4756
   31638   13640     904   32100   23835   26601   32405    9762   14871   22416
   26741   16221    1770   11595   25023   34342   30275    8966    2800   12856
   13106   17607   17205   31558   24967   15106   23164   10021   11213   36103
   17097    6022    7784   26044    8494    6099   15915   29175   28307   24162
   12812   16521   35937   22255    9245   19465   23840   19986   15970   19575
   33950   33012   20724     608   13624   13923   18294   12686   27483     509
   15623   36848   27962    1515   33089   12910   19128   33854   20036   30484
   30533   12999   34064   21100   26000   27482   22377    1603    8014   23326
   14856   21741   33986   17221   24342    9806   23340   12420   29714    4242
   28755      77    2504   26099   26426   36329    5281    7163   18093   16082
   30787   26290   36575   33991    3645    4793   31470    6899   21643   28683
   30282   23217    4559   12747   19388   21344   27825   15879    9357    7307
   17604   26990    9214    5037   13079    4645    4234   30864   35157    8395
   35075   20086   21681   32032   36825   19592   30865   16370   18778   21570
   35222    5044   32099   24280   13823   34887   20716   20586   19444   16125
    1095   26354   19482   35752   25672   27993   19796   35954   26549   33161
   18548   35670   25644    2255   34284   18857   20618   24932   27222   19280
    5388   27276    2236    2207   13698    3988   26588   34010   26531   20920
    9802    4642   11111   33928   34734   34057   17559   29821    6489   33623
   31802   12306    1928   31257    4446    8471   23779   22280   29486    1149
    4675   12706   33762   27809   21090   10648   36774     587   16702    3600
    2967   16833   27434   36067    7931    8731   35530   31780     748    4145
   30739   21471   14700    4232   12386    6284   25400   25668    6932   14982
   30963    2567   25444   12885     445   29111   15549   22076    2461   22884
   32098   18656   10094   19320    3801    7733   25936    3212    4609   18627
   16623    5901   11038   22484   32331   14342    8932   28276   28848   13908
   15506   22736   27646   32515   20411   21254   19979   10993   22839    1778
   16115   28549   28649   27890    6884    7798   11366   26769   26013   28587
   31260   24066   14397   12610    4849    3963   24182   30288   15346   29098
   18585   32705    9653   28661    4178   23082   11161    7835     651   29767
    3473    1558    1807   11471   16856   24524   10691   15675   20539    3875
    6237    1846   25281   17797    6153   36160   24989   18843    1325   24455
   17503    3858   19980   22836   11037   32276   25373   15139   20554   21659
    4526   10623   36495   26951   25583   35441     568   11510   19793   35840
   15980    2513   32071   13347     266   18433   14605    1710   30540   29437
   28831   36884   10153   28557    5437   28963   24990   35122   25874   30987
   32441   23934   32560   25333   25065    3379    3072   28768   21197    6861
   20459   24696     623    1793   36269    8881   32744   10835   11968   23791
    6023   10960   28437   17674   34591   35172   15499   11836   30236   27519
   29310   23232    7501   18768   22279   26146    9011   30676   16862   15131
    8267   35319   31323   16499    8236   30868   33386   30464   29163    4656
   28311   29718   27233   18905   25892   13201    2279   11345   11805    6134
   13817     641   12044   22452   35871   22817    9340   32223    6762   18498
   33320     902   27159     280   16346    8052     415   36721   11768   14850
   28443   30232   32012   24120   35325    4218   35596   10857   17115   19975
   19470   31914   10472   27466   11878   13335   13094   30145   30045    9817
   31984   10627   12378    2964    3339   11807   24259   26286   17932    6647
    9617   13806   11600   13671   16950   18481   14297   24441    9992    9771
    5426   32978   15630     692   28026   34622   18299   30322   35753   28272
   28102     397   36525   13728   16611   28809    2378    3700   24959   27204
   36542   29038    5154    4628   13522   33755    4476   20627    7777   19221
    2843   29106   33728   28785   31407   19132    9884   27162   25509   21268
   12582   35095   17979   30284   15254   36131   17272   35087   35244   19625
   21468   33973   32082   11076   15664   14218   24329   35595   17803    5678
   30098   19698    3847   25284   20408   12586    2033    6029   12475   23498
   11214   20934   26259   32904   34206   25236   12766    9758   20108   31122
   34441   18470   30251   19296   22345   24488   21188   22476   27919   18102
    8160    4804   18951   30499   26086   36076   22402   22803   32011   33343
   13675   28420   16467   23029    1745   16211   10655   32585   10437   21282
   35793    6978   22593   13169   25660   16574   18443    5818    7366   14035
   34616    9075    6872    2234   15652    7902   24782    5049    8975   12717
   15471   35059   16492   15305   32162   11694   27351    3261   22347     755
   34162    6602    6505   20771   34399   13423   32107   24848    7841   27806
    5070   27727    2645    9368   26139   27811   35421   15900    9841   34260
   24476   18861   15556   33231   25009   34488   11271    6360   10736    8596
   34184   23022   12793    1875   25843   19958    5824   14510    2749   20061
   33232   34166   16272   30424   25562   35292   15850   14926   10024   25665
    2323   35848    1286   26054    1929   35528   31138    8156    5816   27242
   22710   10422   33000   36897   19459   32635    4287    3994    2972    5627
   14483    6652   36535   23324   18961   16742   29920   21916   19898   15846
   14288    7747   13972   26804   12868    1511   34456   32614   26884   24368
   11408   13580    8301   11590   35053   31056   19346   15067   17892   21065
   24892     837   10755    1640   32523     850    4496   12109   13556   19291
   22208   27971    9243   20455    9624    3450   10894   12755   11276   24723
   22441    7114   15952   30973   36230   23617    3486   30657   32837     614
   28379   29227   16048   25827    8526   12076   25237   31418   20615   19735
   14907   24609   31136   30301    5867   10334   31640    4867   15233   16978
    9533   10828   26465    8539   13938   34865   25147   36701   24044   28478
   27747     279   15785    6041    8369   16480   33775   26791   31371   27735
   19654   27947   12111   22417    2700   36353   35348   20818   22062   35276
    7123    3021     539   30523     258    3610   12205    6242    2638   33697
   15610    2511    7977   32224   19046   13960    8930   16607   18802   21766
   18133    6988   13486   33110   16666   25865   17432    7728   17267      40
   24202    5078    9569     937    4617   20198    4930   17448   28187   36996
   10395   14476   18760   14821    1218   19523   24515   25015   11658    8269
   16585   23096   30601   19681     903   15314   11806    3925   22002   14133
    7125   31995   29793   10204   14573    7325   33090   23142   20215    4852
   16691   32442   29209   11336   29022   27648   25504   24261   33887   13912
   29786   30859   11134   26491   22735   11190   27090   12028   31394   28737
   23052    5598   22638     150    9144   35213   20309   12068   32908     324
     574   21584   22104   21101   33143   22934    6388   26896   21862   33479
    8920   23391    7622   20399   12057   30749   35094     802   13516    1667
    5996    1814   30691   30992   36148   10163    8804    7017   34303   25903
    5428   18980    8234   32069    1902    6816    4467    4590    8965   33968
   31867   24178    4501   23419   24093   21281   26818    9568   33511   23370
   18372   15107   30765   20671   34401    5116    2557   36710    6110   14509
   29804   28992    2718   19197   13232   29722   13660    2295    3124   10932
   24516   34125   35487   24849   16139    8324   16238   16648   33769   15130
   29654   34850   10202   34123   32119     852   16419      60   36903   33583
   17200   29830   13627   33700    6449   25209    8244    2900   32205    4370
    5755   16736   36343   30617   17727   31017   20413   21512   13635    9667
   16987   16391   19909   31868   11529    9084    4484   35407    3287   30532
   10081   26403    5141   11891     934   23047   11629   18262   18985   31145
    1898   14869    4775   31512   30844   14439   36875   34253   12319   11365
   15411   33903   17951   25989   36316   22995   16422   29296    9530   25121
    4180    9119   24372    7802   23070    9899   23230   22522   15180    3381
    9627    5014   32865    9586    2282   33493   30257    2306    8305   20325
   12018   21224   16298   25187   10688   32378    7449    4626   13040   21422
   19290   20867   11232   33686   10036   21107   23121   35399   28190   15986
     560   36372   22681    2129   10474   26955    8226   31505   33532   28453
    7597   21130   27473   10529   11870    8432   11947     321    3148    2043
    7173    6535   20508   27054    7476    8321   21705    5530   27339    6288
    4994   36913   31059   27583   13601   31094   11146   27650   32618   23349
   14346   14028   18132    4520   30178   10681   26396   34235    1560   17457
   27429   32404    8350   27817   18368   12963   34824   22491   23389    4342
    4375   18032    7113   14208   36304   26155   21137   16308   28779   27492
   32039   12265    7878   31360   33445   27047   23656   27384   32848   14616
   16714   29004   20815   24844   22818   19781   12493   36758    7097   35839
     480   30849     371   16049   28895   21919   27751   24860   34053   30449
    9021   22797    6739   19950   10113    4351   26026   29781   12119   11637
   35642   12530   17127   15299   28351    4345   31275    1773     184    4372
   36689    5845   28406    9054   31481   31938   11854   26853   36429   35569
   36113     435    8363   36021   21263   22324   31543   26411   10996   21036
   14173   17232   29298   17764   25422   20299   30390   25280   31539   28981
   15904   28328   25067   10306   16613   25755      31    6261   35526   14434
   35810   19682   19469   15184   14065   25301   21665   16988   24309   27431
    2055   16555   16177    6946   11246   34794   18347   25948   14766   22577
   16986   27834   26315   22760   36473   11661   27966    9788   18019   33237
   11830    7901    5324   15289    6797   15617   17831   19384   17061   20087
    9791    4012   35052   26820   20134   33646   16651   10125    2486   29125
   30677   34152   29201   32517   26480   15985     849   16879   23619    3943
    5617   21894   18882    7416   28060   22690    7739   28161   36885    8004
   20696   29329   21891   19857   25017   17704   13585   33049   12009   19903
   12821    8455   27139   23378   19897   14908   27852     157   35120    8339
    2497   28921   17835   36652   31569   27724    7397   17332   27106   32204
    8779   16770   24151    8168   19495   22221   32420   25470   32825   11979
    9400   25074   24013   28832   10952   35455   12739   16331   21437   10083
   24944   13764   11918   27399   14737     873   33473   29391   31979   33598
   19597   19139   27177   19269     234   16671   21654   36632    5403   29393
   18052   18591   33947   32446    1607    4185    1685   22809    3715   24412
   21463   19763     868   19496    2459   30861   17494    8372   36596   16339
   18050   36647   24482   10830   34101   11513   13275    9836   17416   15307
     898   14672   36170   28110   27167   14566   36499   25012   24198    6250
    8436   34764   18165   25460   36740    7968   22306   11445   13430    8672
   24801   11791    2047   32557   34593    2501   32414    8273   26235   20067
   29832   27231   12806   21573   25513   21900    2631    3793   20342   13725
   16581   20966    8090   17913   14684    2048    4064   16114   34898    1952
   21790   19927   25707   34238     163   33805   23750   29406    9969   28064
   34725   14432   29025   18706   28055   22477   31695   13998   24336   22432
   15402    1293   10714   21298   30955   18239   13603   11697    1830   35844
   24253   16237    1269   27673   27433   24750    4428   29752   31379    5921
     132    6052    9257   10034   21488   29439   32654   11400   10186    1341
   18315   16677   18210    6878    7492   28057   36354   25126   24321   33131
   13049    6071   20718   27898   13096   10007   29584   17868    6698   25611
   22235    7631   10020   17331   34201   15000    4956   19342   31061   19167
    5485   24483   20609   35229   26118   26211   24234    2335   26735   33159
   18017   11971    4693   26050   21170     167   16710    3324   17870   12426
     730    9736   10831   24388   24459   16244   17153    2791   16674   10055
   24637     348    8220    8636   28856   12815   16866   15480   23559   34936
   22472   23150    4170   14771   15788   30118     288    6447   33430   28945
   36504   29959   12948   34869   14683   22798   29601   14730    8319   33400
   21287   15642   24244    8311   27935   32947    3745    4128   13062   30981
    1108   12276    9041   25168   28735   21721   18308   25286   18066   22138
   13133   28309   16180    3326    3079   35716    5984   36824    4651    8874
   36894   11503    7038   21430   23696   26223    2981   27779   19421    7562
   34091   25646    5979   33015   22325   34944    6676   16099   10023   19270
   30207   18787   12703   25553   33684    9631   18730   15477   12905   24071
   33862   13801   11937   11172   27005   24380   11198    5553   27318   16727
   16335    5767    8072   28580   25061   25626   19689   24427   18970   26688
   14296   16799   36202   30364   19194   11827   14103   10326    3759    4125
   23572   18312   12737   21302   24144   34881   26353    3144   25926   24712
   14071    1774   14298   12129   13751    5540    6013    9398   17446   32488
   22717   30473    8012   17378   22769   23090   10492   22291   29141    8313
   33064   28930   34556   12867    9687   20090   34172   13863   25713   30080
   34098    3525   27184    1695   17714   13343   11374     332   23743   14326
   11328   36746   13003   31831     726    5310   16811     891   17867   11479
   12609   26630   33220   24067    2056   11465   17273     114   24208   28589
   23065   28446   10059   10012   33407   10774   34954    3747   16900   27440
    5162   15858      52     551   18227   20835   19348   34463    5284   34918
     282   17032   24231   18653   33608    1626    4762   13076    6423   22739
    9557    4398   14134   11984   35366   25512   24607   13243   17857    1724
   35188   23665   18085   34216   10587   23409   35787   35730   24903   22013
   36641   33689   34795   24469    2948   29394    1330   12869   25420   10035
    2455    2052   31767   20963   27996    9081   22693   28791   26484   27651
   10658    9285   28887    7971    3374   12635   16263   26140   34131   30479
   20641   15123   28497   14625   24727   33045   34820      46   13794   18532
   23308   10149   24235    6318   34731   28067    5419   26526   27799   28641
   34471   12938    9695     335   36944   27697   28486   25321   28568   21276
   36250   35365   14044    4432    6395   26238   10310   20104   30979   36907
   21239   15119   13596    4126   33861   15636   15193   30104   34137   27616
   13815   21779   22643   23638   17213   36631   24083   13920    9531   14043
   16968   12169   14585   18043    3620   17442    5305    3472   36330   36561
   35025   11162   30368   26163   22193   13545    9487    6623   18649    9898
   31395   31140   15547     563   21907   21883    8062    1270   11944   21926
   12117      65   16849   30114    3230   22254   21603   13744    7700   33882
   11095   34741   24585   13261   27606   11763   22408    6922    2655   15489
   15869   18391   25520   34834   19064    7247    1373    1827   10917   21201
    5017   27560   30537   21860     540    6223   26025    7448   32617    3300
   29262    8098   11416   26786   36126   31777    9636   28101   26968   20170
   33517   26024     592   29611   11472    5494   22977   12175    3820   20482
   22099    8447   24583    3791    3139   19596    7555   20626   24358   18630
   35398   36248    1312   33927   36769   26946   11938   19461   18124   14063
    7645   21087   15136   10209    9481   24289   34831   25792   16735     962
   17371   30391    4958   25838    4186   29644   11460   29970   23359   26021
   18190    2365   20337   25105    9305    9783   30837   27066   29675    1688
   33966   32735    8192   27001   31328   33388   26867   34071    3193    7612
   34720   33450   25441   35768   35250   28455    1584   20743   22226   15635
   11057   29707   11981    4506   35919    7952    9837   29148   14776   28688
   30061    8893   25056   33881   14744   18317    5959    7644   32801   22981
    4138    3885   25687     261    3008    6986   26111   17887   34885   18249
   34956    4644     201   12795   19639   10870   18537   31434   21340   18029
   11720   12993    3556   29773   26520   24602   31698    1102   25421    2112
    4839    9975   30898    3438   16196   12954   18836   30056   31900   16410
    2253   33814   31423   17545   12361    3738   23667   11963   19007    8538
   21874   19535   18459   22549   19441   26692    7057    3337    2075   30326
   28742    5097   14014   10074    6206   23618   19666   14861   16025   19285
     512   31903    8070   17274    4902   12528   21518   16953   21898   28643
   32857    9010    2293    8667   20076   11242   18218   28834   10745   26761
   30566   23492   25582   16749   18035   19522   18528   36407   10961    1432
   28748   35293    5781   12282    3388   20797   33569    4521   22931    7709
    2058   17501   12731   16363   13220   11278   10069   29795   22483   11424
   31541   31455   15791    4171    8550   14622   21255   28953   34239   26313
   23921   22872   34473    6146   15592   30648    8263   12823   36233    6383
   30313   21392    2142    5957   33842   28380   21347   15381   19837   31062
   10763   21864   24818   28348    9959     565   34743   20219   31408    3371
     104   23387    3202   33896   11647   23878   23064   19894    6491   28047
   18777   18958    9338    4412    2776   26134   19527   33029   33258   32111
   30243    4888   10340   23608   35475   13202   12385   17964   19997   19861
    3412   27256   27770    1681   27508   18722   17116   11822    7351   23730
   10237   19156   32987    8642   22867   20475    7764   26913   19116    6287
   21614    7671   20468   24237   32798    9535   11922   33632   12432   30410
   36645   24305   29283   24780   13385    7425     377   26519   11451   22901
   14193   19048   22591   24686   27208    3915   13187   17514   35929   31245
   19447   20491   20757   25193   19277   36582   21635   28361   17644   23556
    8155   28461    6755    3990   25791   11332   29947    9087   17725   27907
   20015   35314    7796   28430   11165    9162   29875   33749    3718   26848
   26043   36547   13500   10011   33047   36588   11379   18894   19955   34307
   13371   16035    3285   31814   31964   22428   21986   18588   30747   14975
   16532   14230   35425   28933   20006   27151   18735    3411    4129   15083
   20679   16512   18824   18073   21060   21280    8451   22689   19923   20657
   11021    7792   21803   14582    6293    6813     612   36287   25340   21385
   27216   30763   34583   18463   30489   32586    3229   15077   32670    5359
   28555   15031   10899   29377   11909    1682   34816   36409   16923    2991
    8506   28481   29297   32370   27985   29969   23900   29075   18348   31090
   21556   19717   12326   15780   12137   11518    5067   13987   24617   30239
   30879    1797   26330   32238   21965   10649    9314   31883   17398   20930
   33849   24943   27064   21166   12184    4748   18960   27597   18058    9548
    9177   29045   23497   25734   19788   22898   35912   18261   29817   30964
   21072     417   31463   32381    7673   14890    7538    5434   30780    2995
    4254   33998    1845   20630    8962   26362   30249   31258   17759   13303
    6362   22908   10058   15051    5118   33766   11531   26603    9155   34017
   34228   21114   26023   16641   19098    7330   36543   31426   16288   17160
   33373    8277   25256   26263   16078   25387   13210    4781   17034   27621
   25985   17678   14865   17656    7219   31135   22184   17476   25824   28653
   11013   16795    9910   14523     240   25589   13793   30309    5415   14677
    5287    4274    4715   27190   34855    4364    1062   18651   22540   10536
    8967   14666   36301    6329   32525   25472   17905   33763   12250   20690
    6394   33726   35862   26943    4297    5586    3531   20820   19473   24796
     829   15441   23430   21142    6082   14781   21973     117   30562    6298
   36019   31139    6338    6222   30697    3179   28597   32454   28304   11353
   21792   30670    2281   31313   20372   26696   19230   17798    2773   16920
    7994   27414   25312   20761   19412   26216   18162   21925   12192    9929
   33402   31069   21536    1782    3183   13755    9007   22948   23307   10877
   15772   32250   21890   25550   12732   19710   27426   23062    9077   12523
   19913   36958   20392   32665    2327   12092    3662   29790   30203   36962
   14138   21582   26310   24481   13364    4976   23021   32217   19069    3726
   32994   11236   14985    2304    2387   23536    9315   32346    2355    8547
   33520   25974   30790    1196   32504   11145    7124     717    1335   18601
   18428   35412   29944   10303   19113   15745    7393   25330   35604   28125
    3786   20635   33001    3443   17925    9072    2922    5708   19263   35704
    8603   26608   30666    6162   34154    3597   15650   31594    4601   13221
   17380    3744   33526   31266   18862   15418    6231   12010   12514   15112
   24971    2649   33601   30192   17873   27569   22123   15894   27398   22847
   13358    5221    7519   32776   36667   20693   27745   35392    1819   22071
    5510   23800    2911    2484    3087   11675   19095    1653   33027   11153
   23321    7607   11189   12302   31837    6367   20853   21943   12330   22264
    4458   17504   22088   21625   32232    4355   30161   35081   27326   16411
    2930   25935    8060   24176    2433    5059    9962    4063    1598   33158
    8879   21617   25637   23506    8859   28634      66   18611   26337   12519
    4684   22247   17037   19480    3177   22174   23503   18274   15132   14822
   18775   34245   36534   14579   29140   18754   29996   10405   12736   25632
   22824   26799   36492   17185   22171   30870   25700   17707    5392    6726
    2589   21498     112   18277   36398   32180     530    8746   33460   13662
   13664   14835   19494   13428   21316   29121   26972     508    1919   36703
   20330    2608   34689   16311    9032    9063   31016    1064   32096    8851
   10896   17931   21089     474    7672    8443   33094   13379    7862    2071
   27626   20840    8827   31358   27004   13206    8102   35829    5774   33855
    2027   31525    8394   18710   33813    9088   17967   19223    3766   19034
   32179   20449    8308    2206   13989   11199   18804   25703    3685    8844
   21731   23146    7552    8974   11080   17346   29668   27171    1574   13205
   27481   28157   31958    9879   19112   13590   22352   14695   14245   13228
   20663   17174   31691    3733    7343   21527   33812    4891   32742   31689
   36833    3119   17020   21540    8861   32291   24143   26358   22419    5527
   32419   29440   15988   29682   34005   10513   26273   12547    4829     388
    3020   34950   35988   32558    6089   26939    6667   31092   13747   33741
    9744   33767   35514    2852   20505   22236   13523   20913    5218   32379
   15672   20776    5673    7258   11690    4026   21999   23219   26352   28421
    6994   32958   28744   15527   12695   17184    5234   15315   10798    9878
   28646   15069   30888   11571   35291   16972   30827   18304    7273   12160
   30773    8777   13965    9918    3051    8969   21687    5257    8075   21661
   21902   14164   24350   32907     111    3356   18145   32194   36165   22326
   10790   32973    7303   19662   20777    9600   32443   28880   24882   32845
   23546    9564    9807   13014   17246    3730   35501   11394   14800   17977
   18587   24298     989    1476   18298   28818   32115   31895    3306   29805
   11066    8195    5778   14673    7246   34280    2305   31812    8481   18745
    7181   27366   11496   19827    1698   14817   12871   16741   12081   17124
   34803   10191    6197   17347    9423    1512   28741   20969   20476    5161
   17292   33540   19228   35797   29579    8725   21693   16508   18929   10729
    2653   26826   13911   27078    7276   18421   34553   11420    6475   29681
   25769   28423   18225   26218   36625   25385   34642   12549   34134    5160
    7755    8925   26108   25238   11201   13511   27230    9908   26770    1592
    7801   20765    7695   16544    1539   14274   27016   18637   15004   27421
   29407   27076   25666    1349    5330   36289    1340   16504    5823    5970
   32579   36981   27320   16316   33305   17419    7602   24223   11627   14095
    4772   15842   13733    2875   15134   18118    9646   32085    4169   27306
   28241   29023    9570   22343   11758   13235   30878   22853    5397    5074
   35679   29094   35166   25112   18076   26392   17062   14946   17573   23729
    3617   20906   26045   35936   29108   33906   36813    1247   11371   30078
   14780    1812   31131   11282   29416   16204   20960   19140    4650   26040
    2856   17238   29153    4055    6157   25332    8957   16808   21064   22277
    3493    5999   12034   23737   10399   26551   22499   20412   35934   11829
   25715   10275   13898   28009     247   21592    6270   34465   34910    1804
   29402    4960   27742   15458   12832      54   30855   33525   27600   28881
    6657    9818   36569    7359    5503   13495   15847    6005   17415    6677
   28226   32219   35852   13785   28621   34314   13276   16765   24087   27489
   15734   14460    1694   12709    5242    2569   20520   23634   25785   28897
    9769    3827   24612   14061   23290   14396   11300   12994   24395    2130
   26648   36404    9765   13841    1317   31875   33097   35478     857   34981
   14487   17958   17861    2284   31609   23431   26611    3204   14759   24635
   15955   10561   10935    6096   24302   27480   19608    3352    3590   32337
   23436    3879   28316   36930   28870   34735   32671   20659    5108   11941
   29659   33559   26886    5490   12050    4641   14872     493   25273   32697
   22275   22348   23281   11257   10793   20190   19591    1975    4255   16841
   11864    8362    7426   31827   30796   36856   15262    6661   11499   23448
   12254   26948    7331   11116   11302    8565   16320   22047   29187   10293
   35318   10018   19891   22796   28080    9685    7357   25614   17671   13884
    9673   33105   20640   34385   35062   20516    6376    1813    1398      83
   19487   12283   12083   15679    7422   23968   27643   27533   30901   20444
   36690    9561   29658    6190   29226    5427   29128   36361   13551    1192
   10206   14843   11554   16342   22344    8653   14360    3206    8979   12007
     804   26210   25066   35594   27506   13879   22910   34081   16814   36726
   26950   27923    9489   31926   24640    1084    7110    4049   10075    1260
    1964   12060    2698   33389   31933    9770   23758   24695   14327   23870
    3378    8566    8227    6263   25636   31624   16665   18893   11301   28552
    3962   30812   19547   24681    4016     993   19650    9887   15703    4084
     846   10336   16351   31550   14209   13776    4273   21366   35547   23166
   10650    4473   17825   31667    8801   20032   16761   20019   11544   17700
   21415   11689    3725   24247    8996   26175   11548   36696   32902   18654
   28127   16924    6479    8418   14459   26172    3187   25965    3842   32627
    8696   30492   35015   18458   35459   30325   10311   11192   36801   19762
    9323   19301    3160    1718   23903   22451   27021    9355   16163   13005
   28975    3741   28273   23943   12043    3304   13508   35097   13597   33545
   18325   16012   32229   20510   16248     816    5092   23941    9213   32932
   22435    2941   28220    8534   12463   10241   28774   20559   35014   20592
   16145    7129   14828   36295   26160   34300   25751   20695   16693    4565
     394   26723   22410   29999   13651   26307    9690   24588    5742   32685
    1195   32923    1962   35355   36380   12157   34983   14213   27986    7582
   35804   27060    4443   35050    1986    2233     302   18718   31646     800
   32536   10188   15391    1245   36845   20943   13272   29717    3171   19054
   16107   33518   25269    6952   33346   29100   23402   32449   21760   20904
   10295   26083   23834   14809   35112   33172   26112    3630    1988   18353
    7091   33667   35719   23668   14651    3658   35874    5528   25497   32610
   26004   33953   27200    4711    3436   29139   22574   10155   10232   13433
    5171   20545   18612   19173   10520   30009   28946   31865   21765   26106
   30570   28938   20261   16322   25125   27968   14112   32020    2572   33367
    4371   34338    9474   33712   24611   12001   22342   14146    1665   30893
    4014   22757   16769    8756    7788   25300   31978   14604   36571   34924
   10918   27369   36511   31514   15456   32029   28595    1165    6092    8024
   13186   21599   12606   25087   32707   11030   19144   22066   36485   30699
    4881   35200   28150   20079    5191    1267    1274   27961   21180   27765
   30543   15601    2182   34018    1120   15041    6058   24471   13251   28833
    4754   19450   28322    4137   35525   33859   12231   27948    1816   12395
   29249   31420   24338    4193     357   24242   17836   19471   23910    1080
   34313   16966    5679   26731   12744   15694   12928   20043    2096   23500
   27951   30084   29290   29945   24934    7978   24154    6631    5148   15935
   25620   26056   16060   33552   11150   16661   16954    1544   15997   17908
   26525   15738    5316    1824    3005      35   15957     241   30806    6211
   19295   20849   35424   20382   16890   33955   28169   18172   12053    9289
   13215   25544   24195   21196    9741    5577   10582    7833   10139   18698
   33111    4435    9924   34128   17943   14378    7318   26775   33719      59
   23724   28592   33819   12428   13002   21906      56   13781   17971   16701
   28554   13192   22147    1246    3322   19820    2449   28534    2632    3328
   36179    1899   35925   31817    8640   19111   21451   12375   32207   19822
   35687   33613   31782    6300   26432    2118   18336    6100     458   13279
   11872   28032   12884   15790     463   13669   17698   32257    9973   26486
   31787   19196   32166   25909     556     253   10885   32867   16779   16459
   21913   36614    4826   36669   32182   15907    3533   19382    2470    5759
   36358   19460   35580   23948   11798   16091    1441   36695   11817   16820
   30276     228   19294    3325   24014   33072   23754   17916   10739   35185
   17521    3706    9337    6790   15168     146    6420   29758   26257   18454
   22074    5557    6853    9503     293    6699    5770   17643   34384    6059
    4461   33417    7500   23616   31825   11188    9409   24941    3047    6373
    6322   25485   35458   36922   10099   13611   33863   22117   16066    5609
   31015   16056   16117    7657   26755    8670     204    3967   24191    9990
   17370   28344   36963   25931   19951    2578   26244   35534   18234   21969
    9099    5794    7518     793   24452   34760   33710   22203    3332    7293
   10104    6507     328   18113   24204    9885   16286    9196   13069    2904
   12907   28129   29275   29605   29634    6692   33133   31107    4503   13958
   20083   23864   10009   22050   33933   23392   19695   35375    7787    2155
   26920   23450   24928   18568    8320   28045   34445   12841   15876    7166
   35816   34038    2701   16834   21001   10672   12734    8101    6883   24002
   10694    3468   32133     122    9429    1241   19902   24106   23842    7104
   28285   22842   31529   32474   22889   27041   16910    3125   34827   16217
   13070   35781   17107   13029     878    4954    1821   24239   33336   20629
   24461   31419   35149   30138   15587    6374   34182    6015    8795    2078
   22107    9851   32998   10496   34516    9372   11593   11928   32941   34805
   12313     194    8715    8474   31652   20682   14048   27605   25719    5028
   28795   23314   32909   35725     355   31475   22559    5213    5554   23186
   26733   26110   33551   12903    1567   12825    5677   21195   17783   10115
   34433   23832   23877   20548    6200    4705   10547   23074   36417   31039
   16231    4366   10344   15669    7349   36197   35382   10362   29893   22457
   17382   36663   30698    6370    5027    9518   28239   36222   33650   31150
   21013    3509   20188   12461   21367   21261   20318   32653   20442    4310
      51    8542   18351   11682    2153   10428   32989   13353   28973   27740
    8344    4566   16891   13507   17948   12072   20088    9903    4550    9725
   24956   36083     738    7044    1006    6691    6843   30361    6148   18213
   13405   19292   27083   25324   31614    1645    1712   17110    2248   14760
   24771    1775    4023     115    8302   20241   16657     192   23261    2767
   33031   18899   17858   11039   33739   15353   25230   11355    5307   26028
   19219   26524   36533   16334   29508   14830   28048   21893   16563   28896
   33847   16848   33505    7503   17800   12123    5501    6311   20692    9467
   16606   12417    8532   16801   26893   20018   25929    3771   13554    1979
    6840   30755   14774   15882   10832    6772   22391   34733   12912   11310
   27344   34511   18798    3562   25214   17218   35218   29625   17083    7077
   19143   21868   31209   20110    9853   26573   32939    1333   17365   13141
   18946   13330   33658   14648    1765   36218   10819   16156   30092   28855
   24880   32620   23108   33701    1109     499    3461   15473   33578   13093
   27104    5720   35895   14879   17530    3727   14787   20628   32644   10440
   29686   13099    1771    7078   29276   21151   27128   36228   11191   21338
   17181   23642   28015    7505   14072    5798   21095   30860   24003    9335
   23888   29370    8940   25480   15496   34564   25279   29156    8773    5801
     479   17702   10940   14040   26637   12934    5192   28950   23924   22412
   14465    7164    3816   21046    4224   23446   27000    6221   25811   22466
   35757    5260   22843   27285   23015   36124   28003   20027    8458   29952
   23586    4403     995   33491   33399   24889   36989   32770   25370    9713
   34890   29278   27599   36008    7000   18131   28069   32427   34156   11334
   12913    4534    3561     130   32220   14617   35337   18972    3544   16784
    6028    7014   29744    6173   26685   14991   20316   16229   30235   32933
   31480   13019   28329   32050   31687   36687   30821    5381   27475   23648
   21070   24197   11094    8228   29782    8592   30379   20021   20706   15838
    8197   31952    7551    6008   17435   17889   18191   20196    7637   26246
   25227    7229   34397   20270   28405   17426   13117   25408   25220   36782
   32759    4542   15939   25361   35187   30189   23620   15319    8127   10778
   21127    8456    3286     615   28001    7858   20158   10507   24830   35565
    7063   17463    2197   28673   11821   25199   28625    6870   20094   27681
    9178    9820    1934   28682   27905    8042   30340   16050    9737   22511
   34832    3697   21161    2549   20448   10269   34051   17743   27347    2178
   19794   19924   30417   35219   28743   15257   26641   22012    2139   29755
   31251    4515    4789   32392   16388   32817   29041   23626    5198     586
   32721   28702   21769   11176   29822   33534    1633    8276   12222   33191
   28961   22972   15243   30093   16755   20590   14243   17626   30512    9892
   34323   28402   32917    7488   16356   31273    4896   32477   22701   36628
   30342   19563    7473   14032   15398    9406   27859   11759   21742    8562
   14025    5496   18871    8828   25296   23605   28624   32423    4472   31425
   22333   21460   34357   25710    7086   23782    5482   11241   27073   35521
   29649    1483    7616   34763   25160    7781   36414     634    7335   12679
   14310   12570   17767    8136   34205    2223   36200   27321   22166    3818
   28441      85     833    5112   18835   12996   18521   14592    8750   35420
   27615   13594   29067   20062   10922   21754   16772   21140   14641   10377
   15235     159   16688   17249    3164    6982   10319   30874   33620   10776
   33311   26382   18557   30950   27995   21118    2299   25784   30323   24761
   21374    8770    8666   13957   17422   11167   13467   31044   36537   34009
   32282    5923   14436   35619   22006   29557    1342   17329   27234    4953
    4309   35573   34627   30816   33563   32695   28073   28931   36256   19302
   27267   23944   27655   19443    2943   35152   34031   18492   22127   26903
   26929   36281   15775    9872   14755    4871   28516   33285   32777   17981
   20521   24676    2711    4200   16122    2988    3773   23741   25894   30147
   18068    5063   30348    3417   30688   22611   31007   12972   34989   34283
   36693   32374   26162   19966   22479   32235    1252   35283   36051   31429
   27252   25291   15185    7705   28604     405   30162   34278   12796   25999
    4596   13294   32254   14426   21375   16640    2126   21407   23876   35756
   13654    6181    9967   27287   17167   29997   24177   30921   31121   30180
   31108   23216    1570   23304   10804   19153    4688   29742   33300   20948
   34150   18466    3474    2364   23085    7213   18850    6350   24084   13392
   20750     763   36786    3557   19574   36778   26677    6296   34268   29877
   33659    1606    7291   35588   22808   20700   18614   27282     881   22132
   31047    9286   10498    8243   30095   24851   10737   15278   14911   21853
   13993   19816   18643    5248   22548   34325     482   28496   19954    6916
    5138   18694    1039    8215   27723   14291   11063   20262   10780   27644
   25736    2688   16086   23745   14152     923   21830   15341   16421   11436
    6462   17308    6928   18509   26243   23590   18503    4324   18485    3015
   27588   11354   27731   32088   29626   28489   27450    6866   35182   20139
   21767    7060   11597   25782    5104   10429   14368    6499   15118    4747
   25242    5163   28760   12456   31991   21288    2101   13771    7647   25608
   10321    7785    2429   20118   28535   29702   30491    3792   29306   33869
   24134   18142   20974   20759   16247    7205   13462   36493    4453     782
    1655   34541    2707   10568   22336    2858    3152   19914   25222   13320
   20300   12715   23341   19032   16952   26542   13851   15124   33235   18686
   21636   16009   25365   21219    7906    2824   10166   19631   30643    8630
    6827     108   18514   22420    1541   23432   10073    4622   17771    8251
   36955   17705   23282     970   17776   11052   27311   15548   15330   25216
    7280   31444   25606   30002   26657   11603   15893   11945   28911    8813
   16095   15784   15214    9221    3848    7238   33729   20368   12965   16505
   14939   25754   34666    7995   23433   24425    4928   31217    4967   28724
   26599   26356   26773   15993   33499   36191   17405   10042   26817   34727
   17635   26461    4495   18988    8616   12166   34076   26805   28838    1890
   27623    4686   15313   25879   36688   30289    5262   11035   16100   24557
    7011   25314   25304   30226   34340   27575   34896   32076   31577    1384
   21873   29244   20751   29720   12985   24587   24267    1901    7521   20566
   15599   36340    3682   20204   13652   33345   16312   16668   29660   23918
   19883     107   33176    9085   20405   34468   31175   36100   16319   10091
   28610   32881    2920   11385   27419   14650   28178    2213   14189   23105
    1119   32896   23135   21043   35290    7504    1052   34221   28864      13
   16225    1256    6124   24500   21504   21397   20827   17026    3343   25704
   12639   22873   19514   32072   35713    6580    1835    7088    8799   17257
    7581   34571   20440   23907   13045    7376   18478    9604   29034    4985
   22682   31498    4997   35214   20267   16594   27686   16739   21353   12642
   28462    3677    8493   31163   17978   31035   12758      57   22746    6974
   19440   24167   31333   24833     939    4610   16223   30197   34040   32338
   10503   12509   15626   25438    3758   29150   26523   10446    2074   35675
   28493   14423    3348    8029   34844   11611    2216    5032   25376    7217
   29966   27013   31018   34874   24768    4030   24128   11164   15468   13893
   32648   33648   14853   17312   36094   23711   30623   20709    6377   10787
   34765   12897   20672   20994   36773   34007   26532   34082   26997   29092
    7075    8408    3319   28392   18543    4745   20691   35275   35485    1969
   17421   10613   32479   13038   34695   12781   12321    6865   14811   13865
    9116   18971    9402   10764   10678   23844   30327    8668    9020   34296
    5756   10289   15145    4836   34370   11991    3284   20773   18511    9726
     161   21252   24947   11713   24181   22168   32000   35741   31120   22271
   34897   21124    4325    7874    2328    4100   35828   30614   30610    5362
   16822   24817   28865   33858   14542   18252   28415    5897   17126   15348
   28793    2313    1520    6397   30071     604   15401    9209   33313   27672
    3273   33334   21233   24701    1525   32692   18764   21387    2523    5813
   33412   24211   18963   18343   12786   19051   33747    6485   22218   10154
   20235    5181   27804    9815    8901   22385   25844    4999   10511   30074
    2770     149   14916   14894   24183   15309     495    9255   26794   30338
    1955   20939    9641    6486   27330   16222    6429   15947   27639   35132
    9447    4267   15478   31450    9682    8079   21739   34349   19493   19393
    6516   28066   30224    2809   21364    7846   20860   25968    1258   33156
   15692    6683     395   14365   15100    8463   30240   17611    6389    6428
   34751   35606   17425   33405    7740    8683    7486   28883   14221   31233
    6170   17375   28750    7480    9003    5417   33615    2276   13196   12626
   30616   17497   15447   13860   20303    8346   28431    5539   20017   26181
    3246   28586    4911   34124   12199   35323   30681    1249    4758   31101
    1951   21591    4127   24210   32256    4874    8349   22228   14187   27800
   26585   34906   35004   15835    4059   28784    5449   31901   15349   35548
    1231   14567    3344   16323   29493     951   10432   31965   12541   10809
   22967   15105    9246   24871   26699   27383   27633   30306   29064   24537
   22089   11666   13009   25492   18725   35456   17843    3971    9675   32643
   25983   17950    9581   27730   27748    6599   10005   33996   28797   19632
   24073    1017    5120   20678   11398   25489   24776   32738   35907   20995
   24402   24789    2092   30700   28510    5948   24689   22048    4198   19406
   22991   11055   26892   10082   11745    2673    7564   10958    3753   33669
    7092   18357    3631    1220    3252   31981   25021   35310   11542   34650
   17076   31930   10118   35141   19728   11124   17580   18290   18231   16296
   31073   10998   25848    4318   16870   22862   11665   21320   12150   28570
   20221   33834   29586    2635   18854   29688   15574   15579   27219   24317
   27663    9417   27207   25604   13867   15255   14067   24113   27332   35603
   11911     123    2970     213   36790     164   16069   22756   10407   26377
   33203    1228   34709    9046   18573   20394    1219   15461    1599   12324
    9462   17561   18135   26069   25803    6469   16158   26060   21500   28034
   33091   21425   22784   35872    8331    9819     671   18268    6892   11654
   12751   15589   25716    7576    6072    2743   25900   21413    6418   18063
   16329   18442   30685    6618   13880   21128   30939    6282   35947   27956
    5036   31067   30330    4376   36678   28723    5263   30899   29477   32108
   30652   28218   19990   28803    7483    1938    6466    8484   16113   11717
   12535   13852   31390   34640    4573   11393    6274   21997   13418   13813
   18922    4347   32718   20636   31193    3710   10743    4222   26375    2584
   15936   31442   22723    1780   23039   18668   26173   27943   28754    7054
   34212   13401   36830   13713    5788   20859   32782   18639    3781    5711
     847    3354   22011   18130   36396   14480   28871   33577   15127   19862
   10683   23657    3849   35823   28004   29436   23807   19110   31477   16616
   21223   21208   19983   28300   33358   30119   17845   31211    7403   20415
   30689    1020    9932   19559   31716    2521   21711   32278    6158   28863
   13838     842    3919   35758   25804     704   34034    5473      64   27773
   24034    4952    5559   17522    9224    2067   26444   36552   13313   33487
   24376    1907   25299     361    7216   28808   10946   34256   21927    9201
   22538   25395    3878   32981    1949    7398    3032   17620   22381   22478
   25969   21066   27913   14492    4992    2939   23343    5940    2575   11072
   17726   23589     106   31664   23940   15463   21246    2359    7748    3675
    4863   30770    3280   31294   32963   32112   34759   29417   14395   34838
   11421   30646   35154    7611   21352   22482   36566   20782   11543   22114
   10255    3169   23243    5240   13621   36272   17566   13061     894   33413
   24900   25217   34188    9042   18941   36133    9875   29268   27477   23797
   14704   25389    4706   15099    1912    2244    9790     961   23434   18253
   23199   26548   32755   27514   32897   17929   14634   34987   19006   11363
   33921   32616   35734   36928   27137    8376    5859   22392   17269   15845
   19686   27680   36077   36901   31520   18392    1787   15956    5474   25794
   24057   10235   12158   14070   17164   34159     621   36787    4292   27637
   33616      50   10460    3196    5006    8466    6069   16253   12556    2905
     489   20051   33066    3114   25069    4135    9250   13547   12658   24952
    5654    1564   19543   36090   27379   25685    9850   34026   13174   26973
   22951      82   11249   15602   35284    4500   32988   11477   18364   24433
    6183   12844   28318   15815   25184   20722   34237    4248   17615   11852
   26539    2291   25928    2495   19713   35509   22922    5025   20206   25079
   12309    1472    4652   15372   31403   25919   13578   25560   25820   28308
   16347   23995   10328   33740   32035   21426   23087   17883   14682    2769
   25619    5412     180   27920   18406   18374   20122   14685    6954   24333
   23210   29961    5268   21269   22045   18676   28927   31508    6257     564
   32979   15812   26638   17436    6575   27456   28899   27189   29321    9951
   12627   31181    2242    6605   26129   24256   12961   13007    2717   36247
    2324   16442   24509   23447   11326   14094   21050   28227   31857   11949
    3901   34992   22210   28327   10288   11265   30154   13535   21604    5407
    5235   36685   35056   10854   21533   31826    3199   33210    9237   18516
   14583    4585   11865   20310   25268   13408    3855    4514   17178   13997
   10951    5844   22082    4091   16361   34416    8284   32545   23650    7865
   13656    5493   26541   24856    7754   21216    8620    1292     715    1958
   30471   18122   20715    4474    6073    4480   33338     747   13686    5680
   23346   20821    1457   24194    5323   25205   13277    6233   11121   14101
    2880   24706   25392   13828   12892   18272   35812    8406   27136    7547
   25440   30516   30329   21575   19330   21328   18790    9005   15269   36764
   36384   13754    4516   14686   20058   15065   10805   12694   31973    1305
    7561   21491   11425     444
