   34520   20377   34967   32696   13441   33677    1730   17824    3777   27140
   33440   21530   24328   16901    1113   17464   11205      95    1322   17720
   17509   23873   30965    2839   25459   27268   32689   26474   14954   14362
   19278   24082   32293   13128   33423   28533   22865     336   20708   30373
   36423   29572    8968     422   10396   19005   26283   11507   15023   34997
    5165   28712   19451   15097   12933   15429    7169     528   22518   11225
    6191   30097   30157    9520   18576    6990   34525   30729   28448   16344
   17248   36403   30775   17247   33868   25210   13112    5638    3889   22764
    6409   17498   20217   36048   34934   25522    7316   28120   28422   11858
   33121   17276   26875   22855   31089   20091   16802   12161   13528   35370
   36890   23993   12264   11861   11023   30931   35785   25117   13435   30221
   20931   22939   25437   21589   33538   11488   25686   13350   32747   23564
   29079   34049   35736   24628   22001   30252    6151   32275   25352   18582
   18673   35393    9625    1531    9329   10839   17468   18390   28971    7989
   17787   31286    4192   30986   29852   27312   13588   14736    7450   26978
   17064   26369   13524   19276   15417   16893   21632   18975   33848   31063
   16928    4448   23507    8521   14513   12504   25448   17373   16672   36369
   17439   35289    4861   11643   27855   13679   27656   15101   10229    2512
    4229    1125   36220   36792   32135    8612    6984   16660    9644    1868
   19462   18134    2466   14515    6539   23640   24462    1462    7836   35775
   30214   27750    1263    9816    9739   31967   14236   17215   11780   15891
   36078   26661    4724   13825   32352   32719   24983   18105   13160   26029
    7974   18781     542    9540    3459   20246   14646    5121    6936    8270
   35148    2924   12269   23932   17154    7189    4249   12445   16842    1239
     798   14053   11628   31784   21586    5941   26150    1503   32675   34437
   19481    8099   25679   36089   11809   12322   28885   22135    4707   35824
    7596   13389    7365    5110   14548   20338   10837   28070   25731   33452
   10792   33983   33539    7384   32853   30100   22187   21976      10   35873
    2547   24999   13107   10910    3240   35288   28603    2361   26623    1160
   10307     926   31708   26037   28299   18053   22153   17996   26047   27046
    2530   20107   19212   32315   22459    4407     466    3257   32878   24915
    3082   13716   11422   19077   21131   33581    8317   11633   17806   23965
   21439   15288   22510    2390   36282   16461    6193   25129   15799   28280
   20616   33168   36918   17853   25735   11964     875   34046   24653    1276
   23010    7135   28456   29375   16307   21358   24118   11409   20721   11550
    4535   11203    8473   10988   20527   32432   29692   10533   11040   12398
    4406    1332   24417     255   23898   24598    9322   18924   10164   18682
   31222    4161    8023    9728    5587   31693   25115   26840   18856    8941
   20964    5466   21054   22765   17443   24062    3518   34893   32772   28538
    7401   22316   24758   23017    7529    6745   18679    7225   35545   27987
   12300   23330    2166     969   26566    7206   18943    5653   21547   11851
   12195   15503   12595    8359   25711   34133   16444   34413    6564    2985
   31060   35735   19726   12013   24754    7363    1763   34334   34508   24592
   32122    7895   15770   34333   22517   31134    3288   35560   15363    8214
   18083   29628   10365   26578    3225   34768   24521   29205    5308    5409
   36037   17906    1768   25584    6443   14123   34969     558    7894   30435
   22169   20805   27335    3690   26590   24682     294   21937   33127   11847
    3211   22860   23106   15482    1837     720   15178   20625   22719     916
   36583    1315   18848   11133   15625   10750   33093    8792   10806   33086
   31188    9796   26255   29412   21857   12468   26727   12889   31692   10298
    7797    1886   30426   19537   25532   15339   26508   30103   34552   10359
    7805    4947   11101   24053   34037    4831   17363   17451   12279   25318
   31285   35684     935   26528   33108   26516   10519   27012   36391     655
   20346   36821   24264   26120   18350   32647    5730   33171   31726   35694
   14163   18388   32041   16650    1224   10606    7704   14064   19934   30027
   14825   21120    5253   27547    7275    2525     339    1998   28929   13393
   29617   13362   25162   24614   35072   11882   30705   17991   24894   26476
   29915   28294   26104   19070    2868   34276   19500   18910   16944   36299
    3667   27281   28133    7717   29162   20538   31850   26747   25159   35977
   36118    7455   12980   11774   22246   29032    5747   30129    7457   36597
   10905   22997   29530   21673   29661   22566    2220    9558   20223   30392
    6067   27412   28704   36715   24872   33765   33593   31648   17517   35609
     196   23212   32183   10109    8176   14259   30897   19105   12200    8329
   17579   24656   23252   31986    7676   29113   26895   23801    2989    6566
    8475   24661   17277   17341    6062   12785   16949   20396   25662   20401
    7775   25433   33715   27893    7451   20877   20833   27861    2799   27796
    5576   22272   23069   21516   20180    9271   10721   13211   34067    6501
   25396   19991   20345   17910    7506   11321    2624   17903   29495      71
   33069    6016    5470    8392   34726   22750   14111   17926   19544    7829
   35882   34140   32389   17513    8159   12959    1637   32750    5758   24986
   31364   14347   26855   23624    5933   30789    6411    6327    5522   17402
   32945   29503    5269   12223    6247   23848    1670     929   19635   34790
   32118    1221   29331   31585    9365   34365   32861   28583   30194    2016
   33930   22579   33622   29335   34048   22398   30048    6078   32002   32356
   17317    5668   34646   33337   33261   23128   12332   12218   32529   11131
    5247   28244    8183   21152    6568   32102    3764    9362   29253   27975
   28400   33892    1727   32004   30033   12591   13955   11338    5827   33403
   35294   17067   16154    4115   34740     243    6924    2394    5795   36260
   15801    9775    5334    6436   32580   32797   23236   10668   12485   35973
   28629   27910   19705   12629   24230   30337   17766   31128   33044   20380
    2872    5739   33940   36046   31709   19587   22639   20816   22608   21933
   36756   25103   23209   26857   11748   17969   22509   22918   16415   19498
   11075   28686   15445   31396   32043   24803    4508   33138    2509    8151
    1909    4363     922   21406   18436   22595   10991    6520    3248   16929
   11958   19865   14223   16936   28787   13039   26703   19268     569   12594
   23869   18260   22708    6787   21696   19431   32052   16230   16103   16369
   23181   25872   36619    2744   22310   29154   24263    5292   28957   26749
    1524   32526   35402   21564    9760   28585   32142   28172   31284   13100
   18314   22802   17601    3027     274    5604   10030   36059   14919   16579
    7328   24246   10816    8548    6040   27815    2912   12599   28539   27270
    1960   17470   21901    4502   17454    7141    8961    4251   35502    6139
   26067   16495    5166   26219   30003   27691   34328   19508   19669   36199
   18626   27010   15174   29862    2955   18774   17734   22340   20443   18394
   32631    1568   19940   19413    7079    9686   19595    6533   10070    2465
   27488   12049   27542   27704    6817   24836    7908   12724    5525   12668
   13959   26854   21566   36305   22804   35083   28163   29761   36850   23140
   33348    6302    5947   24213   33718   26998   13792   27752   30805    3573
   19868    8656   36807   14884   21996   36877   24560    7563   23383   32127
   33282    2719   13370   25806   28184   34008    3914   35612   34904   22621
   27934    3666     706   19918   31554   11264   23234   32622   10521   18385
   26645   35279   24016   26228    9651   33691    7462   18183   21835   33088
   36737   23953   28198    6611   10366   24841   22980    9268   27180   36909
   28105    4080    2805   20775    7852   19528   35795    5066    2602    4527
   11048   18284   10982     225   31945   15386   31882    1480   11721   10989
   10315    6512   26121   19366   22481   28175   10558   19237   13886   15741
    5377    7946   32063   18562   24659   21666   19659   32661   26338   15609
   30044   20762   25835   31950   16371    2993   32532    9571   33801    3221
   33982   36164   22220   14504   20806   12080   20009   20172    6144   25158
    4719   13240   19658   35423   11247    9915   15804   35006   13307   26718
   14212   28335   36418   30258   10571   12104   20658   27908   20361    5612
    4279   12538    6201   31332   11202   21317   25186   11097   24534   19792
   20752   35380    9316    3886   29520   12403    9343    1966   17488    6759
    3373   36829   29105   10257     831   13777   14857   27235    8645   20938
    8769   10912    7899    4112    8209    4811   22854    5860   23442   12605
   27772      78   15588    4497   23885   36580   25726   25044   19205     373
    3921   29482    5875    5258   11926   10172   21957   35933   21768    3906
   22115   24445    6674   26185   25851   34403   35265   16414   26038   13250
    8340    4922   16498    6182   22233   10987   21745    9161    6540   31909
   28551   32428   13775    2210   11969   22102    5613    4399   36986   29221
   36654   29192   14041    6822   18866   22038   22411   15731   33619    8433
   15443   28439   31158    6275   10549   18860   36729   13605    9330    9821
   13901     461   34779   17233   26906    6586   29207     787   29498   15357
   32727   20803   14430   22455   16913   28290   28918   15821   21886   17992
   28726    6361   24829   24773   34693   29027    8689   23255   30574   28632
   26154   32975   29538   24910    6893    6904   18597   31042    2270   24808
   18911   28191    4220   19948   23403   13827    6613    2040   32155   26141
   30571   31642   27520     595   21220   26062   15971   22396   32161    4692
   35311    6277   18800   11088   16397   18723   32633    9511   36044    5564
    4096   23881   16169   31276   33907    2077   12261   15466   31204    9440
   33169    4807   11636    3062    2002   26921   11226    5871    4143   29282
   33104   15874   27158   19851   22081   34662    7643   15705   26200   30101
   27337   34533   12073    8496    5922    1101   18930   13891   36276   31049
   16682   24545   14556   36102   18803   12430    9395    7660    4591    1562
   26178    8978   35676   18895   36730   16806   13199   23081    8661    4304
    9732   32773   17006   30480   21970   35806    8361   35884   25290   15895
    7877    4018   17593    3012   25912   14385   17891   28932   30929   19823
   36970   30026   22113   21538    2263    8561   16511   28225   15005   13491
    7826   12474    5920   15187   11556     580   24850    4174   15914   28922
    7023   18596   24394   18115   28817   25937   15761     383   21329   15769
   33441   30202   15215   23014   21867    1485   24650   10849   10185     178
   21829    7279   28668    7493   31779   26136   24694   18258   31180   32134
   27187   34264   36151   34984    2814   10770   35135    5614   17429   33464
   27243   27814   33958   35915   15164   18538    9074   25966    5167   14519
    8610    1820   35992   34027   36167    6793    4753   32473   14098   32027
   30393   34988   32736   18696   12390   33375   14109   11463   30279   27284
    3135     456   11442   10838    7633   36723   23125   34716   13085   21700
   14270   16773   18589   31340    3575    8646   17456    1298    9958    4683
   10151    8614   14034   12624    6295   27886   24925   21755   24658    7202
   23902   26785   22691    3823   31511   20720   22212   16681    8345   21448
   29265   30640   36219   28078   30455   27153   18222   28413   10538   19340
   12511   32047   17588   32214   21490   14437   25767   33458   30125   14467
   27589    8154   16340   15340   33602   17655   22159   19107    3626    3140
    7629   10476    8204   16110    5236   20978   28465   34158   29967   16170
   15102   30535   26967   22425   18119    2025    4044   23272    3090     765
   17518    6876   21270    5391   36181   19795    1463   27119    6569   15578
   13291    5721   15154    1509     975   10210   10217   29040   29524    6626
   22914   24815   16790    6226   22266   18255   17757    6476    8219    3538
   25573   10742   14547   31927   24787    9251   13269   10868   23748   26282
    7304   22244    8268   23756   17885    1580   33977    5672   29480   19274
    2240   15854   20808    6351   24854   14512   35118   20351   26030    3681
   34964   19937   11601   30025    1162   24111   20571   36882   24196   33720
    6603   14124    6670   16251    6273   30130   13164    9465    2377   10353
    6371   30318    6542   21241   10773   10203   29039    6111   29655    5344
    9253    2658   35564    1327   16940   25191    2386    4504   32470   14336
   26963   22770    8133   28162   20529   13497   34884   23591   26865   26572
   29506   15052    1530   33296   29766   13121    8915   34084    5583   16980
   32245    9711    3499   11970    2835   14707     895    3104   27109    3057
   21305   24406   21097   16501    5974   32663   30360    8878   23148   24274
   23655    7789   35422   32852   22035    6574   27349   16685   10508   30972
   26644   29254   30983    7058   21361    3234   21648   35999   20795   19311
   20846   28117   18666   33580     165   13900   25569    7042   25029   16517
    7427   23020   33832   35825    1115    1942    7299    6398   23712   35886
    6002   18147    8231   23615    6177   11068   18174   35620   12370    9200
    2879   11210   20926    1190   28193    3980    3460   20970   30399    2863
   34055   18016   29314   30634   17319   32530   27712   29769    1980   23752
     965   17352      90   31389   12255    9228   14816   34582   14266   15383
   27613   11631   16625   29908    9859   36196    5647    6886    7442   26197
   22580   16400   35123    5451    2951   17320   30583    2300    2751   25295
   10614   36352   36638   36864   31574    9579    1731   32156   25945   20502
   20030    1306   19416   30465   22480   17912   25602   35147    5173    2596
   21676   28500    4196   33278   35796   28199   35106    6402   19258   27568
   25038   10316    9040    4600    7355   36744   25778    9925   22523    3683
    5830    1089   17680   20301   10964    3406    5965   13990   32699   25551
     932   20734   17256   26421   34781   20000   35935   26649   35281   27505
   15382   28739    3405   24218   35921   20949   14169   36528   29901   11419
   28901   18792     386   11596   14794    7703    2307   29459   24173   12908
     968    2109   11562    9984   34197    3955      39   14966   17003   35107
   30354   36834   29438    1883   26789    1320     216   27331   26682   34867
   26995   25080   24457    6026   22675   26015   36166   29757    3918   18721
    1573   34685    2754   13132    5500   24840   21645   36216    6801    2665
    1112   14632   33673   31762    2617   17863   24562    2764   14950   19719
    4968   23123   10962   35667    1847     795    9595   25690   12131   28116
   29006   28393    4462   20200   28528    1294    7586    2895   27154   18086
   14055   19272    7941   17792    6846    7845    7619   18903   30741   33510
   17543   31317   20126   34244    3605   14332   28467    2354   12526    1180
   34317   14956   30557   28098   17711   10029    5311   31629    2217   33226
   13548   11254   36940   34255    4415   29132   35613    6826   11557    7028
   29303    1099   19773   11995   20469    4995   34563   12252    3398   15199
   23639   16676   24769   32310    4595   30209   33866   19079   16155   20025
   26556   10312   33745     593   11092   28802   30167   22351   34161    9753
   35140   33420   35689   31024   28027   31672   15877     103   10100   24430
   29455   21295    5592   35739    9128      15   18108   21494   30220   19239
    8333    3113   22083   10865   35566   14608   29084   31013      67   13570
   14964    7268   14628   11988   34728   13929   35688   16428   26686    8260
     746   18731   16832   28713    5172    1617   13064   25949   18025   32731
    1957   16774   21357    4638    4825   12036   20340   15793    2044   32318
   10480   36924   26133   28147   11402    3716   32372   20250    6349    5909
    4043   12340   35740   34940   30388   20096    4062   17108   29319    1233
   30555    8959   34523   31381   12248     256   34872   34293   23988   10902
   27133    6648   17562    6276   19049   21109   17407   19811   18257    9053
   26836   31763   29706   17878    8944   34680   22917    7322   29159   24672
   20608   13450   10187   13204   34088    8943   34179   12893   28017    3439
   10746   17136    1965   26269   16093    4387   27610   16746   24963   27175
     156    3429   16825    5810   13872   28699    1188   10449   22488   30660
    5187   15122   18553    5568    7585     200   17333   23415   10054    2685
   36370   21286    8919   26562   35914   19860    8066    8130   24209    6748
   25601   30004   31639   13798    2738   17271   18818   30168   28770   34938
   19151    2401    7439   25500   35601   33544   35137    8357   23602   27118
   29301   29593    1262    6207   14062    2748    3877   25577    7388   24798
   22668   27392    7741   34852    5452   26468   34659   36347   24566   35212
   28039   15266     825   12930    1715   27155   32503    7105    5098    4907
   10575   27869    7452    8848   19562   27484   12798    7713   25196   13537
   36799   19327   15767   21880   34946   35077    6672   31567    8665   15284
    1124   30933   20374   24996   19746    8417   20282   35023   19329   20585
    5149   14708   27710   30585    4121    8679    9415    6044   27706   11187
   30210   20660     278   29046   32611    1014    4525   18116   23522   12662
   29576   29549   16597   30932    3510   21554   33547   27972   11143   23237
   31764   17650   30581    5435   20437    1946   35109    2422   28835   26543
   16497   14305    3628   21813   27182   11505   21980   17207   32859   29233
   11482    3163   15015   13892   27652   23157    7753    8797   18794   16975
    4282   26481   20855    1999   28999    4832    7856   17618   23795    9560
   33952   32022   22799    7783    9411   33070   32383     475   31932   15347
   15841   35069   34434    9086   29957   26433   10878   11835   11086   27468
   30669   19009     169    1261   36600   32067   32830   27871   15385   17281
   13540   16861   19560   29110   28926   10748   28219   17884   35206   31834
   17368   34102   27107   11954   19316   17872    3302    3559    9141    6939
   18714   31314   13917   24763    8296    1071   17270   30976   17846   35067
    2496   36215    8348    1546   31776    5056   13868    4195   24576   13932
   20865    6188   36116    4328   19217   27291   32190   31612   15765   21776
   33351    8169    4208    6523   12801    3583    6860   14006    6723   11519
    2862   22393   28731   18919    7915   27789   17648   34454   33687   16707
   11290   26722   11626   12186   19653   18313   19766    6265    5068   32160
   34324   30830   23951   17155   27261   19225     827     442   36544   33561
   27958   36603   12394   35340   33844   35891   12051   16933   29451   26898
   22494   23005   36676   22230   31806    9112   11322   32426   34426    1776
    4213   13858   20274   28242    9844   10416   31949   22055   23372    4704
   36058   33272    5825   17519   19620     799    5944   15449   28995    9444
   11939   14620   31320   28056   30350   23566   13254   33674   19003     532
   28788   16797   20285    8720    8440   30179   25357   14960   20119   19031
    9267    8856   32089   21778   18185   30966     892   32559   19452    7184
   13769   23985   18634   13498   24188   30928   28338    8411   20065     637
    3223    8754    8654   28233   36454    7871    1097   33135     119   13565
   28256   25165   12920   15839   33054   32306    7985   36239     879   34080
   23641    6285   20745    5938   35531   22589   18309    2194    8609   31100
   21081   13876   24074    3549    6264   21911    6640   29368   21442   19845
    6737   36464    6890     289    9963   28813   20604    6299   25262   16377
   32062   11087    4206    9926   24582   26822   33911   21394    7750   16686
   32524   24101    1331    8865   21683     385   31330   31177   14325   36348
   17099    9317   12548   13142   29938   30606   26647   23254    5748    4028
   35449   15171   21791   33443   16146    5707   12746    4367   12859   35488
     369   15822   35707   19437   15659   10652    3110   17262   31350    6653
   30683   27634   27824   12673     273   14281   10308   22985   32097   12904
    5467    6765   12949   23390    1968   23588   11443   35777   27561   36980
    1131   35201    9420   31815   20403   29849   13129   24126   36718   12850
   18805   28550   10470   27926   29042   32385   16058    8737   36223   19969
   27269   12699   15316   25797   15453   13042   26815     867   10927   15432
   21021   17952   34562   26152   29578   36760   15768    9663    5924   13935
    9664   26019   20227   24477    3534    5851    5872   33827   10226   20098
   19218    2116   27701   10936   26321   29414    6963   21386   25673   35765
   10903   33352   15992    9419   13339   31680    3592   23206   14329    1379
   31953   17122    4485   26557   32263    9437    3182    1475   30608   33845
   36684   28980    5942    7021   32417   36134    2105   22942    7409    5193
   22437   19158   34643   33976   32158   18783    2310   12384   13532    1900
     606   16917   11091    7221   14408   26942   32791   12217    8660    7811
    9302   21983    3315   30990   17027    2588   35194    7944   25709   20163
   28600   15526   10448   24859   23804   19843   12615    5256   35708   29575
   32628   21048   18631    2036   25380   22606   18817    3611   31363   27089
   24666   23369    2049   17223   16432    2389   35703   25208   22037   22121
   28411   19456   21808   14692    6774   21275   29794   22440   27275   32053
   16027   31665   24549   35384   25057    9573   32701   21936   22056     398
   25172    5331    5997   23819   20710    1947   34802   12597   35096   16756
    6104     648    4075   22493    1138    1350    8623   21961   11238   34614
   16816   20367   24255   18055    5563   22292   31524   15739   30283   30433
    1454    6097   10052   17135    3080   18331    4181    5095   29922   30274
   11733   32500   29366   30503    2326   22869    5669   20209    4551   19965
   17529   13845   31728   16208    8639   36158   33645   23731    5071   36651
   17837   15334   15824   31601   15782   34555   19117    2375   34496    5024
    7886   15910   29114   35535   17935   26545   23055   21058   10768   11668
   10190    9786   10003    5914   10112   14375   18900   15151   26215    4395
    3728   23233    3341    2498   26249   22103    5421   14060   36328   24646
   29973   36252   25536   28494   34773    6844    7881   24322   32593    5718
   32184    4414   10261   22527   12325   15632   33274   30857   26662    9222
   16456   24730   21565   29819   22602   23808   24726   31491    5894   31670
   20746    4130    8164    8599     745   20725    9288   23908   22775    4843
   23191   20211   36639   13022   18363   19687   13300   32505   29643   10618
   14497   18267   17668    7712    5966     678     467   18048   12128   26295
    3712   24913    4276   27847   21872   31438    3455    4150   16406   31532
    5303    5414    6421   13510   17864   21616    2121   31312   11466    6885
   27376   23664   29015   27185   15129   21558   23961   11678   15153    5294
   25096    8581   30476   10632    9601    9578      68    7928   33095   16092
    6325   34408   11263   23489   26264   31348    3037   17852   34723   29652
    4228     822   14743   29783   22516   19332    9090    4621   17190    4263
   29103   30124    5038   28572   31096   34841    3812   28558   29364   13780
   29395    7334   20653    8036   15613   19602     603   14166   11987   29588
    3210   31306   29600   11541   16372    4523   34771   23901   12890   30287
   18137   12343    1857   21210   28158   22819   32728   12776    2007   12760
    5069    2679   20123    8650     222    4813   22229   22183    1864    1699
     811   12339   30171   14697   33533    8884   35371   23989   30611   28072
   16695   22642   24597    2085   15351   33993   35389   12518   16708    2806
   16726   14229    7244   28823   25915    2205    5847   13947   33795    2362
   17760   14177    5099    1950   33574   24383   21187   18496   29751   24056
   24323   14442   20331   34581   11308   34022   22080   14972   11696    7554
    1990   29842   26184   19964   32598   31207   19124   23963    6347   21671
   34818   33230   12146   23511     314   26442   31443    5411   35115   17548
   18200   27035   27585   12583   27381    1922   10592   33115   14671   15216
   19604   33046   27952   15189    4742   14878   17980   23116   35898   20848
   32612    3195   16807    8290   23481   11447   24877   21701    8798    7195
   24217   19548   19012   26620   16052   17597   10002    3831   10860   15627
    6416    7686   26253   15898    2838    7593   10262   29016    9860    4864
   32680   14130    6243     814    2772   23893   10349   16384   15725   28210
   29345   11049   11155   11640   10845   16353   11892   23717    8221   24287
    7027   35709    1896   29896    8402   25456   21885   25535    1043   31589
   15143    3133   25729   31644   20807   32508   12854   26385   23680   15439
   24579   32236   22362      58   34247   26284    7976   14679   33050    7466
   33288   17699   33920    9895    4166   23242   31878   18837   32795   26750
    9565   27914    6219   25364   33631    2089   36666   21381   33396   26379
   21653   11065    4560   31791   26534   23353   17169    1747   35437   28647
    4739   19805   27455    2690   22651   23356    7623    9978    9101   12501
   20024   32533   23066   12879   15833    2678     350   26570   18663    2566
   17965    7190    3208   36137   27299    5188   16265   10231   24514   17275
     313   34973   21237   21624    5150   21993   20157    6835   10179   35390
    6035   17730   13622   36476    1588      99   30176   18236   33817   20985
   21958   22140   10282    4576   10612   19887     749    1815   35634   31045
   29266   11712   29539   34070   15545     980    9867   30472   12661   20623
   15444   30715   28909    2594   11898   22366   34267   21838   26824   10487
    8989   31240   17390   28097   19818    3961    1026   34191   18644   29284
   22334   13637    3797   36887    6991   35038   27406   23147   13182    3071
   10026   33132   24777   16401   22790   36457    4586   21229    2464   11615
   25547    2480   16195   27195   26084   13966   22780    6155   23976    1783
   36188   23744   21143   11125   31291    7735   35128   12288    4236    3594
   27608    2571    4404   23644     460    4989   15611   25334   16605   31449
   10636   33938    8618   20580   19488   27039   10544   10933   15329    9176
    7433   30174   24354    3543   25042   27117   31595   18091   15092   34198
   20673    7715    1799   25120    2957   30757    4538   33140   23909   26271
    5608   24800   34412    6406   16341   34450   17834   12982    1355   33429
   16192   34923   15407   30344   19651    9164    5211   20841   20574   23531
   19744   13468   30247   15359   25088    3353   19297    5929    3462   29036
   27055   34431   35079   13629    7843    1172   30248   17303   20959    8188
   35235   35216   25946   26825   11311   32028    5955   14725   20114   17327
    2489   33078    8034    2408   14405   22785   29206   35401   28033   12976
   22492    9432   23444   24448   23271    9378    1426   15726   23168   30854
    3931    3292   20809   14191   35696   33708    5946   23464    5450    7558
     187   20092   33019    7358   21950   19339   30319    3625    7387   25992
   12742   34406   31586   25777   24090    2087   16823   20981   11956   13676
    7196   27446    4201   18164   23970     610    4564    1721   33126   36267
   18512   34187   33471   26304   36692   33590   20612   36518   10418   30841
   12628   12443   22810   35034   12858   22438   15620   10751   19080   34169
    2311   35770   22888   11699   19652    9993    7249   17440    1163    7512
    2639   24896   13426   33666   31566   23852    1301   24950    6629   18087
   27997   30034    1636   11297   26976     613   17023   32901   25698    1424
   16907   19428   32740   19873   15693   30896   19712   24616   28546   31469
   14824   27164    9847    9803   30039   15050    5857   22553   30023    9225
   22575    4040   33702    6558    5279    2254   20599   36032    6396   30238
    4737   13706     162    3025   20555   32362   10143    6732   16466   18140
   12564    7813    6412   29868   30501   14644    2015   27003    7329   22364
   15749   17301   35086   24867   32228   36143   17945   14198    9113   28126
   21697   30834    1367    7824   23905   11621     344    6656   29239   14662
   27596    4898   34050   35626   30137   22545   12473   25733   23048   26123
    9882   30682   10251    2827   15170   14558   32328    6169   36122   27220
   21134    8454   33153   32418    5126   33649    4696    2622   32884   33530
     788    2424      81   35252   20711   21525    6208   21805   15280    4307
   25215   35198   24127   31833   26670   30738   13352   18549    3618   12447
    6324   32870   17414   18297   17876   16064   29923   35049   13410     337
   27260   29476   34683   31604    3623   11306   26952   17304   33831   33241
   24435   35460   33917   25628    7443   35986   24403   28841   25798   33595
    4434    2606   11089    9536   35572   11702   32247    1345   19530   19583
   16767   28613   33962    2603   12669   18500    6366   32003   14543   19410
    2222   23703    7421   22422   32992   16551   27062     319   25808   22941
    5697   32623   29501   17060   24419   12086   28466    6417   35856   10144
   23134    5840   16624    2360    9115   34624   10534   11719   33488   19096
   21125   28948   30244   23704   24393   28850   27707   13902   27791   16733
   12244   36235    3624   35208   24229   20193   30149    4936    5352   21501
   24740   28640    6427   10076   18692    4728   23452    4033   14801   23887
   23322    5146    9485    5626    7248    4147   23373   24061   10684   23789
   15306   15337    3692   22250   10500    8181    4996   25588   19181   34965
   11500   24605   34706   14348   22881    7137   25902    7167    7678   18328
   22512   23208     155   33902    3050   18090   35259    3954    2889   14026
   22641     452   28296   26381   11047   30429   24955   10215   13974   12551
   10292   33566   21383   34531   14020   12071   23259   32948   26877   14420
    9452   18605   35803   18123   31119   12826   18984   35969   10797   19449
   36560   29960   30876    1913   15424   32259   10841    7045   21833   26138
   18890   22768    8551    1967   24046   14000   34411   30996   31877    8740
    1386   30818   19737    7347   23124    6743   28976   10247   36240   20290
     884   22328   14444   18717    7170   13237    7050   27417   32903    2699
   33038   17936   25863   32165   20089   11486    3767    3396   23050   25657
   33680   32866   10175    5251   18979   23651   30036   20266    9504   34776
   15720   35783    2021   29385     131   35846    5088   24600   35158   12652
   35001   24595   18327    4436   14491   25123    9594    8911    7809    7485
   34153    7340   25617    9515   30015   30200    3895    6068   13451   14335
   34157   29696   30382   32398   33693    1028   35391   36694   13655   27087
   22552    8491   36691   20856    9692   20676    7819    8437   11706   30538
   31288   10373   12855   34068   34448   36993    3176    9522   17941   21560
    3334   25559   28836   28203   27241    6457   26090   21325   23554   12553
   31160   10325   19911    1488    1755   19536    5197   26394   33189     183
   28998   20429   34339   12027   18733   35236   24685   11824    6577   22959
    5853    8307    5402    3903   28469   12864   31445   19370   21657     915
    2662   21472   30018   19549   11012   16262   32215    1943   20490    3227
   12496   35352   19691   25253   16519   15460   20207   20044   28830   30454
   16758   10820   30926    6733   20874   31603   26455   21924    8438    8309
   13499   33240   28142   33576   31267   33703   19579   11842   14461   34453
   26416    2057   15537   20944    7806   34193   35232   28325   19875    3120
   24522   25689    1549   12229   36471    2579   23827    8788   28093    9173
    4935    1054   25671    9151   31368   34633   10709   24498   17970    1552
   14404    7069   22880   12782    9563   31310   20772   28908    4899   36254
   28305   21851   12170   18539    4741   28747   19236   13331   36342   18791
   22318   35037    5465   27969   23381   23156   11592   21489    8531   18726
   18144    3546    2030   33392   16804   32668    6304   26505    3478   25345
    7598   24519   29398   25514    8924   16995   36395   17564    9068   25841
   34315   32136   22882   27092    6996   23671    5129   15696   33118   33379
     469   31040   23215    8793   13539   15525   29471   10578   10265   12126
     239   24505   22791   30927   22021   24977    7942    1003    9401    9394
    5147    9513    6632    1381   31270    3596   35591   18993   16730    5960
    6027   19299   33895   11323   12870     147    8501   31758   31486   21455
   10585   20002     374   30346    4374    1788   20990   33637   29840   16282
     562   16723   25871   10468    6912   22649   31677   25049   18280   31357
   21577    7776   20133   13264   14157    2065   11905   34029   17063   34171
    8784   34947   18704   25765   28128    8128   35451   27227   30886   26949
   23057   18950   32459   28196   11996   20039   21974   14085    1313   18642
   13170    1760      18   14320   19993    5886    3817   28771   15110    5208
    7664   33411   22338    1088   29051   14293    6098   17423   30948   21929
   31033    2634   14920     599   29519    9615   19081    8073   33080   31201
   28183   34414    5349   18398   16176   26631   30477   34259   33824   18989
    7111   24629   32587    7408   14516    9863    8817   13447     116   20560
    7847   12712   32057   14475   25371   32805    7548   13606    4643   35918
   23153   18675    4098   28876   16638    2837   35082   33841     128   18983
   25077   14081   31863   25856    1954   13894    2181   11103    4002   18181
   21230     316    7326    2160   35920   23762   36350    3231   13712    8952
    5936   22868   33208   13743   35718    4584   28025   20530    8425     290
   10761    1615   34674    7327   27879   23024   20778   29445   18041    8633
   13332   34202   24205   30748   23983   32607    2159   10270   36018   29060
     326     673   14273   33092   31907   17354   21722   27885   32489   16602
    4625   32748   24146   21273   20288   21839   30673   15735   31402   29591
   34044   34117   22661   17663   23063   19841     590   20451   14967   34039
   28972   16144   10972   14009   13118   12923   34126   33406   29543   21918
    6057    2137    6079    3599   27944    4786   29971   35385    4713     136
   32445   18397    6979   23541   25036    5978   29860   31393    9482    7295
   30086   14235    2136   20869   30006     684   11800    2861   29913   20736
   28796   17288   35940   29281   19396   13474   29964   16719   17778    1357
   28283   17220    8517   18507   29689   25764   29341   27761   13765     254
    1170    9857   33283   16780    5913   27696    1396   36364   12216   21181
   30307   26999   13065   13416   11677   20182   36477   10441    3892    5892
   24822    7770   12568   32081   22323     451   22506   22087   19097   18415
   29942   33925    7174   32144   12070   24479   19021   33383   36402   11033
   14275   33434   29899   33750   14267    8199   23351   23438   31555    4727
   34269    5273   26012   23132   19014   16292   15899   11100   12219   36310
    8206   15518   16269   18187   21025    7407   22125   34528   24037   36510
    6358   17641   36965   10499    6403   16250    2168    6224   19376   13855
    7345   35527   17088   17693   12846    1888   18986   20446   18400   29257
    9044    4866   15639   14726   16663   12865    6141   36983    3800   25752
    5261   28177   33500    2209   36030    2918   18844   33777   31507   14906
   26055   30134   18807    1273   33785   32768   30096    4821     110   17712
     389   17780   35645   13077   26771    5737    5185    5252    2753   15400
   21510    6659   34111    5278   28517   15071   30866   10638   35282   12469
   15296   13247   25590   35515    6194   14705   19601    9152    9185   12124
    7790   25078   25170   16527    8044   17204   26445   29405     959   13581
   30116   21332   27437    8146    7339    4604   27845    6380    2697   14022
   24633   27018   25447    6291   36285   23913      76   31906   11796   29212
   26783   11428   36545   14767   11434   30297   11672   22214   11240   24911
    8172   29033   16101    5783   22982   33225   20109    1152   13384   11369
    7723   28340   21786   30113    7984      98   24994   26441    8699   25822
    4298    2618    1571   12458    4735   24539   25343   14716   24327   10482
   13044   11753   36468    5819   15440   18566    6195   28459   19039   34016
   11283   28007   17481   18621   18208    7820    6771   16039   20661   11262
   18004   27998   22607   23705   31621   31928   19252   26844   16138   16973
   18386   21480    5296   25788    6179   30308   15857   21279   18999     835
    3643   15886    8103   34568   31918    2527   19347   22508   31028   33589
   14366   15091   11587   35706   18206    3188   16005   19782    7285   23107
   33242   13804   32940    5793   21597   18171    6490   36904   15203    1465
    8196   26376   20272   33087   21621   11624    2646    2747   32590    5077
   17243   13623    3904   25799   36277   17633   32774   16241    5634   13732
   22141   34095   28482   21763   13323   19922   35472    8505   16210   11693
   33331   34584   25267   24268   32192   24786   15974    2629   34483   17591
    7278   28442    7766   35330   34266   23938   20348    6496   33356    6522
   20929   28541   30446   22424    3132   32974   25942   20878   18072   33802
   31279    8964   35881   10374   16398   32447   15651   14706   28192   29809
   12025   28243    1477    5065   12249   33299   30793   13270   17051   15498
   12345   16447   24278    3016   11532   27053   10477    8864   20152   21105
    1016    8808   12853   25821   36741   10063    5610   31483   11341   22179
   11085   19022   36860   24212    1931   29188   13304   26830   10539   33498
   11567   26499   29679   12649   17475    2808   20014   14377   25466   28089
   27515   22670   31185    2740    3663   29789   29810   17854   17343    8896
   18602    4217    7910   16431    9118   24296   10369    9408   21664   18952
   16159   18902   26357   28339   21828    6109    8468   35258    7140   26170
   12144   35554    2727   15532   21854   18445   29962   11566   18896   13050
    2406   18193    2652   14207   10634   27293   19668   31861   25173   18809
   36895   29887   27785   21870    7436   26151   12862   15437   27763   19389
   35022    1136    9039    8457   20201   22096    2318   32212   19092   22519
   16976   16087   17469   25738   16792   18874   34279   10891   30029   31951
   23178   15797   21737   25622    9787   28758     601   22887   27795   35799
   26096    5194   23305    3383   11710    2737   19607   28410   23309   21571
   11487   17484   10983   35715   21609   18712   19243    9880   18510   27044
    4669   36389   15459   23102   35209    3184   15208   33084   33808   23914
   10463   14376   23161   25563   11358   11151   16460   33081    3447   32924
   17619    5520   24580   12064   15864     589    4281   30890    1086   24010
   28020   16934   33011   32221   21590   32014    4389   36451   36088   34421
   15656    7742    6563   30128   25336   22146   17226   36785   26959   28944
   20315   28573   30633   17748   17192   33774   27465   28502   20463   16317
    7973   34990   27451   11899   34703   14337   22388   15813    3732    5039
   19016   21335    6587    6344   23972   11832   14445   35256   20458   19919
   33879   19328   25910    7724   25305   14453   21214   13321    8364   29312
   25250   27203   12559   35080   20918   27858    4897   18891    9241    3320
   32650   22059   35013     195    6925    7578    6330    4052   35165   31367
   19161   22222   17384   19832    6838   24821   15840    2266   17046    5096
   10174   23084   20928    4360   26905   30598    6909   28103   31856    7432
   12267   21499   17930    1377   22007    7032   31478    6894   23568    5597
   17628   30385   11657   25873   26940   12120   12439    4734   18660    4530
   33294    8120   13734    8095     437   17547   12465   24909   29237   18716
    5387   10984     380    4751   31359    2720   22521    8054    1414   11245
   10573   30590   33967   31003   20688   24742    7896    5814   34378   12966
    8424   15814   24138   14522   36190    4835   23974     534   19842    8261
   25082   12902    7675    6735   10794   23733   22912   16162   30434    9840
    1264    2001   16840   17740   20218   17646   29397    3360    5336   28662
   31304   25024   32240   20164   33321   19359   20462   15934   17054   18761
    3608    4877   26908   29670     949   16166   10981   35315   18904   25826
   18047    9247   29687   15425    7084   24819    3489   12567   29525   25918
    1433   14659   29739   13941   36798   30618   13531   23393   31741   31742
    9014     711   27125   29349   28377   13774   23357   10171   30951   14829
   29193   30049     203   14391   19847    6269   21985   10320   30578   21348
   28701    7963    9404    9698    5373   29523   26328   34415   10479   30839
   31085    5128   26612    6688    8429   21158   15252   25033   36366   26639
   18650   36636   28087    5433   32369    9231   18879    7986   35241   31428
   31321   36401   16826   27183   34801   22963    4156   13703   23284   27316
    2729    6393   19061   30762    4330   35204    6408   13290   18932   11337
    7800   10101   36880   14433   24608   33360    1394   21313   10576   28349
   31893   15487   27170   12988    5543   17911   20567    3477   18082    9922
   13982   30759   26202   17420    8380     803    5863   10148    1791    9114
   23601   33256    4800   35237    1347    1037   27545    9190     244   27756
    9936    6625   13973   36141   28544   12210    9709   12774   11231    1566
    1572   32834   13360    1150   16352   19405   26011   13048    7396   25350
   32066   26819     311     545    4933   25393   12499   22444   26869    6248
   16526   14545   24979    5992   18311   10436    7332   12672    1185   36270
   31398    1600    8613   21585    5420   24868   26454    8510   13434   31660
   10170    7863   25426    6910   28059   16075     124   13515   14948     535
   11955    5662   35048    2232   11508    8074    3102    4533    8687   16502
   12134   16951   34292   31873   32710   19135   36253   13114   15538   33418
    2898   28789   19001   31766    9386    2613   16683   32339   15104   34112
    7178    2352    8205   20986   26279   12387   14255   36530    3075   20168
    3030   24791   16424   15776   13057    6972   27572    2344    2010   17411
   30832   23721   18031   33731   36823   36653   23728     561     940   29109
   27965      62   25594   25445   21638   21679    9211   13475   14398    2873
   11296    8194   14180   24905   10876   19058   36508   14290   21921   33295
   23886   35113    5408    3435   35474    7115      34    8729   11031    5304
   36629   29288    8462    8143   31307   11011   34329    3719    7588   35800
    8119    2412   26811   29260   29078   30842   26593    6294   32673   26941
   17191   33821   30644   26734    9801   32036   23263     360   16067   30017
   14279   15634   36147    5771    4732   32322    6897   36487   19740   20620
    1882     270    4794    7624   33041   35586   22061   10861    6665   29518
    7992    8322   20460    9681   26757    9473   29327   35267   32766   14586
     284     367    6241   12377   21529    3564   13889   30711    2817   16922
    9262   13452   25837   14577   22969   11119   18216   35316    9607    1401
   21952   24363   11130   12720   35648   30671   25294   21102    1867   28472
   22284   31934   29602    8557    1018   16187   12312    6721   27739   14845
   16538   13344   31602   30746   23173    6550   32969    3912   34748   21895
   18240    2432   33318   25605    2045   15967     650    8785     441   15614
   15930    9206   14599   25138   30517    8982   31894   15404   12803    7873
   28951   34099   15668   21703   23915   20774   27051    3619   18362   18156
   34486   21761   28705   19131   19839   33694   14995   18865   23228    1826
   11517   34761   27851   23297    3882   31785    9628    5169   12787   33307
    5549   19612    5870    3226   32138   27930   11135   28337   22885   32380
    9619    5384   34681    8705   26335    5541    6792   18762   30378   12926
   30727   20613   36229   12376   11598   36745   13520   17541    8615    9390
   24571   36394    2325   17974   28566    2581   36210   18100   19491   15512
   36513   16935   22728   34429   14399   35600   32836   15683   34661   28530
   33347   34223   21752    6852   14944    8931   33846    2456   25127    9659
   36419   17612    7201   26806   17875     636   16214    2550   12809   12424
   36622    4917    5483   20942   24201   23829   19499    3382   23757   33839
   33427   28728   12041   20639   28498   35811   24447     930   16845   31556
   11411    3078   17330   28574    9412   11423   16345   32495   34526   27624
   35099    2598   13767    5519    5300    1371   31673   32349   18724   21440
   12457    3409   25285    7176   27105   13478   30211   35071    4411    2987
    4906   31144   24699   15573   34457    2218   29985   24621   13457      61
    5189   32123   11497   31772   31142   13595   14998    8854    2414   10386
   28645   20558   19684   30445   19169    1002   32970   12621   34302   14883
   10067   19318   30706   12399   36006   32055   20343   25151     912   10017
    5838   27221   13161   28137   18912   34610   14017   35461   14506   20045
    8000    6881   24166   19677    7872   28692   30659   35019    9719    7420
   36132    7515    1158   16235   10173    5547   34862   26478   32218   10119
    7799    1684     582   32724    1343   25616    3034   34606    1529   11003
   31752   16552   10760   36105   23138    7866   24285   21982   13704   31719
   18224   14602   25143   27670   15691    3673   18167   11866   32309   21794
   18949    5379   29743    2243   34061    1538   30534    8723   15141   16202
   13456   32573   30430   30593   27774   29813    5911    1005   15291   36649
    9004   26008    5963    6521   21799   26537   19693   29515   35538   34362
   35831   25085   30336   23836   18616   15759     860   16855    5117   27794
   10212     571    7385   13496   22189   11651   15600    2532   22335     869
   16055    8089    9861   36896    7171   14909   16412    5663   31803   25655
     262   18465   34273   33290    7274   27181   16051   12945   13821    3200
    3101   14181   17710   12118    4438   33252   17587   10420   10350   26386
   33860   12660    9059   28536   15369   10140   17827   26655    2958   16604
   35111    4025   19995   12738   28732   28505   33178   34335   30414   33810
   21473   10610   28398    9226   16006   18638   31076    6736   35655    9722
   24145   23332   26342   22633    4919   21858   20513   34025     858   19371
     744   30632    5339   32244    1586   31416   12563   31575   24697   21271
   27788    1940   31196   16878   35808     249   10724   27805    8330    5358
    2937   31583   32693    1440    1984   29771   21293   10414     353   16434
    7267   19180   10974    4903   27909    1526   22733    6192    8909    3952
   16881   34655   34151    1725   19674    8637      14    9941   17552   34963
   10715    4900   11349   25197   32885   13104    1171    8871   17079    3911
   20533   32298   25398   32506   35678   29816   35018   24820   14314   14881
   31627   31517   33527    4422   30604   20647   26117   27302     888    1892
   25419   18838   21493   28644   27544     291   24772   13130   26291    5546
   12981   33945   10331    3463     813   27443    8129   32993   23339    5912
   10234   28345    7961   21299   33621   22741   22989   33644    3404   28709
   13980   25406   36461   29926    7711    4056   21421   16396   16491   26262
   31760    1516   29448   19185   31091    7756   30440   35098   29851   12498
   31643   35500   24569   36184   12836    8840   18175    3884   31992   14609
     721   22354   33625   25288   14623   16433   15085    2024    2227   10355
    3068   14979   13797   23463   31805   35192   36531   12331    7892    5760
   36432   27734   17640   35578   19778   10994   15615   17746   22795   36515
     197    4209   14703     697   22890    4760   20605   20956   17453   20579
   35890    1383    2060   27408    8625    4528    7039    3846   34366   11994
    7780   13607    6174   16046    8732    5270    1046   16452    7526   23715
    3695    7031   14099   15697   12333    4368   20016   23592   32480    4373
   20293     979    5455   11200   36837   31891   31401    5488   25634   17638
   20174   33211   16536   11564   14969   14357      69   35698   29531    8903
   17738   30756    8594   27982   35197    1517   35967   34912   24623   11036
   22312   14937   31618    3092    7471    6323    4619    3130   16715    2385
   31151    3551   24940   36736   15861   23538    8580   27999   17742   19770
    6552    8354     218    8352   12911    7851    4998    4215   36735     570
   11281    1767   20116    6332    1458   14799    2916    9506   26127    3740
    7970   10084   21863    8951    2448   28006   20892    1439    8165   13403
   34138   12753   30713   12593   17933    3933   11789   29785   35710   36336
    2552   31811   17829   17266   22101   33781   14414    4348   36585   26439
   21646   29995   22704   35435   10367    7900    5581   30198   27305   14782
   24812    1053    4078   11777   13266    2288   36817   28652   24806   19956
   34452    3143    3035   15434    5062   15182   10095    9127   29432   16185
   35372    7182   20213   25891   27152   18640   24324   20941   16540    9000
    1866   23241   20542   10438   29484    5087   30891   35644   36576   10129
   36579   19257   34438   34030    3857   19220   21047   33480   12153   10464
   10892    4636     714   34749   13591    9258    7853    5131   34024   31636
    4319   29623   32898   19661   29351   10663    4816   30021   15682   16032
     468   20414   35349    4291   29371   24667   24292    3278    8239    7498
   27864   29166    3277   31962   34789   12362    9297    2285   33787   36149
    8682   32716   35489   34178   31256   14846    3795   34108   25867   29695
   15559   35093   12464    5019    7560   15282   23684   34959   36719   13558
   10825   30953   12527   24473   32905   36954   18586    9544    2896    1630
   30160    3957   27224      44   15221   19831   25381   16998    9123   29721
   18207   16902   13922   19590   24966    5732   29665   14425   17539    5661
   15953   28109   28260   29409   24805   20669   26413   18816   21027   23348
   30912    9304    5961    5446   27058    3502   35637   34369    8207   28074
   12389   20404    5002   21409   27093    9026   23059    3653    6105    1300
   27372   12630   28165   23401   33459    7615   32877   21879   25773   36784
   11485   17101   21399   35888   19287   24525   12372   35299   12114    7261
     471   29664   29954    5508   12718   29691   13916    5034    6919   13642
   24707   10735    2888   34392    7758    8300    3389    9261   13708   11277
    4357    9156   18462   34375   19834   35221   27874   33585   33155   27784
   15045    8537   35568    9933   24017   21539    8573   25990   14373    3942
   25307   20297   27667    8314    5567   29467   35357   36035   25706   15638
   28270    7302    7609   10711   27297    7674   35616    5696   19179   16135
    6033   25756   24340   15230   19622   23270   22252   26780     505   13650
   28391   22448    5460   25744   13740   30141   27129   17071   19858   24262
    7012   32686   32704   21842    8254    4915   33820   18023   18560   32261
   29202    4733    6808    1920    6321   33709   30803    3633   27427   15673
   20619    8399   20362    3430    9694   17374   24965    9187   16567   30771
   13882   14417   18376   19874   13812   35833    3099   35092    2009   25832
    8280    9913    3004   12178     927    9866     781   17199   21798   27199
   20880   33992   33130   36273   33743   28094   28678   21028     160   18742
   21934   34845   25743    4167   14947    7251   31657   36673    9388    4417
   11803    1110    6832   29219   27356    5517    7371   22751   32413   21542
   11908   12880    3260    5562   34270   11545   26527    3950   15976   10577
   13420   29710   36259    3584    9471    6120    2192    7402   18561   25071
   27134   17918   10162   33949   27534   31155   21537    4948   31384   26517
   15089   14701   21078   34494   28891   31908   10580    1874   20576   26575
   13710    7898   24266    7290   33478   22831    7601   13566    5769   33013
   36827    3851    7890   32430   22614   36634    5029    9927   15195   12208
   24908   19949   28663   27493   22662   26851   14974    6560   27074     102
   30295   31192   26843   17245   11455    2997    9109    2672    8093    9428
   27404   24898   22644   11769    2162    3606   18629   12003    1521   20601
   26678   12728   30882   30019   28667    2050   25226   22581   22782    2810
   33393     660   11492   25429    1321    4978    2811   29131    2674    9256
   22837   19175   18064   23136   23534   14260   33061    4013   28914   17047
   29872     439    3783   12689   17670    8492   24335   20923    8185   28395
    6375    9298   24662   20828   34539   12451   17665   13553    4574    1798
   25007   22677    1425   15843   29189    9067   36919    2667   13381   21610
   10944   22875   11940   19615    9276   35358   13090    3380    9693   27828
   15570    1155     345   24258   33685   12226   26871    5315   25763   21008
   19390    8998   16045   22567    3316   33233   36302   36382   20829   14231
    8275   33289   36705   32561   18680   12967    5836   14553    6572   35970
    1593   27862    5704    8213    6634    9612   24031    3713   20549   33657
   12479   23112    7613   20825   35995    6783   28258   21602    1486   29561
   21303   28609   28292    4487    6798   18956    4007   26928   28355   21541
   26858   35482   32116    2670   19970   22789    4313    6175   25882   24283
    3421   20562   33384   19534    9585   25374    2625   33239   18482    4146
   19533   10859    7062   17138   21656    2907   14096   15156   31329    2098
    1363   13239    4210   20484   23184   27502    7725   13292   28734   20879
    6712    1489    1624   27378   22267   35826    6975     287    6908    2518
    6950   33362   29270    9098   24688   19642   24961    2135    6621   24206
   15147   35900   36752   33864     265   34837   24439   20689   33943   22496
   24221   12995    4290   13414   31472    3167   23267   15805   30389   33490
   33542    9767   33914   20749    2141    3213   21912   22090   18418   34359
    1382   25463   33888   11902    2641   11193   34980   26241   11746    4187
   13010   19159    9547   10979   29981    7510   32715   22198    4268   33085
   19233    9602   27023   28232   36935   27196   17004    6387    1412    2586
    4460   19814   20156   23947   34249    2231   20295   34863    7103   20144
   16550    9181   14345   12004   23205   27027   14923   14955    6639   26341
   22634    1795   16545   13297   34612   18497   36881   24299   20142    5023
    6354   26450   33885   30653    6529   34957    5514   27409   22565     517
    6906     938   12235    4113    9901   15082   29107   20183   26909   24400
   25599   10236    4244    9616   14588   22268    6747    3558   34861   27902
   31765   15227   13506   21724   33607   22161    7757   36060    2312   26629
    4272   15293   25311   32514   11320   31189   16942   33706    8796   32493
    4729    6084   24711   20811    8100    2689   31115   36802   35220   36187
   25005   35090   33910   31701    2102   35835   13843   32451    7549   35928
   21511   35338   24069    4540      36    9132   11414   30629   29610   17081
   34710   21812   13224   21746   21649   12196   29478   24484   23798   25595
    3958    6504   14449    2931   28594   12533   36704   26914    2417   35913
   16476   27371   21284     300   24286    2804   30665   28687    3122   35155
   32656     936   17983   18820   11630    6945   16946   19086   13632   19489
   23543   33605   25491   17128   15528    4149   26016    7030   25289   14226
    3986   14150   14415   36506    7149    3948   19177   27364   15352   13102
   28181   12232   18245   30146   18681    3017   15514    5738    2857   16418
    8055    4246    4822   14992    6337   35464   29358   26265    5355   10772
   10707   24630   17351   34860    6857   21183   19799   22821   28693   32564
   22673    9352    8552   19660    4015    1164   28389   15991    1481   33298
    2841   10942   25812   36598   32469     299   31510   18282   34651   35036
   31798    3778   26690    7298    7812   31562    9282    4718    6083     477
   18901   17701   30822   29177    8316   35864   28912   22485    6178   12685
    7094   24107   18964   29876   23537    6868     259    4094   31234   32377
   19083   26897   18705    8210   35017   12800    2452    4510   25753   34104
    1183   11426   18188   24351     778   32550   11440   30515   15789    5789
   31745   34993   15364   35430   16295   32512   15039   13560   22463   18067
    4469     983   22077   32775   13562   27370   16817   14896    8232   23548
    1391    8027   36079   19576    3693   19996    9599    9138   36142   29117
   14384    8735   22788   26131   35007   27950   12741    1690   24486   27579
   36456   18869   31414   31518   22130   10384   27700   23414   22667   22431
    7020    4235   12777   18827   31599   30347   21062   19172   36344   31427
   30151   33519    9793   36017    7630     750   13225    5477     917    9610
   22443    9948   12286    9890   16781   31280   20205   23032   14789   15849
   25367   16699   10985   15660   27334    1366    2053    7386    9307   34900
   31502   33557   31126   10363   29112   18741   31515    5623   23714   19042
    2158    3648   21810   20817   32615   27884   11577    1390    9543   25531
   16656   35541   22263   33874    6679   20383   16751   23479   22560   20791
   18851   33999   32211   26779   20286   23077    2650    6761    4189   13026
   11711   24757   19392   29730   10710   30664   15218   36815     856   13171
   15944    1916     176   29347   25561   13875   13388   19275    2686    4163
   19589   30881   18417   23160    4941   18012   10260   19743   24096   29778
   28473   24575   33830    9618   20289   34604   19260   21686   21452   25786
      25     521   34167   28894   27517   32209    3684   14564    4280    2265
   21474   32314   18789    3469   21726   29309    1027   27955   34331   26894
   31500   34304   15912   16002   14858   33713    3774   24926   10145   33472
   22915    2845   27470   22052   20535   27193   12329   21988    2564   25415
   29927   25495   18288   12415   35395    9135   12274   13783   21535   19850
   28399   25593    3636   22467    7323   19101   10471     224   32562   36985
   31678    9435   27813   19694    5561   16471   17182   32926    8742   12035
   21922   11104   26002   29662    5931   14538    8353   24011   12381   31437
    4471   29803   31123   25003   27194   34677   29172   18881    8291   22829
   31005   21634    8712    2140   32292   32169   23067   34376   32438    1505
   17162    5578   34842   11258   36529    6108   35917   14242   34291   34243
    7375    9812   10341   34590   19474    3686   20070   17949    3627    8114
     762   29012   25973   15428    6585   33196   30856    1918     908   16357
    8470    8627   13885    6011   28913    6245   30107   34176   26743   31572
   31030   34550   32486   36066   22582   10880    6915   11384   23413   24215
   18996     872   13517   15206    1045   13985   29325   21418   34777   31097
   35452   22625   19933   27690   35413   23258   20983   11415   15273    1534
    8938   22870   26568   26832   29361   26464     896    6749     338   29216
    2818   26399    6440   18332   16886   36303   27925   29168   35368    6413
   13768    6365   33780    3363   19900   36739   17589    1732   16059   10590
   19414   15795   25857   12550    6754   30867   31854   14921   27178   34767
    5289   26777   17170   24725   32606   10266   10731   34599   31456   23342
   35285     761   25868   18744   16376   14790    6851    1446   19425   11612
    5319   34529   30954   25190   24465   34118    1772   23054   23883   25136
    6706   16044    2554    5967   25014     264   35766   17728    9554   20583
   14945   36091   33558   10077   11727   31466   12316   34506    6610   34757
   29740   23739   18518    7708    9480   17506   36555   17176    1067    9095
   15197   29197   16786     709    1213   12167   15205   18493   30290   26676
   24140   24709   14105   12234    2599   25790   20184   15374    7477   17189
    9023   20059   19971   31838    9846   33052   13444    9273    9142   13359
   31751    5410    2046    2793   34274   34557     890   28458   11387   26719
   16481   35428     447   35127   18346   27130   15964   27622   13926    1288
   14351   32141    6136   26494   13176   33174   19819    5142   20356   19598
    9110   12517   29537   25643   10788   25580    5971   23702   18010   29230
   16979   29382   13975   12991   22636   29616   33150   36479    6132   11266
   16043   33941   17851   17471   25436   10343    2851   34618   18254   33376
    3313      89   18584   10569   19906   25372   30907    1639   14122   10134
   18684   24169    3570   31674   19420   30552   15637   35341   34920   13342
   17574   23732    1779   19501   16148   28435   20493   36359   31287   19094
   27592   31972   24220    9597   16036   23820    4132   27830   15918   19644
   31277   13778   34594    9327   20598    4854    2482   27407   14114    3046
   26085   19729   11083   32577   16704   15855   35851   34225    8790   23088
   22363   34522    9438    6815   18474   34136   34286   16634   35971   13017
    8748    6964   26317   23480   34664   12341   31659   30631   20873    9900
   14589   31598   33266   36998   17487   34901    8885    5684   33609   31915
   25576   19880     862   22458    9983   13471     527    3359   31923   16068
   19468   29428   24470    2664   21849   18378     724   22676   14710   36283
   33083   35369   16884   33548   26581    3266   29917   25471    3514    5314
   26071   29560   29596   35296    9277   22740   14639   33588   29925   31697
   14902   10953    7889   32569    8657   12604   27802   36251   28655   13673
   19724   12714    7566   29049    4942   32943   17024   36840    1253   16181
   31544   35171   30444   36300   13047   10646   20253   31432   16678   18460
   27336    9940    1849   15183   24303    9013   34894   15158   34353   18572
   28088    8717   17022    5155    5338   31580   32682   29252   36474   22165
   17413   16399   18155   22069   31489   16824    8469   22209   12640   25446
   31143    1277   15873   14074   29149   22772   31506   30478   18758   17946
   16539   29833   25640    6536   15534   24005   16172   30883   21478   28601
    3458   14011   17989   33182    1853   24753    1494   22355    4894   34389
   17039    5782   25548   32225    3806   22692    3506   21076   24823   26700
   28902   28828    6513   35032   30227   30679    8459    8747    7919   15567
   26209    9858   10628   19190   18166   20012    3661   19044    9325   35722
   11177   34717   16435    4572    8065   30437    3861    6001    6352    1828
   16889   24581    3568    2356   35477   30836   34513   20611   17736   18273
   13666   31545    8826   21615   30884   13618   19657    1790   21259    1114
   14289   16659   35303   10327    1635   22964   20470   32285   34800   34692
    8845   29152   15087    6121   31157   31559   22500   11608   17972   35955
   14749   10451   29770   19305   32465    9192    7730   15191   12191   18106
   13309    6018   31259   36062   10591   35691   20603    4069   35763   29989
   13200   32424   30182   27924   35373    3091   32054    1761    2508    3207
   26194   11082   30413    9742   12047   18508    4216   32436   26319    5987
   23244   14505    9070   28095   31570   33773   21772    8404   14151   20727
   18608   28839   30089   18389   30057    2803   13349    2492   29151   17085
   11182    1076   24024   12620    6553   24497   10929   29756   32201   26372
     220   12296   29881    4946    9356   11833    5094   36844    4394   21400
   31768   31625   36943   17610    5291   35269    3174   10352   11313   24615
   14178   26448   14018   30177   34012   28023   11027    8515   11340    7255
   12011   15146   24491   24504   32829   25390   23994   11558    3951   18786
   11432   25133    7642   27963   31946   11433   15133   19849   20876   29419
   27695   35956   17258    4556   17563   10523    5952   10671   19541   31365
    4214   17976    5328   23229   18408    3357   13219   10738   23710     703
   31671    7118     751   20283   27411   35549   23279   31176   21595   31663
   20057   16865    7694   34351    8500    4594   33270   30544    6573   28956
   33028   29115    2274    9808   33876   28204   26712    4160   13663   35055
   22716     292    7130   31183   31382   22015   15332   26451   25565   33363
   23126   18000   18295    4329    7936    6859     181   20236   31171    9197
   15580   32129   28650   21695    5026   20980    6944   11917   27266   25964
   10698   32839   19785   33424    6214    6888   36161   30709   27397   13387
   21088   15088   31020   35377   36541   26251   18877    1287   10221    7497
   25252   33164   31197   13954   22978   24546    3126    6131   26485   21204
   30053    7148    6336   12929   24548    5280    7684   28424   17157   17629
   15508    7222   36363   20649   35242   32295   14540   24861   14751   14795
    8691   17150    7948   17240    8703   27768    8058     547    9811   27571
   21250   34615    9868   10404   33951   23038    5826   26161   25658   10259
   16520   20287   28860    7917   24275   15277   29677     412   14572   36630
   26808   24671    6087   16407   23227     109    7109    3646    1871   19715
   34491   33698    4190   36399   21699   21641   32482   20838    7117   32823
   12173     297   29418   11594   31299   29878   14019   26514   32751   22109
   24114   11573   34561    1937   10869   29223   16789   16596    3736    6498
   18161    2371   20244   14440   31086   23603   14971   11331   31343    6666
   29522   26764    8257   31236   19404   28476   18826   18551   32023   17403
   36917   33915   24426    2351    4977    7282   17087    9159    6279    8755
   24047   26781    3408   16667    4870    8724   20674     889   12168   16621
   33173    6597    7101   26726    9396   19152   26153   10419    8043   23964
    9761   32464    7352   12513   20181   22095   25010   32677   22864   13984
    4024   18799   14352   17960    6474    3866    6871    4455    9312   35681
    8511   19882   27172   35347   35277   10909   28607    6480    2409    5605
   25368    5621   12181   36440   24652   20947    7157    7951   29621   28096
   17691   30828   32195   17465   17833   18610   14228    9405   19506   11107
   32455   23493     986   34377   10643    6862   34363    3291   30213   16957
   12743   36670   23110   32778   11029   35822   30169   20347    5016   25759
   19127   19510   14917   25439    6272   30223    7211   18670   16622   12253
   36185   11874   31327     947   25019   34856    4519    6060   24304   17242
   31250   27949   35300   33788    2317   15397   11751   29897    7013    3013
    6873   28245   34393    6215   21476   30528   19915   13123   33586   23530
   27767   14981    6345   13577   14870   12775   17254   26800   31071   12482
   11619   13409    1032   22287   36967   35683   15286    7383   23197   13999
    5786   26768    2541   14265   21953   28952   20124   12280    6615    7762
   12130   12490   14852   28286   29496   11735   10567    1548     921   32921
   17669   13285   12236   36971   22253   12102   17533   30958   17424   23182
   13081   26340   26247   23674   28151   18542   12613   11109   20847    1764
    6305   23929   15764   35513   36104   25886   22564   15647    5910   32079
   21817   27307   13942      22   34003   11401   10431    6435   15938    7404
   18740   34991   15973    4851    7569   19606   36106   31753   36770     664
   32164   32892   12644    4522   13025   22986     145    3100   11362    7071
   11096   23483   20068    6981   15274    8632   11634    7428   12645    4288
   29943   16468   26457   15452   14772   20252   25761   23521    6385   22998
   25739   23673   24102   18380   14581    9102   20075   23095   18918   36948
   21483   25831   11481   25244   25675   33200     836   20436   27303   29514
   36982   21020   28619     309   35879   11726   13326   36298     725   23225
   16112   12584   26801   21160   33960     129    4892   13346   28776     632
   35737   31593    6355   19334   33513   10722    6103   36724   11779   16984
   28229   32632    1094   28548   30487   21056   26626   27755   18598   16759
    2032    2494    5930   11390   22935   36280   14905   23099   20518   23451
    6767   22697   25854   28642    9654    5990    8583   27967   11729    1226
    9497   29267   29657   32243    1897   32548   34970   22311   17660   33366
   25906   14898    6210    2960    1318    4065   27641   19901    6819   21359
   28366    3449   23276   25323   10886    4442   16488   10734   27977   30607
     298   34535    8011    4858   32302   17033   27279   13873     791   18263
    4219   15056    1405   21412   34796   20824    6856   27100   31050   14810
   17715   32327   28762     554    3437     789   11546   23042    3237   10887
   21033   29137   33194   30519    1618    2553   35641   26881    5190    5615
    5322   11749   35156   18077    8985   15542    1311    3843   36999   31400
   16302   18505   11935   26674   10526    8706    2986   15737   21820   22051
   26709    6662   19386    8262    2860    1514   28805    1091   20898    8634
    9427   28148   23376   19484   23550   26500   33565   36014   21944   15196
   10080   23080   35850   10682    3342   17098    1802   22657   25283   34995
   23593   26198    7230   29939    4916   33959   33293   17148   36960    6030
   26422   33492   11512   19756   33431   13946   23633    9634   33188   35193
   21393   30020    1461   25572    5317   17052   11070   19524   27460   16941
   21548   28061   10969   20001    4782   28542   20742   30943   15740   28700
   14354   17211   17922   20327    5939    1910   14668   21928   34459   23405
   14915   14499   36843   11163   12683   22603   27764   27984   30941   15757
    9248    8153    8704   26713    8157   10379   18495   13178    6655    7524
   14110    6053    8758   21600   28778    8588   18475   11280   24408    6696
   26339   19317   35432   16938   23818   14380   32708   31775     656   18078
    2180   16183    9997   21194   23863    8669    8734   30112   29775   23574
    4581   17289   31658   17893   36434    2725    9621   17018   30298   36183
    5854   24718   23499   27050   10744   25360   26080   20350   14734   16509
    5060   18044   14664   17527   17286   20102   14117   12342   19988   33461
   13369    3724   28905    6278    3804    5919   18352   29510    3913   28388
   26751   35885    5318    6635   10895    9749   32316   15700   22909   25169
   26758   29431   19497   23647   34843    8775   14205   28547    4801   10900
   19336   26327   11237   32762   31347   36828   10670    1402   22754   16226
   27718    7019   32570   27529   14535   32980   10041   12005   18197    1756
   17056   29814   22703    8753   16513    4763   31739   15327   21331   36175
   36776   17144   32086   20993   27436    6983   14876    8807   24035   21628
   13298   27212   15103    6518   16105   36702   36209    5156   11173   11459
   30190    8814   35309   10553     584   17586   32382   14649   13032   10856
    4340    1557   29827    9611   11269   18057   28988   15544   27582   11986
     687    4579   21707   23749   16102    8088   31179   24870    5061   18737
   13530    1870   36489    7769   11750   24613   17264   29528    2755   28487
   11352     408   16207   23440   36362   23625   29001    2561   28537   15186
    7199   20741   32855   26277   14574   17409   36870    6948    2714    5046
   25207   19696   30641     764   23792   18709    2609   25309   16909    9269
   14797   25979   12697   22659   36244   34498   12360   32296   25889   18829
    1387   10304   13459   25383   26371   30242    4277   22238   18318   16903
   18953   22811    9521   32045   29983   21018   33142   19779   36796   11565
   32835   33541    3222   10284
