   17723   30206   17398   21338   23545     108   10819    7637   32899    5557
    2935   26850   34676   20305   17197    2726   13718   32863   15988   24494
    5586   28856   36678   13585    8350   19573   33603   25901    4172    4162
   18532   19808    7264    3614   12817   35823   18182    6570   17282   22337
   36663   23952     841    8448   26210   22743   24071   26784    9233   34385
   24087    9331   28945   18049   14583   14334   18769   21066   13874   32813
   16278   25346   31527   35801   20010    2643   34159     105   19593     560
    1765   16657    9503    2675   30014   11121    9827   20101   20299   26627
     480    5263   19552    4647   20076   33600    1794   26996   13636   25931
    9744   21395    3995   14063   24235   18307    4142   22313   10065   12258
   35183   26520   33858   12277   13677    9673   32224   27339   15076   14356
    2474   36647    1891    5735   30956    1038   35869    4552    8001     164
   33219   19360    3888   28677   34855   26681   18441   15384    3343   15698
    4361   12903   20400   35190   14138   29020   11063   15796    7581   13976
   25481   25187   27330   23515   27645   20120    2849   22477   25919    7861
   18926    8163      63   30005   23536   24307    5116   32694   20415    3788
   12324    2741   12488   29435     445    1222   14585   18686   12656   34704
   33762   30964   31313   17532   31249   16684    2031    5682   26426   19796
   29796   33882   22060   16868    9542   21740   25280   25409    9082    4453
    9328   29380   30474    7940   33996   32078   35919   18535    2542   36535
   21175   23334   24405   27819   21069   17831   20633   30132   10808   21128
    9642    4446   17044   14196     538   14069   36811   36051   23418     882
   30239   24163   12190   10389   21073   33399    8676     837     227   24265
   13831    8663   14307   35697   18434   27686   19227    1374   18745   11389
   34600    6753   18854   19513   33303   31931   24382   21491    2517    7009
   32654   19670    4661   32702   14075    6022    5667    7161    6600   30872
   11593     667   14880   12961   20083   29035   27086    7271    2497   20943
   27398    6532   31127   32001   20919   25645   13683   31344   21931   36523
   26033   16201   27466   15530   27379   29554   23975   28564   18383    7270
   35741   10439   17505   28520    6250   24460    6086   16563   10110   20969
    8192   15923     943   11694   21422   34283   32411    2104    2970   32346
   23956   29434   28322    5295    4601   10136    9377   16337    3199   17557
    3652    6126   36928    3641    6773    4607   21738   36180   23175   34268
    1685   13714    7692   36320   32914   20391   27479   11579   18027    6609
   26788   25236   14043   20792   27138   18093   19935     122   12500    3691
   23362   14894   25985    3798    3554   17034   23842   26048   21840   28049
   23846    9898    3858   22745    8997    9949   17259    5883   10530    4652
    7164    4269   30717    4212    1184   33701   30623   19350   30224   25298
    3178    9308   18754   20968   26217   22511   36671   17435   13073   27817
   34371   21178   25677   36480   11617    9344   32738   36565   13810   16908
   21847   23991    1236   16342   20635   14930   27717    6370   13493    1749
    4106   20413   14106    1286   36022     597    1436   25564    4632    7177
   15114   21780   31696   15838   21407   26003   19182   11252   35074   13870
   11408   27548   27049   33308    8965   10454   26548   32858    4391   26463
   14238   23890   27555   24620    9133   13925   32049   30824   17977   11084
   18435   25970   17181   19354   13806   24350   26192   31383   21544   10572
   11276    8683    3378   29402    5934   20984   21222    3180   36543   34579
    4041    9873   36571   15478   23329    4509   14095   20406   22874   24216
   19473    9196   32304   26962   36086    7815    3773   30700   20439    5468
   25719   14128   18348    9451   24530   16968   23782    9876   11094   14700
   11241    1329   32819   15825   18668    8134    4596   10421   24211   21903
    2700    2964     885   23108   14216    3400    6454   26273   35848   29180
    8450   14689   17938   32816    8771   11846   34145   16531   29054   11449
    1504   14112   23471   34502   27480   16380    3085   36012   25668   11407
   30572   21239   21860    4609    6892   25355   25570   15582   11355    3042
   24132   18768    3340   24490     682    2042   18145   27988   18812   32527
   18317   34356   22722    1496   22850   34816    5132   22128   17581   11452
   16493    7434     414   35807   13667   31075   23151   16694   11060   29038
    7378    7670    4061   22370   25800   18333    1118   30104   12009   36789
   32150   24157    3530   21079   32331   32427    5054   25864   14487   31749
   12182   17984   29937   30939   20510   19781   35863    7644   21378   18239
   20084   36742    9031   28772    5033   35075   26853   21209   16125    4311
   10381   36703   21943    5140    4847    6339    6820    2059    7748    3847
    4484   30853     621   26204    7673   32739   12068    7203     236    8529
    5844   13275   30024   26211    8346   24695   19711   22835   34824   28680
    8276   14103   13977    6335    8718     202   24657   11689   26461   23884
    7250    9398   35553   25644   26444   14761   34323    8727    9204    4967
     689   17971   25892   30795   19448   13139   35692    3115    1438   19987
    6527   34611   29748   31814   14695    8546    5757    1619   36279    3910
    7308   23145   18592   14257    2501    5617   28182   28478   35394   23978
    8370   16888   23774   27318    7390   34461   27722   33253    9315    7242
   19029    2370   24804    5985    6038   22013    1844   11650   16402   33608
   34628   20910     830   32563   25555    7760   35592   16873   31938   21785
    6469    9227   32353    1993   15868   34107   27491   19008   36093   26893
   29333    3708    6580   36355   15998   14542    7740    8591   13000   16017
   33678     315   15579   30473   30558   21764   20776   31757   30973   17311
   22276   25879     540    1042   12552   32153   27583   24362   11265   18319
   29141   16410   28711   29934   28426   11261   24179   11658    9353   10160
   34420   16206   12642   14991   20634   20196   16891    7247   12654     694
   19314   15689     392   21505    1935    9177   17902    8070    4225   36936
    7739   35297   34620    3333   10020    7263    6164    2790   20671   14263
   24065     381    6242    1403   35521   23223   21233   12611     279   13261
   19377   12066   30878    3238    3535   30264   20134   25485   16225    4869
   29824   17592   36230   33804      28    9137   35556   19241   33516   14837
   22277   15362   28374   29830   13508   35407    4955    3827   18540   18832
   35972   28129   30865    7947   34031   14667   14176   28121   30342    2856
   14737   31102    6599   21965    3286   24256    7099    1342   17404   33209
   26668   23567     974   24796   14432    8787   10737    1669   32414    9020
   34230   28985   29108   21741   25505    7994    3753    4352   21288   33258
   19494    3971   11020    6878   19946   20690   13106   23395   12477   16739
   22857    4204   27723   28861   17546   32474   29526   14056   32120   19230
    2167   25292   24768   25975   33569    8569    6401   30328    6887   22465
   35880   24951    4287    7108   21832     732    6519     370   35375   14284
    2368   30911   18571   23682   34933    9221   19903   25470   16361    1703
   34882   25520   13707    4618   11985    3324   28931   22089   17577   22503
   25442   30885   29286    2503   12169   12095    2821   15270   19470   35319
   29556    1733   22526   30781   29098    8160    9149    3173   17131   14604
    7621   30663    8726    7022    2535   12199   24402   12024    7125    9770
   34737   33994   28489   21451    4976   30899   25894    6751    9487   16286
   31254   36584    1148   25935   34115   22766   30829    2123   29979   13698
   27132    5138   33022    2928   14374   36806   36019    3528    7489    5089
    7545   15021    4474    4543   21803    4393   20703   10092   22261   28108
   19787   12392   23266   10935   10388   13283    1991   34752   19395   13785
     640    5206   15028   32979   23429   34744    9981   25848   13829     998
   27663   28947   32644   10855     653    8901   10252   28101   12658   23210
   12174   29790    3590   25925   18300     384   11493   25804   23911   12326
   18095   24026   17238   24425    4602   33445   25322   15802   23500    7403
   16442   18509   16215   34418   20495   18802   36374    6432    8075   15131
   16366    8208   15667   33187   11783   33016   24537   22472   34262    5897
   25462   20430    2708   27801   27804   12758   23582    6537   29139   12596
     238    5232   24843   27476   36762   34640   14221   10798    1555   11571
    3391   21967    1672    4274   34370   23119    9566    9893   30205    8970
   24150   14929    1428    5949   25278   26112   24474   31870   16379   16665
   25666   31444   24552   26923   29911   15002   25155    3139   33707   27500
   16117    5163    6268    1234   23121   16158     310   16270   23667    6701
   36038   22462   11192    7083   10833   35088   32499   24044    2106     564
   25363   22611   32504    5706    7580   14568    8025   15969   35458   33053
    2058   14025    3668   18846   14028   15785   29682   13791    1671     785
   36217   34188    1602   19209   13609   14853   34569   29461   20173    1646
   33267    7552   19148   21601    9287   21681   13221   25457   18978   35275
   30384   27989   14533    6777   35965   34034    7231    3715   30187   23470
   18186   22712   29627   17624    4371    3177   23959   23064    6935   30689
   27177   18893   17126   14651    9430   30930    6415   16671    7000   28874
   15268   12970    9092   28754   16378   13265    9346   30338   13430    1457
   19342   21206   15361   20596    5027   13547   22016   36269   24784    3261
   35540   30592   24398   14164   34078   19006    5824    6647   29711   26346
   30400    4016   33689   32032   23747   32177    8166   36517    5940   35729
   16098   27219   28091   29745   15624    8102   17415   28392   22945    8606
   11713    7622   13856   33740   36246   24097    8579   32753   33417   34395
   14621   21728   30582     426    1805   24359   16066   10091   21307   36460
   30313   14001    8709   11289   35102   27047    8320     293   12371   25438
    8087    4506    6470   31730   24276   32827   36197   35011    8289   10889
   29011   19550   15980    5277   28660   24239   26146   36711    2283   19296
   19256   30979   14395   15457   19600   16761   32471    4327   13159    4119
   33508   13662    9442    3352   31272   27593   28858    8471   19487   10117
   10951   20737   18828   27482   32929   27513   17659    2088   12242    1626
    2405   33760   23158    6530   10021   36448   36519   34288    5145    9636
   24664   10791   21651   27103   11681   36156   18277    7657   36386    1567
   14613   32034   30622   16900   13288   24858    9564   15486   12271   19924
   31251   16070   32815   18420   18252   30249   35333   22927   16231   17814
    3807    6159   35809    7123   30855   18470   15679   16677   33937   15214
    6891   31092   20215   14296    1681   25768   27714   34564   33567    6212
    9158   23557    8766   14031    4568    5867   16449    7587   11675   33909
   33450   14367   31957   24271    8874    2676   29053   15480   15260   30787
   11441   23221   33988    3031   16782    4965   13838   36830   14067    3327
   23508   22216   16911   34358   25774    2991   15120   29163   25214   10391
   17287   13596   26132   11288    3175   34650   15694   32273    6698   13919
   21072   28719   25074   24799    4550   32360     409   30502   13781   29709
   16898    6697   28215    1351   15653    7668   26769   33648   28549   26486
   16670   12034    7734   23275   29620   14278   26632   27742    2648   31494
   31380   20667   26407   33273   36953    6824   22883   22163   24302    7722
   30215   15330   23478   27514   14856    5152   31892   16069   11806    2378
   18364   19406    9462   19102   16720   27978   19827   18126    3782   28768
   13842   11737     954   30645   35828   26809   20309   22489   33604   31732
   29466   16870   23803    8053   11673   34447    2206   28336    5058   30742
   11242   17838   26206   35119   32180   33968   15233   35122   14007    1299
   12111      66   28032   34313   28415     853    8799   19535     134   17091
    5285    4100   30469    6516   17843    8171    8620   31982    9668   12881
   29780   14488    3946   19775   26951     443   24461   21884   27124   17613
   27822    6390    7540   19710   36496    9888   12837    7488    9934   35356
    3397   15349   23665    6170   32374   35167    9464   12072    9657    7037
   17762    6217    4887   20480    6368   22495   22896   26303   30428   10071
   33309    6528    7216   26502   11257    8382   30197    1594   32291   33572
   14387   18619    3536    9751   13764   17167   26419   13180    4273   23904
   21184    7353    6619   26667    2705   33505   29485    3999    9825   23830
   34756   13664   29241   29416     115    6631   24414    2669   24267   26367
    1495   27525   18336   32196     132     413   21003   21731   34831   23716
   25075    3531   30261    3215   15333   10535   12973   21790   23448   35495
   12815   27216   14978    6524    7330    8907     866    7665   10918    5457
   10426   19109   10502   20934   20054    1522   23775    6222    1933   24622
   32726   25728   19045   20581   11544   35732   14800   36650   34791   31266
    1709   32238   13379   20036   27629   27903   11906   17688   22114   22992
   19460   12692    1851    8283   17741   20617    7010     701   15494   36876
    1559   26892   35665   28362   24916   31200   31966    1255    8118   31848
   31423   33244    9953    7828   20999   11055   26043   33931   14820   22583
   27552   31884   28975   20870   10060   18531   10687   15027   24923    2612
   23068    5954   28368   36582   30439   16263   13906   33724    1771   10216
   25859    6180   32420   17868   22450    9457    6866   18729   35579   21296
   15970   34601   36047   30838   36608   29776   32056   23230   32119   27071
   27110    1105   32284    5162   20090    3702   12057   20960    9481   11305
   22714    6821   20279    1846   33474    6676   29976    5766   25771   33428
   26878   11249     662   35168    3187   17978   36179   20843   20020   32999
   27503   34125   19450    8379   29605    9690   31390   32039   35984   13249
   10254    2883   17789   30642   26689    3503   18548   23933     688    9831
   23924    3281   11570   19748   35934   12886    5775   28014    9833    4186
    6682   28135   14811   30351   14821   15902   32107    5114   13601    7716
   35421   28525   12139   25713   34277     904   28568   18468   33681    9960
    3678   18521   30266   28047   14485   13657   15305   20256   34000   24195
   34981    9215   35264   27697   32334    7486     786   10289   17763   27841
    7280    7480   35020    8815   28143   11190   35845   35087    4445   19343
   27332   10209   21211   23772   14733   22635   28356   15145    5584   34754
   17700   21142    5600   22050    5004    5683   21263   28587   15118   16257
    3474   33881   25665   18169   34729   17331   13368   25654   14245   19953
   24886   35872   15894   16757   35266    4779    7289   10745    1195     741
    3749    3230    9393    8223   36340   20376   10769    3738   29633    5074
   17448   15948    9769    4680   12259   33228    2540   17107   33437   13711
   21022   29251    4756   22104   20352   15257   32844   19089   16370   25061
   13258   23598   13851   26286   12544   27319   16149   31011    2507    3868
   16465    4566   22862    5816   24305   22622   33432   16768   34307   35590
   32678   31881     702    8256   31166   19575    1123   33335   11292   15536
    7953   32157      55    8506   19761   27818   28202    2388    5392    2776
   23800    9418   32950   14015   30521   22382   26856   35674   23249    7464
   22395   15901   20628    6069   30491     868   32188   10795    8600   35291
   24745   17062   36594   33192   36696   32332   34799   14218   26129    8530
    6973   35027    2055   11922   29285   12077   25045   22627    4745   29536
   32821    1645    3053   31729    9400   21190   23159   32172   11052   32405
   11439   24143   27365   23736   36740   14678    9973   30657    5680   18936
   10862    3285    8828   35753   13665      77   25154   17889   20261    3735
   24093   11977   13805     121   26708   16754   22999   26308   32536   11376
   25400   20186   14346    7950   23306   29138   23514    8331    7217   36907
    3945   15862   36774   30216   27727   23907   30543   23831   30186   32714
   23023   21691   18264   19662   28343   34116     405   27096   30685    3699
   25740   10085    5198    8062   24482   29238    9593   29075   29000   11375
   30133    7102   16319   22562   30601    8904   20219   23889    3694   33700
   15210   16680   11707   30358   25366    8621     625    6397   12561   36263
   11164    9714   15832    8439    6867   16368   17493   25079   29563   26483
   28445   30411   17603   18766    6863    2826   22547   17164   26603   16168
   21277   20471    4303    1165   35145    3250   34287   26900   16082   30153
   21087   22605    5988   36466    3040   35941   29944    4388   31007    8351
   17121   14691    4476   30724    4931   19997    6534    9649   23360    5734
   11649   20018    5959   19322   32597    9629    5794   26791   19676   10195
   10796    4038   29857    8862    3416   11117   13569   28444   31136     401
   26765   13305   17803   19496   21274   18656   18632   13559   13600   34285
   23006    3271    2521   30522   12395   11653   22129   31520    2783    7411
    3272   17083   31721    8823   32713   28825   14567   18148   13721   17196
    4365    5921   12456    4833    6023   35263    8098   25157   16339   22931
   23214   24928   19338   29680    6840   15707   33865   21670   18976   19199
    6308   26551   12648    2763    9208    8525    5182   13758    3326   21760
   22928    9530   31496    3752   27475   33823   12116    2791   19855   27477
   17968   10293    5118    6692   18413   19939   34103    7781   12361   30765
     114   10529    3630    9083   29782   34976   31135    6100    1360   25909
   34086   15936   22068   10037    4322   17551    9265   19896   27373   11523
   27901   27208   24455   17573   29425   21675   24176   35108   16035   15541
   34006    1511   11971   35051   15500    1302   21007   14454   20893   22817
   20966    8398    3878    2551     608   29073   19444   20722   25242    3214
   26260   16954    3790   24370    5106   13616   33981   29928   16770   30778
    6545    8638   34280   35327    6452   24851   23977   28569   10246    5999
    7212    6514   15243    8622   15312   31664   25105   18409   22332   20136
   24039   12585   36212   29570   25869   28625    5161   32454   21148   15601
    6227   23879    7537   10810   12531   21232   13138   17779    1245   36218
   13989   33896    2293    3793   33262    5781   32149    9586   20882   24953
   16028   23807     355   28259   25100    9970    6223   11318   29263   32567
   26181   17925    8135   31112   25527   34530   31150   10695   25575   17674
    1621   10412    9429   28272   17499   27325    5431   30007    8298    2832
   18247   21322   22975   31498   20015   17367   16142    2631   24593   26343
    2981    8156   14003   32341   18459   15907   35245   13202    6290    4757
   22971   25611    9015    2914    9010   13675   28832   35433   22522   34205
   12627   35907   36307   15313   12184   23957   22064    4107    9631   22977
    7372    8006   27888   23454   17360   13817   18122   32906   28265   34250
   10749    2504   25012   32286    6941    5753   22275   33062   32994   31431
    1047   17528   10274   35887   32176   13076   13363   35904   28189   17291
   26368    4886   35867   24882    9417   35757   31481   32509     707   28480
    8662   15018     504   33737    5874   35053   26118   26964   27911   34577
    9139   18614    6874   28506   33145   25883   32626   12816   19206   20277
   36041     417    1419   10347   28757     446   35682    9367   35480   28604
   14523    7153   30774   11676   14755   22797   17132   24743   28634    7080
    8925    2013   12878   18192   27626    4520   10764   31790    6864   12882
   32434    2110   22044   31504   10010   25540   24779    8897   27939   34216
   14315     730   15408   28557   14459   17444   19954     247    8248    2063
   14500    4746   10443   34433   29961    2407    5530   17224   16099   28840
    1778   32820   19986    2197   27726    3280   31352   35213    7995    9700
   12549   33863    2115   29511   17962   25581    3492    4772   17299   11853
   28013   33933    3758   30147   26005    9501   28404    6704   35116   30513
   32938    5673    4257   20548   18871   16423     565   19984   11586    1512
   34687    8037   10683    1040   24987   34927   18373   16606   11299   16023
   26139    7376   32904    9119   18372    6190    6475   23720   29630   34985
   19888    6781   21447   31640   20858   32239    2645   22257    8772    4960
   34228   23944   15477   34721   18213    2684   28892   29024    9036   27314
    3603   16356   21115    3183    4971   16065    2473   31070   22286   28641
   32329   24428   15922    4127   23652    7795    4433   32232    2279   32076
   34630   11522   22036   28159   24381   10990   33326   18120   21727    1525
   13890   20593   15142   27309   30940   32588    6384      59     462   13670
   30240   34445   33439   21888    1661   24789   27753   31429    8777   19788
   15866    6938   35207   32312   18271   17184   32837   11992   21283    6607
   19913    1705   20569    2899   14283    9531   32928   27009    2513   20003
    8240   33076    7572   33285   20456   11632   26397    6790    7557   11391
   32780   15447   20853   27825   12617   31903   18966   11588   34114   13824
   34194   15253   18419   34826   28777    6740   24028   28461   28595   27749
   15159   34941   14501    5218   24644   17096   28979   25917   25174    7300
   31900    8635   16313   16549   13080   11167   23449    9100   22884    2064
    4266   28477   23586   26839    2330   11317    9640   31421   28053   21264
   35314   23642   14256   29355    9058    2155   27891    8453    7650   34222
   23584   21238   24574    5316   27760   18713   10941   25125    1349   29805
   24167   15972   25009   29828   35052   34812   11071   24019   17043   28646
   32091    2043    3371   10870   23289   21941   23078    4940   11530   36558
   20836   35593   28432   13163    4325    8956   19803   36700   19509   27992
   35490     925   11110   32982    7575   36793   24531   34828     325   30532
   23941    4350   34484   33995    4987   14237   21475   18801   20459   13526
   26377   24824   34472   14783   30479   22046   12641   14427   29243   25845
   21987   25306   30646    2430   15965    6089   10250   31419   34504    3829
   26862   11849   32288    4617   13214   11695   17596   36337   33679   10306
   20229   32690    9186   26380   32412   22847     946   35514    5694   35004
    5688    5845    4314   17306      92   30982   25629   12123   25492   15051
   32264   15061   30799   36111    4928   26610   13898   10225   10064    3867
    5022   15851   12450   25218   36768   17861    3372   13488   31530   36921
   21754   23657   34253     931    9016    9735   24172   10719   31646   22972
   21024   19195   20466   12192   25090   10336   19126    8335   35866   10840
   25660    8463   17639     525   17370    4606   15012    4148   31661   11518
   25586   26092   22193   29187   22671    5582   36554   25751   23007   21388
   12824   29120     952    7501    4829   14158   24647   10135   11881   19609
    1961   10714   15812   36824   34033   18101   34713    9295   17130   24342
    7276   20032    9658    4475    9335   21023   26398   20640   34170   15302
    2653   20473   11639   16244   34051   29622    1687   23243   28921   19517
    6937   32887   25261    7651   21549    7293   26487    3060    3079   11772
   19283   12525    8666   11762   19632   10506   33460     482   31925   16291
   32456   36110   14116   16395   21460   32280     190    5837    2971    2638
   11328   26728    6353    6051   28714    1814   22123   13284   36094   34181
   24288    1680   15225    4845   24088    5865   25732   24901   19557    6646
   12075   11549   22325     718   33191   29058   19957   28773    5695   22784
   22921   21913   12582   18017   34028    1508   19482    8585   12159    2127
    9108   24611   10688   27526    9478   15890   25130   30615   20834   32401
   31780   14869    7053    6197   21569   14650    2930   19835   31761    9366
    1068   20500   19881   24309     578    9333    9319   18588    3486   33237
     953   19690   11947   14719    8996   27983   21318    6442    7878   32554
    4349   36080   16298    5473   36885   27369    1057    6664    8719   34853
   27179   25760    1816   14146     876   11393   29965   16858    1640    2865
    1710   31788   15928   35948   12396   30466   28831   27806    6663    3990
   32807   16309   15130   14406   27778   30235   28114    4705   24956   26818
   12109   10661    8381   35058   18526    7966   17726    6066   11118   23367
   25430   11938   24358   10787   14587   19897   28738   24471   32219   22689
   27603   18915   28468   35621   26347    3154    6163    3714   12180   14942
   11250   29767   24034   36131   23343   24440   19974    6565   20554   32760
   26852   32367   15492   14090   18104   13895   26172    2189   21639    9945
   11188    7259   22067   15441   33430   33991     999   31237   35978   35782
   13597   12609   19736   30743   25861    7521   33137   19461   29512   20154
   21119   19439   17798    9278     657   26915   15779   29645   33741   27413
   34368   27225   20411    9954    5539   27287   13911   10843   15548   34011
    9150   32814   26775   35271   11797   14637    4023   20906   24696   33214
   28561   34780   35701   34701   35305   30229   29273   27897   33683    1587
    6082   22966   30199   11666   24452   23573   31261    7571   15323   33073
   18570    2979   17040   33658   22074     163   30950    6700   24918   21964
   20539   20303   32655    4518   34127    1297    9230    6134   23302   13029
   30798   27865   27167   22546   28833   35351   30718    4102    1121    3294
    4205   11334   24128   16743   33521   20930   29340   31377   25241   22968
   14032   26965   34065    4333   24219   24941     359    9056   16076   25948
   15701   11472   22996    7782   31338    2469    3339    6618     120   30668
    1008   33727   23290   13203   23853    3121    7422   24002   36780    2900
   33799   11576   15733    6738   25574   27674    9167   34175   23341   32442
   26333   30820    6025    1108   25142   32348    3067   24860    3377    2506
   10625   28873    2692     995   20110   24112   11591   36312   20900   12737
   18498   23672   21426   25304   21997   31999   14951     512   36783    1932
   23770      17   36738   35673   29996    9548   36271   28790     748   15454
   12953   18630   26414   32585   30814   16652   15845   13958   35966   12590
   29258   15675   32205    4703   23654   12572   24241   26653   25620    8413
   24588    5090   13295   13413   31424   10669   10556   11312   26943   26793
    5021   32800    7934    4633   19292   15455    3328   28804   13072   31417
   20859    8860    6677    8640   21557   23656   20022   12938   13771   24015
   15353   19455   11383   15373   36618   24907   17651   13860    6913   34441
   34808    5529   36108   15367   24993   25384   30304   26606   12032   20455
    5866   23606   33537   13841   28611    1994   13586   28523   33540   20284
   36574   20314    2306   13015   15278    4876    5869   28884   32755   29583
   33012   20210    4226    1995    4660    2693    8009    9018   24386    9783
    1603   26882   35843   11932   19067    7736   17476   18113   30409   23658
   31022   11153   22898   14614   14746    3755   13928   26018   11871   36720
   27996     651   20359    1625   24663   28012   10127   16047   36813   21114
    4405   36025   30416   27666    4640   29160   27255    8957   35875    7612
   36145     493   36852   22947   28379    4979   21014   15616   29594   12435
   15176   17421    7654   15692   26126   18268   16673    4891    3976   17307
   17336   24723   20043   32365   34471   17947   15379   10875    5401   13486
   35817    3511    6722   17870    3567   24008   25612   33662   29343   19465
    2819   16411   13019   26446   19196   16312   21674    4780   25312   17124
   26226   21779   35859   12884    5393     752   27849   34910   11019   13113
   32959    3198    8930   26063    8725   25852   36901   28390   28241    3072
   29750    5417   22956   24068   36295   33733    7883   10823   16714   36856
   23154   29744    9777   34886   35234   12065   30322   33758   30403   20128
    1563    5323   20860   10689    6994    2995    7634    5453   19947   15591
   22226   15399   13079   33946   19344     520    4370   21212   27900    9932
   18039    2798    9303    8127   27485   11502    7672   17228   10955     499
   29025    4695   36978   31149   19951   12115   17160    1595    9188   19645
   30992   22696   32319   24319   22706   18564   23960   21688   25613   19075
   10527   28384   30486    2962    9784   28446   22672   28479   29420   31290
    7965   13460   23428    3450   31821   18797   17252   27362   18823   29947
    4874   12807    2976   20332   11421    2213   21660    3190   20448   17979
     902   15943   31827     772   16408   16661   27799   24135   34123   20935
    9341    9815     240   13580    7891   25538   35230   19539   33928   19023
   29571   34147   11030   36612   12818    7337   17175   24760     767   34898
    1334   25156   10444   12868   20254   36605    6110   32575   11660     807
    4593   28556   28730    9032    3425   23262   32614   19490   16426    4792
    5820   33101   34806   34009    3124   14209   32391   30102   15993   20508
   31687   24174   32857     878   16134   18431    3925   32949    1952   31069
   19017   32843   18405    6956   20386   28963   28380    9342   12838    1679
   36133    7075   20031   25801   10056    8597     304   31211    7777   35120
   20516   31371   31319    8731   20764    2487   17637   15977   34122   29198
   21488   29705   10778   21443   25460   15629   17426   10678   25667   12766
   13218   24866   26073    1333   17073   23741   32347   32707   35617   17480
   20447   25222   27953    7136   27067   27346     743    3727    6309   10372
   21285   25865   36293   12378    8922   16528   23900   19110    3745   32672
   30226   35912   18033   23439   27250    1084    7857    7210   20409    5624
     907    3635   15728   36721    5720   30609   17208   11468   18085    9910
    7924   26710    4547   31961    4658   25896   25269   27429   32544   11610
   28608   15654   28744    2051   30563   26956    8550   22461   29856   20768
    7535   10196   19944   34071    7273    1924   13634    6535   20313   24989
   23300    1134   17200   19698   21334   21371   16798    7714   34282   30751
   17538   19700    5032   33280   33664     349    9125    7732    7207    9865
    5531   35731    2374   19319   19422   25015    8664   35487   19247   28287
    3112    1156    8374   31088   28455   17129   12495   12162   20222   21919
   23432   27834    2347   15631   18527    3972   23219    1921    4585   23517
    9175   18971    1246    3845    9436   17733   31190    7503   31093   22336
   33613   34722     735   12349   19095   24831    7530   27496    4250   35153
    7600    2264    6746   27384   27731    8497    5676   31231   16334   15640
   32609   16094   18310   12736   21816   25890    2782    4921   14900   32254
   23689   36637   13554     167   31418    1177   21298    6074   21067   17536
   36552   24635   19054   31888    8570   34846   16021     820   26968   17817
   15148   31138    8200   11807   25392   22951   32517   22048     463    4507
   16880   27021   26025   34918   22105   31295    3870    2834   11364   16204
   31537   30937   13192   23572   23931   17594   12509   23246    1066   19430
    6146    9976   35143     260   29997   30485   21096     432   20759   35679
   33944    6669   36268    7399   29074   17750    5036   28273   15626   28347
    6770   25027   32378   12409    8711   19809   19692   34823   25310   21107
   29674   36588   28134   35860   24930   29499   12172   11008   17110   30016
   29888   10597   26519   20695   13865   19290   16283   35561   29204   33284
   12755   26437   18677    4275    3780   13635   31046   11808   12618   29318
   22815   10099    5449   26140   30621   18834    3974   28878   20494    8267
   13880    8042    6115   10804    2395   28222   32794   33749   22283   26004
   36129   10831    1565    3968   27184   36562   10623    4117   23866   29093
   36200   17380   13059    9903   22542   28696   36635    2114   30115    9942
   16646    6800   23751    1713   17377   33923   10725   22347    9217    2148
   15527    7547   10543   12664   28752   21716    6462   36675   12427   18279
   17070   22717    5422   14863      13   12295   29698   26268   19547   23060
   18128   34864   30056   32203   30402    4754    7952    1956   16311   29759
   20672   13948   26867   27962   32913   14282      96   35779   15064   31223
   24715   27022   23149   15587    9130    6093   17496   18211    2387    8575
   28610   15986   29367   17026   24692   36084   33942   35798    4997    7011
   33107    2923   13742   28227   22171   28899   24345   27288   29072    1020
   31706    9570   35414   11420   12643    7726   27724   10913    4398   28933
    5212   12125   22809    5736   14814   22091   14291   32803   35504     616
   16776   32808   19143    4495   13747    9160   31836   21297   33324    4573
   22342   15072   19402   24924   27390   22591   34321   22688   25585    7751
   32666   26845   35365   17953    8867     395   25451   33128   24765   23949
   36610   11790   32942   21767    6388    4110    6969    8079   14195   35812
   28344    1963    2982   35196   24187   12366    4097    7627   12160   17344
   19060   24607    9199   25319    1835    5264    5248    4635   18127   28698
     400   29874   18114   10960   21896     402   21321    6957   34948   27605
   27147   12602   27121   21927    4199   11204    9381   21775    8059    1340
   22879   28062   15562    9041   30520    7029   24279   14817    8789   11474
   10978   33969   15297   10022   21168   29676   33129   15658   34634   23942
   32093    4516   21625   12284   10888   13551   34567    6660   25287    2887
   25031   32782   32933   13158   36124   29577   24481   25815   25206   13443
    5885   33380    6561   20997    4153    6831     747   29792   34942   18502
   11496    2289   27340   10899   27659   21532   21502   28231     448   26293
   27636   33797    9354    3642   22556   29566   24300   32997    9003   27267
   30722     604   10604   13355   33328   20537    3164   19394   27537    1205
   24741   23030    3984   11445    2134   31399   27570   19886    8017   30062
    1653   16866    9136   20694   10081   32154    8883   15409    2724   34373
   33813   23207   23409   30471   11002   19032   36420   20342    8226    9372
   36825   21714    7513   29611   14203    6764   18894   13256   33479   10901
   23616   27956    3129   16086   33980    2934    3347    5469    7158   29945
   33000   13001   25108   29762   36659   20854    6106   13376   27504   18537
   24421    3841    6205   33068   28009   10740   24759    4486    4372    4021
   36606   33329   19019   33199   23589    7967   22160     498   26814    4672
   15160   25504   23002   13808   13415   30647   36790   29085   27073   18687
    7055   18862    7803   25908   20375   24935   16009   35686   17209   13377
   16599   23939   32231   30352   29184     332   27617    1773   23286   11816
    1902   26135   25932    9765   32363   33033   26735    3759    3461   21672
   14174   20491     221   20034   35446   35290   30309   23841     951    5067
   14230   30037   14965   19630   28628   21635    9720    3769    1316   22559
   13140   10445    7759      82    2365   12589    4673   32113    1570   15911
   27860   29308   30284   25035    5381    2549    6739   23144   15900   26375
   32947   23045   16018   27198    5217   27456   20388    1852      51   26189
    5524   23049   17771    8667   28630   23600   21975   10467    9864   26245
   28593   21251    5691   32981   15994   23146   29240   23465   26244   25636
     783    3273   30545    7393   21658     268    8049    9236   18600   26408
   29717   29952   35862   13701   21352     864    1899   35408   23737   20771
   33186   23805   30150    5545   28314   30523   21057   30719   27779   34820
    7380   14605    1938   30788    8493   11942   28262    6283    5084   23281
   19561   25484   10679   23433   26105   26694   32961    5493   23935   18235
   31609   21894     726   36773   32939    4980   12735   31552   21948   23754
   26046   19324   33842   13023    4230    2773    5904   30616    1214    3321
   14963   31358   31905   18773   30784    3306   33623   18084    8534   17617
    3297    8895   25983   18889   17823   24214   22682   18836   35990   29415
   26393    6466   18637   13516   18698   24347   31227   21732   19214   17809
   28906   35797   36191   36261   25497   36677   18132    5307   26916   20974
    6318   14232   33966   10599   22138    7590   17954      29   33343   30148
   18757   10398   17391   16469   23529    3346   25342   21301   16463     923
   27584    4884    9894    9754   24395    1375   26294   27042    1336   27263
   26599    1627   11527   27249   15496   29497   29974   11648   11115   36963
    4875   34256   35821   30067   24500   22120   35240   16924   35176   31111
   29639   12698   36613   30949    7067   24072   11170   21364   11611   32501
    5287    9361   25725   16871    6980    9994   23076   19308    1328   31576
   19735   24833    1293   12794    7186   32029   31666   36710   26382    1384
   25693   13345   16978   17428   24871   14683   26467   29344    8850   33686
   35298   30675    8347   31061    3284   34131   20763      31   21503    6274
   36578    6531   17097   10232   33215   28371   19128    3488   17950    7802
   27474   16056   27487   10767   32406   28785    8198   12764   14617   21339
    3443   24001    2118   26790   11745    1845   34551    9624   11413    9306
   30432   16438   13881   32289   17841   11458   19269   12717   20831   20731
   17158   35727    3206   21853   11609   17865   12420    7695   18530   19270
   12413    7880     245   27907   12823   16194   25903   13833    1215    2163
   27444   22934    8934   15919   26042   20840    6258   20166   19265   24638
   14047    1409    1237    1258   36771   30325   28742   29310   12220   30327
    2683    5419    3820   23539    7954   32646   23374   14805   28746   25810
   16590   12306   19542    7213    4655   35392   28869   29029     204    2847
   16390    4762    8061   19769   20197   19028   32833   32541   29595   11114
    5733    9912   27234   13454   24586   26107   20698   35714     769   29601
   25897   17985   22368   23245   10192   15341   26023   16499   18457   23456
   31837   22371   32907    6471   29772   26044   36082    3003   25884    8746
   28780   29392    7266    3451   34519    5184   25365   13656   10283   28624
    1656   22034   12012   13513   10686    1695    1278   32620   13330   27678
    5366    2770   19223   15322   22289   33847   33704   13003    7163   32230
   22235   32278   34113   18440   21845    9232   26056   29919   12856   26860
    3417   20507   27748   33816    8596   27043   15112    1325   14072   25111
    7525   26910   17332      43   34419   29396   32560   36416   31125    6987
   25064   19891   11158     906   19154   33210   20686   22629   16088   21762
   12952    2766   26618    3556   28612   25600   35804   33647   36064   11302
   18088    3725    6199   19072   34336   21956   25084   13867   10154   30475
    9937   27870   12327   10586   36604   14744    1192    6013    5063    9771
   21709   16575   32515    6216     301   15979    2308   20058    5048   15846
   33529   17725   15746   32919   31193   34950    4003    4575   21130   18888
   36068   16025   23217   17871   14759   21796   10922   23675   20739   24570
   15046   27787   14757   33206   29386   12832    7579   11013   35687   14831
   13404   25750   34231   16654   28897   10182   14213   24838   22373   30450
    8767    6853   16034    3595   10757    8576   26415   34516    8308   27890
   25811   10370    1055     211   29681   25402   34724   20408    5528   10993
   29201   31108     489    4055   21874    5109   26864   10018   36800   13507
   33484   33932   23870   23261   11656   16224    9818    9144   11145   18446
   27206    5474    2775   23864   16382   36577   15093   12825   14394    1031
   31995    3830   33716    1652   33922   35595    7683   27126   33927    7060
    6293   34186   13031   16952   30270    5259   19253    2559   32030   36435
   11583   15954   16953   33367   18988   21281   28348   15255   32423   35244
   26017   28794   19026   22389    7092    6584   20618    3917   15617   11451
    3998   22154   29990   13997   33998   28657   31622   25192    7882    8745
   33511   27551   20830   12266   35184   13823    8773   28855    1065   12425
    6949    1884    2075   22025   26937   36265   13533   11798   35142   16139
   32874   29668   13815   28042     474   26903    5588    6500   26021   34908
    5659   26929   31460   22839   30078   24565    5644    5398   30750     258
     410   29031   22200    4685    8853    3160   12523      91   12827    8992
   26230   33043   23446    6495    4750    3579    5953   25748    4299   27922
   33835   34383   35498    6464    4834   11372   26701   31829   30637   22507
   12323   22701   11404   30489   12631   26755    1323    9713   27628   32270
    9541   21324    9368   10411     378   16470   15157   16921   13354   16373
   17041   14197    9084    2481   35097   18965   30156   14426   36511   20316
   22082   35625   17389     887   16651   10078    5979    4927   25461   31217
   13660   15499   17703   22995   10302    4135   16238   16972   32431   28065
   35994   18407   31568   14792   15473   19176   34859   28186    3228   28575
   13383    7761   15152   15226   14911     500   34221    9590    5254   11952
   36490   13126    4185   12899   11787   25113   34075   36726    3602    8601
   20719    1632    4443   24261   28309   25175     234   28386   19763   24891
   15185     985   24980   32742   24967   12616     577   28555    4077   11818
   19313   36910   30361   10268   34944   35829   31965   13822    5337   23487
    9872   14774   18050    9878   14119   36991   14403    7582   33364   34731
   31141   14243    2200    2253   35680   31442   26798   15228   12058    7906
   24761   10594   11548   30011    4247   27928   11213    4771   17437    3438
    9684   18574   31786    3052   23696   33433    3658   30080    1499    7366
   11022   31505   25685   20441   26352   28847   16188   13944   35788   27063
   10639   17109   33887   15461    5803   32674   28130   22381   30000    8520
   21327   34766   10932   32540   32956   31970   30733   36992   17325   36323
   23759   29059   14913   29994   22967   24320   20027   22988   35623    5177
   36652   14101   29722   27449   23378   16173   33413   27352   17682   31008
    1146   33778   36371   15168   32595   28019   11124   14378   17188   15099
   31723   11062   28966   24483    2295   31130    4232   14092   24032   17010
   32321   25991    3267   14241   25320   13338   19591   36609    6505    4059
    8977   27918     793     634    2854   23877   19749   11685    8362   35355
   23676    7219   28685   30576   31607   18545   32679   20812   10141   36063
   10108   25762   30697   30981   27839   31689   15392    3733   17582    4706
   26452   23794   22022    1129   15664   14450   28495    9820   10997    4788
   17350   16091    2592   30984   28723    4837    2355   24964   36495   18190
   36463   22705   11547   12044    8819    2074   32256   32085     773   31769
   26058   25213   18528   31777   26028   15378   32817   19936     137   31590
   21864   20845     283    4031    6065   13509    2893   34278    3454   16429
   14536   31681    4641    6803   30069    9918   28992    7395   12503   36566
   29625   17873    6253   10560   22473   25454   13135   26985   17430   14252
   33803   34427    1317   34015   31774    6509   16266    4188   26522   23840
   16331   18210    1240    3374    1060   19321     150   24573     356    9550
   34139   22008   13556   27533    2707   20994   16107    2698   26160   18563
    9414   31879   11363   14926   14615   30201    9646    5115   23878    9318
   32730    5715   26561    2339   24067   27848    1063   26766    2852   21208
   24269     690   26159   20754    1434   22943   35225    2929   26490    2939
    6616   14201   14217    9794   29297    9603   25408   14033   34805   21742
   34442    4353   11379   30154   18359   12379   28330    1668   36083   24411
   10177    2677   20967    7638   12532    5554   31490   33975   26014    6872
    3217   28331    6788    3956    7645   20627   17466   12547   33635   27019
    3597   17267    3581   32635   28509   18073   34401   27025   10921   33311
   13392    7705    5235    5976   26218   36304   25916   35716   35582   30566
   27846   35983   11967   10712   11191   35643    1951    7912   31727    7607
     633   14359    3768   17526   12600    1474   17849   18504   25900   22599
   32386   28090    8094   34580   13952   28779    7357   17957    8680   13401
   36437   18374   10784   26589   36549    6608   10809   22344   14300   31281
     551   29793     351   34150   29320   18759   31328    3021   25929    3415
   29272   15090   21873   13301    2250    7288   36533   31683   12428   26955
   14206   12701    7635    9877    5962   17754   10279   24336   33696   35475
   17615   33986   31746   25248    8145   20202   35215   28303   23105   34742
   30094    4920   17005   12297   21668   25037   16362    9375   26323   20922
   20909    6974   29275    9060   12224   30739   11230    3420   12310   31976
   19514   10311    4413   18603   24945    9797    9557    3466    5418   30417
    2949   25838    7606   34945   31971   24377   16197   34177   31845   24270
   13351   13828   32064   34325   36725   24234   27304   22274   12299   31351
    7937    5357   26332   25417   28845   23839   35454    4953   24832   24058
   10118   28318   13433    7208   15017   32854   33407   33495   34583    4840
   16160   11315   22844   11526    3849   20328   27428    5569   21827   28879
    7341   28843      94   25102   33956     154   10125   19242   31991   24992
   35442   10923   22298   23987    1168   27637    2589   21397   14528   33341
   16600   19629    3617    2537   18730   24827   22813     201    8802   11099
    5714    2620   32552   14002    1915   11335   30054    4693   21800   14120
   25303   19801    4496    9021   31981   14094   18511   36287   23860    2911
    4473   32902   10582   12060   36866   20337   21402   25849   26817    2358
   18690    1035    9641   27614   11329   13279   11981   21425   31617   19816
   11274   19502   28218   30161   26125   26497    4198   31268   10206    5628
     641   11886   22285   23856   15075   30189   36275   19867   14344    2717
   25493   14673   31339   18022   22047   20445   30289   21045   21345   36429
   10752   20208   12054    8015   34975   20592   21570   29585   26641    8868
   31930    6485   24541    4000    7301    2172    2133   25874    1070   13994
    2595    9240    8319   15063   33961    5011   18725   18635   20973   32484
   16489   12319    8259   10829   27673    5345    2516   28408   10223   23576
    2287    2734   35837   36878   19018    1977    5950   33815   20358    8859
   27821   35117   23062   21430    1658    5646    5679   27681   23910   11654
   27595    6410   11966   22505   20481    3361    5053   12676   18081    7234
   10631   20992   34500    8085   31245   11701   15132    3947   36680    1096
   28060    1780    8311   34087   23166   16316   22390   17706   29912    3588
    5503   30064   10665   27556   23940    9209     833   24689   11354   31156
   19264   23726   17460   23188   31493   35457   23467   27431   22009    2233
    3601    8498   18428    1437   18322   24341   23779    9105   27971   15676
    2565   26972    2800   20363   29843     612   24488   14672   27200   25001
    6162   35642   33850   23416   31068    6602   30060   20850   20483   24747
   33901   23073   35441    2248   27976    4296   20077   32111    1574   27090
   17486   21095    5348    6927   20149   20132   18325   17768   25830   19277
    1388    8222   25795   13289    1541   36317   14051   11267    6744   27078
   32955   13181   29686   27518   23954    2449   14712   28797    1736   22112
   13583    8258   30009   32035   36224      19    1584    1389   21363   22076
   25818   36664   12401    9747   30166   17467    5388   33936     816   23788
   32958   18351   20392    9924   11098   35758   19979   26088   25961   31324
   14343    7808   10244   23325   11752    7542   18776   11501   36473   26390
   24921   32440   31395     989    9921   23681    2636   16930    7024   17229
    5141   27954   28824   12205   29508   31855   14097   22895   35575   33532
   17232   31735   11831   32223    9964   15177    8539   30091   21159   29685
   25568   29569    7507   36646   21309    2954   18606   16987   16805   25968
    9669   30383    7652   17082    2815   11872    1983   30999   32653   11140
   25794   34460   11744   20048   15535   18219   35654   16784   30272   13476
    3410     563   10656   14462   23497   13223   29076   25344   27857   11232
   34654    3239   20925   35169   29483    9991   18558   35366   18490    7005
   32087   15083   19941   32143   33954   31122   36165   18262    5075   13033
   14396    7015   13620    9851   19920   25370   32627   26587   13066    2153
   10275   35024    4154    7511   27916   27810   27522   17364   12528   16416
   17214    7227    4412   27218   12570   26619   16001   27421   35312   19821
    2107    1482     152   21344   11326    5811   25375   24182   15066    1167
   24180   35000   28864   32712   19320   23766   13940    8670   30922   11199
     708   28968    4180   20433   35044   14785   21030   31754   18249    9035
   16897   34858   24433   18356    5333    5888   34575   19784   21290   32769
   16279   34154    5171   29269    4748   27176    6008   26870   21504   18643
   24237   15852   10090   35243    9263   31802   23621   20692   27600   21875
    8435   22699   19613   24083   18266   32058   16777    4720   21255   16358
   30559    1642   14544    5796   23308   16521   22916     763    7398    3650
    4667     914   22466    9194     574   36387   12723   24376   34284     903
   13429   17540   21587   12948   11837   32105    4715   13746   20728    7867
   36390   25478   16611   34251   15244   23257   10428    5059    3203   30162
   23611   30282    8318   20425    5681   31899   28760   32711     347   27060
   27507   16961   26082   11946   31571   24934   17975   17767   20307   13998
   18199    4558   28230   23648    5330   15636      65   30773    3810   36174
   14486   32490    1903   12137   16367   27676    5717   23948   11189   11380
   25202   14903   11476   33042   12313   27226   20161     842   24523   21446
   23120   18121   18131   18935   22144   11839   19578   11025   16504    9131
   15817    4439   28766    1696   19663    2712   26384   29274    4116     729
   23865   11080    8082    3069   30570    4323   36493    1558   28431   24780
    7324   23849   18946   32743   27375   36482    9667   35205   21477   24280
   34040    6952    5003   14464   22255   12739   10708   31140   24027   28592
   19464     233    8179   18274   17877    6138    2557   23240   30947   33660
    8668   19527   36851   10873    9218   33610   23203    8855   34983   20709
   31375   12979    2825    2234   26165   21121   33744   34688   18623   35397
   30022   34765    6389    6307   12083    1452    2071    4169   19703   26290
   13143   32657   28984   18029   25473   34219   33570   19085   22548   20146
   36930    9975     755   32253      72    7597   11725   19144   29999   18618
   25032   20675    8949   28038   13205   27433   27880   21454   18974   10574
    2886   14975   29176   12417   26525    8700   17068   13411     838   21859
   25204   29548   27660   27648   31035   13041   11661     544    3776    6683
    9768   11761   19285   36732   19375   22156   15269   23012   36077   29283
   30483   30913    5926   14912   15623    2096   34245    2255    3814   30340
   29178   25994    9201   30131   20204      85    6511   22665   30698   10083
   10739   35832    7185   29220   12934   29869    7465    6491   33105   35329
   13021   14460   24944   35229   11129   21340   25444   28854   17378    2335
    1373   25742   28327     364   31560   34868   25974   22196   20621   18444
   21167   31412   36100     843     956    6271   25201   15556   28316    7733
   29071   35878   12834    7096   33097   27150   30276   29815     411   21642
   22265     210   12541   18980    5843    3275   23318    7076    2229   35937
   33734    2221    6123    8108    2113    8358   27694   28953   12866   16512
   20067   13603   29403   13961    8162   16522   27575   21161   12421   34082
   30851   16914   18695    1510   19380   27827   20595   17743   35953   33269
   33276    5415   31056   25647   33377   22352   13555   22085   33400   19263
   12603   29972   27966   32783   29090    9235   36914   22117   24501   13608
    3209    8736   13862   18850   14208   10536     671   13590   10890   34214
   30237    4988   34473   30955   21084    8617   13004   33454   12950   12150
   21687   25106   32163   34906   31679   21735    2091   25614   24467   21365
   29494   33878    9385    6673   20423   19664   32479   22329   10568   36989
   13910   11176   29067   29218    5602   13187   33699    4046    9392    9087
   27599   15022   24889   13412   27190    3808   33819   16477   29462    6477
   10035   26541    4264   28859    1745   27863   18824   11018   11435   11974
   23822    2998   22563   18788   13394   33260   36491    1782   17442   33518
   13272   15242   20849   15501   18534   36693    5923    3259    3432   26301
   17140   11332   27351   24792   15607    1962   22435   10802   12871   16332
   29228   16849   33676   24192   17246    5817    8197   32397   33591   21203
   34625   27008   36424   16847    8122   15474   31711   31224   17549   28870
   21942   32669   13936   24645   35574   11039   34058   20477     180    2479
    7026   23917   29422   34402   33729   36548   24712     669    6240    6036
    3854    3982    5191   12281   23058   30013   25238   26040   11778   16821
   27850   21906   29544     138   14882   29406   14741   17371   19983   35318
   34463   10728   15469   24197    3770   21636   29125    7077   20387   28852
   36256   24105    6343   15006    7945   23384   27895   21106   23282    7913
    7232   20641   27430   20465   16985   21112    8893   28449   30837   29688
   10733   17203   25710   13795   33763    8235   23519   33091   15140   31650
   30963      53   15519   10830   21620    9750   27856   29902   20263   20681
   15828    9286   10495   10104    1102     886   27554    5788   16669    3074
   35624    5774    9264   11844   33953   35534   28503    8484   18653    4424
   24373   23504    8464    7310    8875   12243    9875   15231    8733    9938
   17313   30203   15962   16137   16923   36759   17399   27747    3058   22843
   17765    3287   31464   10191   21977   26094    1801   24873    3204   33023
   30946   31298   11629    2381    1000    8932    2129   15665     330   11943
    7095   24503   22201   31477   30422   35670   35440   28376   35672   36056
   25378   14879   21485   15343   35396   34695   10057   10563    8873   31826
   22427    9337    5437   15985   28382    3887   33077    7262   12907   21713
   11645   17800    2590   19378   32917   33947   28463   34636   28656   14045
   19156   15402   18945    6231   23359   23613   15719   16701   28034   35987
   28942   33849   30776   35734    6813   15957     719   22416    5064   10011
   30055    8988   25661    8112   26157   19251   10672    8655   22166   24524
   12897    2086   18779   19961    5648   31558   30695   14029   34397   36568
   26353   33047   14048   14600   21533   30785   30236    8770   35889    6752
    5856   32071    5439   16712   13385    7132    3470    1513   13371   27560
   14916   26835   11984    5028    4644    5858   35306   34360   21291   12844
    3414     924   15837   14901   21252   31058    3687   12487   16558   12292
   32522    2259     436   15077   35214   13313   20896   31147   21540     588
   36385   29883   31175    3103   24198   13957   30691    2416    2421   31875
    4008   11793    8101   11000   20577   25452    2267   27601   10321   17171
   28529    1654   36621   31475   20863   25553   32697   13319   12554   30380
   32408    3853   11150   25423    5710    4164    7173   23709    5996   16000
   14038   27111   32197   28370   26920     557   13246    3332   28170    6725
   13844    4058   31018   22596    9310   18513    8368   26410   30343   20106
   34156    9214    2568   34451   16450   26128   17894    4498    4241   23743
   19036   11090   15738    2092     118   11928    1120   25737   13594   10986
    3875   29332     981   36445    2242   22479   26794    6059   30379   19197
   36874   33026   27913    4408   15350   28083   32266   20867   28127   17029
   33167   17808   22513   11304     277    7474   25291   24557   25016    3317
     696     945   24698     568   36028    3446   32735    6112    7478   31447
   28332    4131    9042    8624   11982   10356     797    3476   18253   18489
   30173   32040   20306   24648   10399   36289    7592   12606    1964    5487
   18485   31450   12670   22851   26831   27935   26642   36941   25421   13682
    4341   29893    4836   22853   16859   15939    7721   25397    6359    4848
   23559     331   29557    2647    8277   33277   33031    2531   35420   16095
    3156    8138   24717    1759   35840   36072    1743   12577   21224   25691
   12792   35468   12891   30317   10917    2680   18195   17955    4863   23239
    4689    7817   28485   22345   26586     514    3850    6730   36611   35025
   19279   27661    4351    3345    6367    6095   33345    4578   32011    2855
   36154   14760   10481   14682   28035   30676   34705    7902   36709    7100
    4376   28554   17076   17235   15984   26424   19640    4418    4490   36504
   29905   13088   23295   18821    9581   30300   19121   15786    5785   35459
   11116   19303    3243    6154   20033   29227    2660   12863   20875    7431
    9791   24236    5092   31117   22385   20748   17037   31901    2711   16061
   33667   23031   26147   14358   12141    3368   25490    4631   12039   31354
   23046   26704   13505   19585    7252   30902     483   20723   20844   22066
     472    4049   28724   25137   31230   19783   26373   36408     157   19385
    5641   30961   13141    2271     242   29225   25053   21370   35693    4879
   18246    7825    9030     624    1335   23177   25683    4868   14155    9391
   12515   24226   28943   17914   26041   23729   22849    9838   25348   24412
    7671   28783   17308    5005    9648   11911   20407   15232   24468   33327
   23204   17916    8084   19295    9561    6288   13068   21254    4730   18736
    8250   18173   33402   11758   34968    1813    4500   18969   32665   30058
    8031   21575   29384    2626   14573   30935    6606   24561   25754   23943
   25119    4173   32342   21136   22369    2246   12679   20476   15414   16306
   22877   33675    1633   20395    4883   14298   25608   33728    9676   25041
   14872   20169   36061   19790    7318   18842    9704   14421   27492   20738
   14183    2743   17858   18697   18305    2491    8582    6334   18977   21458
   11597     488   24232   32114   13927    1194   16496   17141   24900   11229
   26970    1411    5464    3901    2809   29758   14021   17452   19605   26939
   24375    4138   16457    6186   16785   35730   18335   16430   16986   23892
   17297   16483    9568    6088   19382    8945   14745    3087   23896    4992
   28131   35657   35388    6157   26081    2938    9183   28904   10075   20637
   25230   16458    4145   24914     478   23850    1830   19952    2020   33634
   26902   26677   25687    8694   29948   12133    2569   17755   24674   25702
   36846    3610   25503   19043   22185   29598   11035   13189   13087   23981
    1880   21596   31553   21614   36952   11154   10931   27811   15491    5281
   20428   17146   28799   14271   10520   21518   13365    6492   30136    2994
   26036   32507   18639   15121   21500   30357   29443      83   14134   25401
   17890   25025     806    2786    8928   11294    5599   19577   21356   33705
    8652   16322   19543   17133   23402    6377   28113   26000     780   16765
   13593   12449   31512   10397    3561   30045   26403   23518     170   29261
   14407    3794   28220    6870   26990   24207    6968    3020   14188   23009
   34384   12869   10239   13109   29500     184   32088    8150   26059   18921
   25376   15300   14787   13789    1561   34804   26684   17315   34098   23903
   29684   19889   17857   11356   12307   14603   30461    8644   25827   31541
   18339   10919    1643   28827   28107   33306   13715   21469   23979   23462
   27986   11688   14723   35712    1678   28423    6465   27345   17643   35630
   21650   30263    4337    5516   35585     845    6903   32865   33103    9387
   27075    1173    6986   18795   28324   27001    1483   26223   27204    8217
   14932   19958   28935    7773   20948    8774   26243    5928   33899   29950
     394   36894   27064   29111    5770   19493   27165   35659   27751   16335
   18991     113    6221   31139   12919   26261   27405   19312   23034   18142
   29376   27780   12795   14463   29391    2548   19566   14976   31090   15411
   25282    1012   14153   23958    3043   15610    5340   36417   26536    7655
   18922   23314    8069    4451   11854    7765   17431   15303   14167    7360
   14582   11416   24048   15997   10835   29929   21581   11014   34200    6865
   27832   18580   25101   19369    2816    3495    7223   10138   26997    7454
   13094   28903    7319    3516   33912    4432   35764   31452   34549    6970
    6623   33549   15903    4129   16381   12845   13062    7846   23044   12514
   21545   22748   14830   35897   13099    6373   30092   36906   12231   25068
   19852   14968   36984   18068   35485   14709   10310    1339    9079   19637
   14479   35954    5593   33373   14640    4872     973   27957   11980   30844
     541    5622   11301   31015    7747   17094   13578   18163   14328   23875
     513   30181   17318   10650   27993   15029    1196   21723   11543    5013
   16141   13364    2460   17752   35342   11405   32781   22457   34209   23992
    7089   30924   29658    2068   12204   31606   23802    7448   24526   20085
   25509    5286   24333   24931   36546   22236   31055   27639     955   18438
   35594     839   27463   21268    7362   18354   22742    9587   15947   36503
     143    1502   23394   17840   33015    1797   20206   14061   23323    4494
    9620    2108   33110   33984   31796   33853    5890   17092    1268   21914
   12084   31816   34143   23368   36964   23492   16227   16113   17744    2922
   24783   16089    1238    8149     553   29379   23725    5154   16081    6620
   24142    9153   30345    6729   21188    1740   16167   23724   22584   23385
    3809   34464   14423   19388   19119   31044   12841    1126   21706   17772
   22568    9588   25963   16635   19732   27651   36407   21092   28883   25265
    4603   10422   29988   35596   31009   25097   13207   12896   26361   23040
   34213   12829   18225   27854   25020   15188   13398    1406   28486    9447
   19403   33234   25626   18973   13949   29317   34001   30452    5262   24609
   15172   13096   31582   18583   18001   16189   16422    3056   16839    1444
     228   23287   28363    4642    4292   18212   11730    1616   32960   30674
   10205    6456    5984   18292   26337    4068   28208   16844    9407   15198
   16219   20019    7656    9246    7680   14316   20815    4589   10413   20179
   22983    2305   15685   29920    8174   20963   35448    2165   26411   22937
    5429   34715   20216   14127   25813    5180    3621   21841   27360   25796
   15876   18835   16296    9592   34616   28838   33629   28818   19713   16413
   16078   12703   35177   23580   24253    9454    9836   22124    2182   29651
    1885   32643   25234   14842   12197   33002   13995    2673   12056   17020
   25093   22690   22693   20078   31890   13407   33875   27272   29400   34289
    6605   17186    9870   31817    2539   10957   16718   36602   11185    7392
    4030   34700    6064   11641   34836   31373   36683   23052   32828    4972
   34342   18778   34879   34753   25820   14791   30684   27395   11867   11503
   12198    7991    6292    5305   15916   35139    9845    4459   19349   13054
   33551   30767    1811   13759    6128   22228   20511   18524   25185    8072
   17799   14390   36871   31294    4565   25775   23426   25114   14977   23349
    5321   15773   19667   11734   30678   23185   34541    2715   31984   15150
   14044   32908   30587    5427   26699      84     615    4637    3423      35
   16618   10202   34312    7707   13422   20006    3289    5862   32875   27923
     859    4688    4954   12334   13680   20751    2736   36631    9535   17812
   25682   35399    3356   35508   23544   17958   29644   33891   18061    1890
   14579   33045   15096   18654   36173   11604   35276    6228   25587   27532
   17634   18585   22387   30614   36778   19925   19762   18391    5951   11785
   20780    8702   25410   23894   22478   35134   20405   18032   28016   25203
    7858    9853   27059    3792   20887   35844   10879   35747   35895   31896
   19927    5284   21925   33545   25389   24384    2445   26010   20545     849
    3394   28527   36656   32641   22525    3152    4738   18694   16573   21304
   36042   11453   11801   17074   22981   28443   15671   28236    7419   19734
   26648   24162   20590   17405   17732   32818   13912   12368    9323   16530
   12877    7057   27159   33568    4924    1181    4293    1955   19921    4267
   31998   22796   19113   18304    7193    5428   29638   12883    5777   29673
   26091   23070   10780   19103   25083    6928   32234   26980   31619   33894
   23605   10235   15406   17153   36406   36786   34546   29287   20104   35112
   16275   32953   21129   16351   19234   19050   13884   16613    5425   33525
   21225   14687   17850   24510   20783   28697   33473   33338   27326   30110
    2709   18484   11260   26671   27083   34598   12222   13863    7641   18941
   29850   22213   36502   16580   14165   17251   33385   28364   33573   18402
   16391   13343   27426   36368   32194    4012   19084   13962     241   13462
   30702   30398     403   24903   36714    9193   17479   21064   35622   33152
    2999    7413   18942   17369    1854   23065   12335   18628    8966   24231
   32108   30305   29970   30626   24984   30524   17678    7065   36092    8836
   32026   29488   20258    3939   18981   30401   36349   29634   15134    6959
    1074   20685   27210   14189     237   30512    7968    8341    8408    8445
   22088   31282    3247   32822   18852   26484   13739   30825    7097   31105
    4197   13201   29587   11827   13174   23346   27557    5359   30234   13056
    4826   32450   28911   26973     348   35130    3263    3754   19545   27680
   28703    3545   12788   13115    5230   22514    6612    8220    8091   34182
    7286    5343   20270   12696   28934   20915   33217   29423   26761   22098
   28081   32257   12033   31101   12163   23867   30860   27932   24684   14160
    9779   29452   19030   15294   18353   16787    1085   33422   28923   30827
   14436   11736    5756     363   25736   19531    2661   26310    9212   30732
   13421   32242   35078   10044   26354   16595   21990   10424   18611    2988
   28140    3162   20131    2584   23324   20982    7344   28396   22845    5767
   33766   31623   32670   19495   17145   27207   11595   29004   19469   22612
   22293   10866   10486   16820   24727   11377   22164   36453   17714   14049
   30052     586    7933   29126   31374   30624   15067   25933    3763   22315
   35283   33250   19457   30511   23604   22027   22531   14828   27285   33575
   24676   26592    6917   31605   13552    3157    4804   18825   29477   34840
   12263    5192   12789   18494    8866   12954    9002    7893   20976   19619
   29276   35491   31912   24297   21174    3967   27705    9005   10511    1250
   23427   13840   35084    7833    9935   27758   15456   30589    2439   16196
   22033   36483   17173    5744   28372   27800    3703   28281   30497   12386
   19904   23622   12089   28961   10914    8039   12900   23143   28237   18557
   15990   11919    3908   14886   26538   34982   28079   33049   15119   32846
   14727    9951   32832    2891   35014    8107   36625    4091   10124    9795
   32777   15458   24640   16174   28166   10450   34152   26585   23315   29906
     891   17521   31641   22386   28247   24919    6695   15375   12097    4740
    5957    8436   22306   28900   11471   27098   16310   26164   24476   35041
   21124   32182   28996   17335   30095    2112   22017   13766   13579   22524
   26289   32721   31165   25382   17761    6933    2027   33855     909    4514
   21196   21843   22099   25670   11034   25116   21013   34260   22224    7608
    3540   31813   35964   30630   10249   12154   26009   34755   25998   20397
   12704    9841   12107   31480   16236    5376   25058     388   13811   21071
    5104    3565   12700   31885   10648   21599   20040   28881   14249   10023
   27812   12406    5504   34764   33491   17512   32555    7887   27251    5293
    3236    5484   29799   11968   36836   21527   35031    7035   22680   35172
    7426    1191   26696   17055   26680   18227    5801     617   16143   24175
    4123   31378   30228   29746   35346   15848    7342   24368   16180   29294
    9043    7258   22499    3201   31458   10677   11531   30550   24165   16277
   15484   28176   34440    7971   26103    5812   23880   20614   29372   31819
   29659    6287   10939   20094    9157   30372    4265    7017   20382   31342
    6383   35081   36570   19165   12962   25650   15194   28496   28915   29226
    5585   17753    5178    4823    9737   16912   17100   14145   31588   33382
    3894    4300   12317    2545    2807   36747   26969   31292   20753   21627
   31208   34665   36315   16574   19281   36016   25395    5412   34635   17718
   15272   10313    7307   18925   29417   36297   10743   30180   16592   13009
   33060   35436   23133    9908   23115   15599   33365   33872   32407    1116
   31376    6675   27580   21039   34066    5085    8870    9324   34556   20450
   18790   27442   26156   31525    7691    8228   30463   25814   24051   31161
   35781   13472   25513   35842   14862   24932   36353   29795    4472   27733
   29100    5424    5540   10131   23004   35325    6997    8838   21971   15464
   13754   10557   12872     873   19857   18985   28418    2946   11972   28051
   25281   29289   36716    6096   11484   28862    4770     188   31691   18478
    4457    7367   11903   18433   14676   28803   21046    5306   29342    3300
   33074   21384   10082   33287   13446    6699   20680    2014   22653    1259
   24559   28958     704   20761   30071   21662   16565   19862   27045   34825
   22994   17550   26506   30987    3008   12352   19007   14656   13418    8953
    1856    1199    6775   14758    2840   11868   30770   18153   21521    5773
    2493   28826   32966   29735   14495   25418   34817   34338   21465    3298
   33598   21868   22873   36547   24014   35129   18244   28437   22979    3973
    3529   22142   17717   32267   36099    2526    9968   18382     342   14887
   18916   22177   13466   21082    1492   32812   10894   35587    3000    4798
   14494   15000   29504   23410    6382    2323    3379     161   30760   31345
   10640   34961    5881   27161   22317   33072   24703   21269   26717   35335
    9364   25803   15124   10345    7562   26611    6848   10950   29354   10319
   20251   30079   35507    5082   25299   30537   10857   13638    3468   13576
   25333   12885   20122   34404   28462   18066    2882   20431   25758   12351
   12152   27084   19654   16479   34807   22184    4449   34239    8536   11064
    6806   20971     723   33249   30504   35154    9837   29747   26532   13674
   34803    8678   15546   28896    2410    1979    2187      56   23677    8857
   34206   33235    2239   31869   29153   25888   32429   24782   17339    5639
   26443   24152   36889    9850   12695   23458    9524   22049    3919    8244
   22824   13212   26731   19639   36442   35746   10193    1682   11973    8281
   12793   25040   29148   36701   20712   34694   30560    6579   10881    8305
   23406   11480    1985   15882   30312   15504   22210   10996   16507   15721
    9637   18437   26351   15490    6850   12987   16425   21552   24055    4223
   19467   31131    8012   30460   23193   36160   12206
