    7245    9143   26240    4782   21241   36970   16567    9181   34775    7295
   35708   16748    6358   19070   30360    9869   20876   28228   29785    1503
   25233   10904    4713   32977     753   18202   15645   34292   32127   32574
   31784   22278   35353   26981    5732    6909   18751   11994   22869   23974
   11482   11727   23806   12949   31203   34979    2331    1573   14891   17330
    8784   31540   24451   36253   23555    8142    8599   17366   26675    8420
      62    4181   11048   34931   13886   10176   18727   17734   14857   34118
   28023   22703   22768   31488   34818    4005    2180    4208   23565   10459
   12451   14383   32136   33005   15861   25706    1033   10230   32975   32520
   18508   17349   11010   30101   31906   10414   14081   23330   10546     978
     254   10713   34935   16491    7196   14957   11507   10271   10897   12223
   30291    9389   22379    1706    6214    4854   32602   14578    4744   32948
   17884     442   23494   13615   14541   22523   20435    6560    3592   30634
   22628    9040   18644   26438   25547   24547   30195   12476    9709   17296
    3231   18206   20598   11804   26974   24991   24668    1262    8306   27048
   18902   22647   24778   13173   26712   33785   28084   24199    7586   20673
   31601   17662   21857   16704   12813   17638   33099   17475    4143    2686
   23669    8231   31204    9980   32810   30373   13270   18917    2719   28160
   28700    2657   23707    1362   24079    6901   28298    9952   31772   13162
   33536   33246   35831    3122    6414   34389    1076   27545    5758   35667
    9050   28442    9746    1826   33934   31992    5663   33999     507   26249
   19491   33782   11711   25311   28939   20604   35717   34478   14060   12770
   12433   25091    5789   24420      80    1026    9023   23396   27824   22153
   31042   19874    2822   22083   20289   18136   18324   30023    3422   14030
    5831   15298   33541    3505    1644    4195   30952    9547   16775   10974
   32059    1779   12697   10221   36843   35568   35451   31570   29183    3583
   26342   30124     549   23647   22272    6706   23083    8792   33353   16435
   10273    6055   14435   28467   12933    1067    8677   21052    6736   31168
    6972   33533    5409     884   32265   14763   19712    2202   22125   15274
   35634   22094    8187   29899   21204   30082   17362   10270    6150   33201
   18496   27296    1683   21055   33230   23016   25566   22056   32181   34408
   29484    4468    7443   34761    1684   17048    5231   26476   28502   10086
   36069   22190    1586   11887   14468   30602    8099   28573    4431   31432
   17152   11455   19530   17483   34050    6792   30871   19096    6776   22363
   22222   11615    4438   18337   34653   20603   19024    7615   34782    2696
   11995    2285   23051   21376    4943   21957   30170   28094   16445   15164
   12929   18013     977   26399    1832   20557    8040   27835    1888   36882
    8877   22608   35995   25698    6097    9397    6656   30418   19610    6210
   28937    1159    7689   34684    8641    9172    1727   25212   23093   25642
    2151    4844    4056   34077   19805   20734    6594   16916   19541   15144
   30884   36841   29260   27070   23661   33451   27867    8106   16509    5841
   24299   17217    3623    7170      99    2633    1704   15632   30440    8986
   18993      24   13344   26517   10365   23909   15154   31759   13689    9753
   32691   16131    9453   13148   34246   33123    4136   13012    2625   28857
   33920   33566   10927    8843   30213   31694   21010   14329   29132   23824
   12584    9739   11262    2360   11683   14141   14577   22024   20272    7371
   36403   28195   31726   18689    8814   24773   30900   27277    8594   11889
   16080   30706   20434    2241   17394   27862   17180    6934   25502   34174
   22658   25686   25790   14437   26811    2437   24751   30033    7381   13784
   20894   12051    8984   11815   35795   36188     317   30585   14348    3680
   27826   17590   34315   13461   13127   34740   21848   33136   19117   29398
   17572    8206   11144   25138   11662   30446   21922    1753   10101   10834
     575   11809    8426   10741   10157    6279    7506   17711   25231   36457
     536   32715   18240     817   16292    7117   15767    3441   20193   22134
   36599   18449    4584   34294   29438   28999   29771    9444   10180   36319
   23054   22885   21993    2087   12178     984   36438    4605   23010    3469
   13239   27148   24499   23901   13901    7523    3937   18197    8938   32243
    6541   28538   35347   23530   12508   23014   33463    5827   24749   33503
   10103   34894   32131   36879   20891    4331   13550   22804   28253     813
    4855   20361   35096   10461    6315   21354     683   23932    5640     125
   14984   21633   30445   32142   35003   26518   15794   11976   30704   19612
   35265    9170   25383   18996    6035   23560    5029    5910   17424    1833
   25007    4616    9897    1016   31462   22109   13350   17848   27006   34930
   32927   32145   24788   23906   17304   30757   23473   32383   29460   30818
   35338    6733   36837     326   25431   11412   21938   36428   25786   30571
    5128   35438   19416   21133    4160    1463   10449    9516   12534     590
   15273    9982   19684   20317   11215   11776   29042   11313    3783   12264
   30046   13231     225   18582    9151   31012   10545    8747   24875    8194
   11935   10416   35910    3001   22445    5564    1394   33893    3120    5942
   36221   36369   25377     629   18539    5432    6868   30099   17790   16709
   13623   34748   13827   28075   22500   17358   18385   33411   19309    8964
   15742   12211   18932    7771    3133    9482   24895   35067   27931   19895
   27936   25471   30204   19651   10589   28299   24908    3147   27187   19179
   32688   22552     350   33640    8871    1926   11358   28197   28203    6873
   25331   25172   10846   16284   20071   35571   12846   36544   10758   26718
   31184    7328   35662   12241    7956   11961   36455    3207    5470   27792
   28054   36581    8902   18952   21589   34707   34522   27785   17720   31330
     606   12099    1174   24839   32623   29703   24415     649   20232   27853
   13449    1045   27363    1992   36541   34671   19009   20949   24371   12612
    5612   29062    5121    4588   30575   11594    6264   14135   24822   12677
   17801   31109    4374   28566   12699   36350   20869   19252    1957    7192
   35248   24608   24690   12959   35061    5088   35071   31491   11936   10084
   11519   17014   32043    2083   14707   36973    7921   19691   27969    7316
    8280   35373   28620    5696   22581    4530   13315   33949   14537   16886
   22592   23946   22790    7239    9059   19879   19846   27802   18953   22351
   13356   12030    7383    6815    7339   21509   13471   18331   27622   21580
   16500    2933   22211    2989   16290   35648    7744   35237    9510   20605
   11175    3170    5296   25643   10276    7674   25088   10933   15395    1101
   12055   36172    5592   32101    8924   17393    7806   29341   35613    7899
   20401    8254   32668   33579   32752   25136    1892   25602   17612   30526
   26535   16386    1044   17847   19337    6635   21293   16842   20119   11492
   36402   18040   25195   31189   14062   24340   25191   12939   16428   19366
   26338   20561   19516   32279    2266    1233   25841   20980   35971   24835
   14018   16838   31027   16124   23474   24062   36220   11560    3016   25973
   26678   32740   18561   20484   14670   34192    2829    5535    1304   33293
   31097   34590    5629   13858   21911   34085   11442    5311   32377    5604
    4832    7693    3035    8097   29704    2190   25837   20496   28591   13226
   10701   34730    4149   32290    6990   32986    5936   20489   16713   18086
    7028   14231   34037   28117   10667   25657   15498   22733   32388   13812
   29770    2757   10282   33098   11528   20011   25902   35464   31320   15673
   26961   25433   18541    8722   15339   35884   11678   21597   28128   35249
   31392   29021    8887    2084   17277   32190     373   28908    9244   20117
    5314   35517   29507   22242   30875    8490   29351   10544   27925   25826
    5738    1027   14988   16030   34443    9844   29334   13804   24995   25519
   17668   36440   16817   14576    5322   36030    4277   19644   32045   16027
   36356   21062    6513    8854   22595   16239    4252     300   12917   19180
    2884   12543   22659   16619   18051   24413    2985   14324    4810   34390
   36465   10409   19829    2325   33824   12131   11017   15857   11788   10100
   12702   15819    5853   27425   28667   25722   32859   27886   19076   19193
   18404    3290    7494   20927   10080   13483   12431     920   14055   29942
   29364    8051   27823    1946   19694    8360   24853    9719   21051   26958
   11652   14956   25038   15594   12682    8111   20047   24445    5594   16915
    5146    7220    6679    7918   23705   21869   34503    5713   22001   15240
    8046   24332   32222   31329    9438   36243   27528   15567   26545   26224
   27310   17150    1987   16364    9242   25554   24092    4042   33009   22252
   13248   28109   27436   34796   20189     685   29195   20250    3978   26725
    9732   20942   20584   22903   26740   13242    3906   26567    9974   27089
   12187   32462    2307   18572   33080   11168   36471   11582   31549   29481
    4751   21179   23719   32445   25381   20025   16374   10731   19328     573
   16975   32727    7556   19844   25343   22069   26528   35317   11883   24334
   19892   26569   23510   22764   34455   27201    1859   13426   23858   16485
   10908    8971   32110   29530   12269      90   35651    2085    5740   19208
   27262   17543   31945   18924    1332   35258   11414    7620    4037   34102
   24876   18733   21110   21539   19548    6829   33120   15265   23098   31388
   19818   10883   10865    7729   28377    2166   21123   31566   22708    7708
   18799    7415   13104    8045   13414    2408   12502   28008   14171   28338
   12690   15288   19792   36461   31287    4043   23079   36744   18057   12498
   18045   23259    6819   29806   20762   10408   25293   17988     700    1023
     781   15203   15585   19965   15895   19576   34248    8486    9497   13900
   17433   15182   28528    5814   26064   32805   19602   29760   21771   28800
     195   27701   15706   22169   19668    6522   15659    9558   16353    8864
   34302    6248   35611   31359   36564   12373   12256   31886   12303   15570
   18082   11729   11104   12104    4851    3670   23102   10699   30302   36140
    1597    6587    3950    1014   20383    7109   21455   16687    5886    3257
   23099   10629   24047   33355   14497   35970   13729   35864    3723   21487
   27241    3987   31806    8543   11231   15050   14064    2731   31860   19115
    8480   17253   34366   21270   27671   11106   35197   36739    8294    6720
    3135    5700    3716    3331   36189   17715   12100    6379    1828   32600
   15834   33240    5024   15508   31169   17601   35915    2220   21361    7404
     460    2060     452    3237    3132   26328   18273   25086    2845    3086
   26730   19056   16520   31182   22778   23138   22165    9644   28972   10014
   12372    9520   30891   24735    1581   15964   24915   29412     353   32746
   14273     399   29564    1798    4379   17157    7810   33513    4045   27451
   10251   36057   12520   34610   12412    8647    4677   26872   26988   22642
    1357   36514   26874   33962   18807     308   35127   14461    1124   34224
   25565   16155   29060    8340   33480    7244   31951    4340   32498   10173
    2499     759   26386    1242     918   10435   35260   28537   27840   27904
   28645   28056   20467    7031    8307   22683    8348   27117    3208   14826
   24535    5139   14261   18831   17368   15359   26085   16957    8023    3099
   27445   25499   29164   17881   13876    8878   36717    1974   17189   29174
    1791   20786   15831   26423    7049   20518   36597    6567    8312   28666
   12916   13039   23069    4938   29778   16350    8182   35474    6020   22490
    9840    4152    4062   36431    8317    6539    6105   23344    9920    9689
   18416   32631   29617    6243    5170   25543   24114   19437   26590   25982
   32936   24777   10765   31818   14881   31186   24035   13183   30941   23276
    7347   11362   27270   27382   15829    8429    8692    3799    3065    2937
   35699    2737   32593   26143     863   35483   22330    9828   12457   34947
   27470   34631   30169   33553   13198   31100    2959   12249   17413   15877
    8657   25938   11546   13107   22880   25173    9926    9329    8627   23235
   20200    4240   33845    1300   36391   31317   11978   15762   14000   35191
   19053   30478   35967   25534   26700   10499    6328   17815    1086   11728
    9171   13297   26598    4540   11983    5872    9446    1131   28037   24560
   31206    1229   36684    8027   22985   20001   36187   28354    7440   28629
    4873   14110   30135   27290   10893   17429    1700   32368   15987   19355
   14253   19520     673   25350   33283   28179   12738    9262    2260    3591
   24846   23127   30714    8482    7824   11587   18418    2799   20024   35076
   29051   26594   22145   17680   29353    5325    6862      61   15697   27736
    1367   14519   11227   27140   25033   20551   18783   22604    5563    2049
    6289    4150   35515   32984   22152   23551   30528   15389   35641   25639
   18716   30139   19828   27959    9857   20817   27243   13953   22978   14920
   18400   22831   29206   12485   29441     135   15189   13342   26109   33720
   11221   24798   24563   12135   11622   13321    8476   20244   35653   25875
   31157   30716   18495   36864   11693   10140   30482   24979   29316   32737
   22199   28041   20889   23752   23833   14803    9913    4210    2765   13800
   30182   36345   28243   28613   13269   19785    7285   35737   15731   14180
   32129   16273   18134   22438     803   11459   19863    3834   32130   28232
    1446    1488   25876   15183   24444   23205   26623    5998   18445   22260
   32403   32410   29083   11254   23338   16154   17650   20107   36331    5450
   11990   16913   19847    3126   33784   20874   10715    8219   35538   26478
    5933    3598   12955   16462   31013   36266    3018    6787   33356   28740
   34512    6321    4051   27129     379   23818   16617      73   12219   32823
    8669    1459   10451    6413   15110   13720   30103   10806   32028   27392
     975   24605    3223   24770   19919   33420   17584    6518   33051   11297
   27958   33665    3663    2514    8845   29314   28970   25834   24669   29797
   20897    2428    9127   21171   36048   14013   18975   35147    1172    2399
   10794   22327   25573    5761   14534    8092    3669   12071   15921   26214
    2480   33617    1041   21865   19107   23479    5887   16948   26602   35465
   12507   30920   28078   14121   14706   34084   25039    2356   20293   20702
   23381   35427   19177   29135   24171    2672    2957   31126   17942   22310
   35851   14922   33959   13490   20116   27510   17275   30595    2906   12632
    5635    8505   22214   27069     216   18099   27658   24292   24095   35681
   18666    8661   25911   32647   36888   31941    7746   27322   27471    7879
   13553   16120    7311   21125    5620   10570   18796   25807   31591   18340
   32824   26209   17388    4803    6960   17713   30990   14919   16162    2764
     725    4004   11240   10571   12930    4511   22819   12855   26933   11517
   10109   16440   22292    4070   19767   30723   33602    9069    6201   34244
   12721   31604   34486   23748   18355   28956   36484   14242   21768    4563
   22765    2634   23614    9252   26279    7261   13504   10008   30607   21501
   35449   31210   36873   14735   34382    3305   27214   32466   17965    2351
   35601   18177   22865   14320   23110   36521   33331   28256    4795   34866
    2447   34254   27211    4996   30892   22040   26127   21191   22823   13984
   23731    8176   23274    1954   26055   17179   11810    4098    2811   32580
   11338   28487   32757   32604    6649   29216   17361   25419   32350    3616
    6048   34436    5610    9370   20380   20374   14987    5912   14386   24432
    1050   21849   30202   11926   14960     368   17072   35387   32433   13777
   15443    5094   26529   29302    8817    8419   33561   24387    2591    5091
    6457   13798    2844   31194    3504   12424   33731   15332   14052   32660
   36909   28375   21717   23713     198   22718   33746   13768    5246   24631
   30518   12622    7508   21202   21182   24678    3116   29501   28692   21745
    7762    2224    5805   24314   16746   30965   23967    3459   20923   15019
    6094    7334    2872   26510   17819   31741   36779    6590    7317   30420
   19960    5002   21150   31574    1904   32946   31116   26402   23380   28345
   28839   18542    4877    4908   12110   35259   25521   30038    3713   28913
   30220    1176    3227   27789    4367    2958   23973   28385    9832    4937
   28145   12021   31842   15657   12015   36730    2913    6195    4986   25379
   13971    3216   29472   14235   35655   12325    4519     764   32598   11789
   21750   17593   35772     374   33226   31396    7497   35100   19607   27699
   25898   26945   23534   36840    5607   26237   10501   17031   31180    1143
   17293   11440   23538   25446    9348    4581   25274    8818   35165   36216
   35070   29502   35557   14416    2322   33820   25694   31041   29664   32717
    5836    3719    2280   35549    2547   14796   12809    7871   30669   33599
     888   34501    5764    1637   26540   25853   28644   30538   32303    8619
    2309    8216   21008    2333    2617   33940   28638   19091   12663   36639
   25631   30508   22287    6060   36166   27772    8224   19379   21396    4202
    7059   11438   13941    9113   36524   35847    7900    1638    7578   20164
    7249   14876   35876    8125   11970   35136   29894   27164    1071   32432
   14750   20669   31437    4206   11578   21329    5597    1322   35072   26255
   15207   12363   26661    1870   15520   19653   14376   36715    7917   10721
   13444   32725   17563   25474   25122   19365   31355   13291   19595   31104
   23379   12545   35428   20301   28413   25196   23148   31096   16823   16642
   34719   21439   16059    6375   32505   12655   14058   29889    7471   27452
   10438    6272   19995   17552   23066     255    9283   23460    8941   29998
   34435   29145   15725   35598   13479    3861   36346   19583   35013    4970
   36797   18906   14347   16401   23566    4477    5878    2869    9460   25949
    1115    8491    4130   30842   29482   10243    3401   18100    7302   18072
   14362     439   22028   14250    7660      20    9916   12399   29401   11740
    3584   21871     271   35706   32328   10464   35288   26251   11892   20290
     744   30100   26457   34157    1207   14379    1225    6273   25096   35836
   35698    7406   29113    3310   29853   19560   27698   20340    6431   12559
    5511    2978   24894   29962   11473   26161   20926   34728    8737   19603
   29002   19420   26570    6481   17826    6930    8764   34536   11043   24400
   26035    6889   10709   12575   12225   32354   11927   28805   25511   31986
    5421     603   18919   10916   26022   11320    7412   18044    3886   22320
    7436    4561   29575   32710   25337   34970   19424   31833   23104   34345
   14019   11339   12261   28891   35034   27573   14877    8674    4591   30711
   29091   25109   25359    8959   36977    2340   11069   12434    7386   11415
   13475   12155   18838   34821    1202   20895   10799    5986    4802    1046
   10068   14293    7442   19021   29695     929   11714   33558   33281   32409
    2774   35430   19392   20039   22573   32251    9826    3478   33680   28020
    7619   18740    1028   19636   22070   13494    3599   16289   18741   17191
   22087   11574   19041   21838   27718    7962   18595    7717   23444   35107
   15419   28172   23401    9034   27196   33278   30890    2975   35551   21817
   25591   15649   16210   19565   31753   36555   30725   24595   31501   34039
    3093   17691   32318   26645    3428   24102   19978    2035    3145   22004
   18816   11087   32067   21530   29295   24435    2417   22192   19512   18650
   33025   35688   12221   16982    3194   20536   23746   23488   36418    6689
   25651   26750    8314   35499    9086    6793    6558    9001   19601   10278
   26749   17223   32152   14589    4629   21870   18547     451   24870   14036
   32762    6613   20522    8909   26331    4993   17982    3448   13082   27153
   29567    9854   29523   24343   20121   19311    1960   21198    6344    8093
   24662   13975   32215   34602   27133   32605   23130   24553   15448   26963
   29303   10979   27494   29751    5408   18982    1874   20708   36017    4103
    1788   19175    4984   21671    1030   11045   26456    3506   31197   18866
    8577   19037   18774   22961   26225   18800   29538    8143   28695   22510
   24539   19838   24075   11748   33706   32122   31918   29629   16568    8816
     250   35364   35784   11616    2862   32126   28427     259   29977    8555
   13591    3019    8131    1352   11012   13384   16019   23837   26029   34697
    3980   24100   23972    7548    2346   19683    6571    4244   19562   33787
    6857   20446   11203    4760   26751    6979   31908   21949   26481   27002
   20890    1981    1721    2722    2699   15282   15153    6313   25913   35156
    3398   17917   30245   15606   13499   25115   13050   20123   35073   35640
   26843   30639   24301   14885   30762   14742   11333    3274   25406    9321
   24275   11382   20162   33985    6342   25709    3143   20165   31876   33538
   27149   13333    8230   30951   28623   17736    5087   10882   16941    1578
   27097   31343    6151    1518   27868   36137     456   25223   30106   14601
   35470   20295    3657   30535   18011   31544   36869   36091    9159   24328
   12772   12517   23197    2753   11794   24116     919    3258   18224   30467
   25018   34304   10863   31642    8604   26493   15104   30847   36529    6448
   25189    1139   35952   24098    1318   32418   23273   20582   17470    8552
   18665   28720   19754   16731    3291   26808   31119   30597   36895   16359
   20225    4174    5298   10711   28242   19615   24719   31778   34963     144
    8011   18223   10994   33179    3028   26620   26002   36260   24823    8089
   27924   12458   26184   12647    8333   32967    7243   18281   31962   21879
   33492   30001   36194    6304    2579    1338     484   18014   15910   26991
   32315   15891   16778    9613   19934    7604    1524   25880   17710   36844
   23734    5358   19318   35614   16892   22019    5726   15393   24020     647
   15098   35683   35357   12976    7073    4121   13403   18691    6640   21205
   20959   33590   26762    3225   36079   27790   15416   28867   19819   19696
   15094   23452   13690   36071   20311   11311    5076   18692    2382     449
    6426   31228    4425   35413    8724    5056    2288    4387   32351   32161
   33340    2245   27101   27166   11142   11866   29131   32165   19963    6557
   24716   35313   14705    3386   15052   15950    5571    2530   28039    4104
   11046    3880   31943   14364   24419   27759    2993   31221   15355   15930
   20643   21686    1809   24724   17810   35762   16058   13299    9816   17120
   24090   16707   36162   22418   34594   11390   20452    5810   23862   14801
    5508   18793    4936   18584    3222   25940    7546     922    1922   35277
   11269   18684   23755   14339   19336   17087    3431   21646    2211    1261
   15580   18701   11825    9708    8858   30959   15522     705   22828   25082
   19445     182   18296   14846   28162   16636   36651   12967    3912   19000
   12728   10132   22980   30863    9404   20201    1190   32584     466    2952
   31967   28158   11811   22728    8442   25076    5906   17993   21149    1125
    5877   11089   16540   24496   18647   32261   13741   10419   18078   13247
   28076   17960   21032   33106    2583   25394   16138   20144    9961   36760
   20286   25523   35935   13666   13716    5802    5873   29159    6068   31486
    6614   32221    1967   30640   14538    7845   21369   26185   34863   27541
    2947   14598   34851   33687   13170   26079   16612     713    3765    7460
   12181    2128   25271    1081   19142    6030   17632   14493   11951   12774
   19598   32102   18705   14793   36167   16797   17042   30053    6801   27229
    7187   15896    7799    7459   29683   20157   34080   22652    8658   34029
   22077    4904   25228   36419   22610    4709    5642   10484   24096   29542
   20192    9395   30914    6510   18995   13022   30025   18987   11969    6107
   31507   31839   29454    5258   13589   34991   15754   18683   19534    3077
   28836   29802   18028    8869   20741   29373   18474   31779   26986    5922
   20252   16723    2614   29558   36478    3824    7886    2011   23623    4235
   30177      86   28952   17390   20075   13871    8919   35294   14114   26806
   28596    7159   22926   10902   21962   16087   17518    1369   27356    6169
     471   33844   26993   21783    1100   22187   27550    4690   26785   28105
   11463   18497    8983   12567   20487   17236   25832   11679   26295    7753
    9846    1889   20124    3958   14556   28987    9798   29010   16974   11027
   31556   16412   33118   18467   21724   20464   22305   12822   13028   16343
    4483   18631   31050   34474   27014   33673   17396   19606   35926   26748
   14499   15545    5507    9112    3789   10052   30783   29465   11800    2361
   27709     336    2703   13606   26928   13904   11633   31828   27087   11088
   22779   19604   22585   29169   25549   16861   25221   17742   33396    4139
    7780   29448    7082    3076   21850    2132   35195   24685   33506   27038
   32880    6218   11512   35369   21899    8994   28381    6160   23920   15690
   11485    9556   35754   27493   35969   29114    5156   16907   21226   14845
   21017   34957   16878   35940   18848   20856   32156    8848    3593    6897
    3860    3636   35307   27237   28002   21566   18004   14219    9399   33362
   27991   33768   21595   35151    6745   31301   34412   18518    9106    8987
   21677   28617   33614   19614     375   22814    7951   35036   17695   36822
    2377   31312   14102    5578   14361   17215   35850    6175   16840   29603
   31340    2177   36014    6846     566   15618   35520   17374   32656   31954
   19042     582   26830   32293   17279   17787   19998   19497   14546    1390
   34677   24680   14888   29311   10891   22657   12464   31020    7085   24263
   20562   30775    6517   35718   30456    3543    8041   32842   34801   35171
   15512   25628   26505   29510   34398    8918    3992   19641   22719   12958
   14596   21510   33164   30075   14664   10789   30929   20568     116   21682
    9883   29779   30267   25990   13136   17156   31593   21655    5389   12391
    5065   17944   29473    6355   19151   27782   30185   27866   20803   23027
    7876   18091   20964   19658   24601   35908   20784   29253    2695   19706
    2411   14993   32601    2553   16068   11347   21814   32225   30003   10878
    9618     663   18786    8133   31675   32041    9132    2015   11975    1462
   34644   31305   35496   31603   30854   14729   23855    6538   27415   13816
   32878   12862    9696   23628   27297     848    7847   15638   30876   19647
   22021    3904    1909   21538    6421     289   24448     980    3538   24486
   13850    7838    9427   13137   11127    9950   22786    6563   24323   12652
   10815   33037   20855    3447    2076   16232   20600   28694   24397   14967
   25166    2921   30619    8201   36117   30936   29715    3494   16014   28378
   36432   28813    8931   23254   32765   24654   34161   36940    5130    6622
    7653   12804   19108    6213   18376   18678    5672    8796    1188   12318
   36324    3518   18562   11200   36415    8503   21703   17625   17855    4799
   16297   29721   21489   21325   26686   11930   12364    4627    8496   29431
   11715   25197   26776   10247    2418   19226   24520   16385   36784   21797
   26881   28465   15213   23564    6629    1532    1404   36058   10304   13868
   27669    2599   14131   23114   24781     818    9222   13362   10912   32382
    9107   10925   30057   17206   31177    7776   25997   11024   34639    3833
   21782   12040   10152   25459    5828   36831   10144   28476   20861   27610
   36410   19590    6912    9498   24156   15445   34348    6833   30989   29358
   34324    2730   19358    8044   12851   32687    6075   28860    4470   26792
   16643   11133   31162   26068   31335   30435   22882     461    3705   19834
   22322    2788    7919    5339   17468   29219   30975   30279   15103    9565
   27420    1911   34860   21187   21102    7115   17746   32747   36719   32866
   35536   17376   35257   33880   35279    5283   30495    3666   34273    5653
    6294    1254   31306   22111   30490   35868   22133    5016     832   19540
    9311   33867    7298   34376    7326   33918   22827   24437    9559   30664
   34711   33964   21442   33509   22249   32124   34002    9752    9634   12248
   32013   28626   10371   10852   16384   16097   22551   10553    3433    7402
    2290   36985    3989   29409    2149   10406   21858    5150   24354   27844
   20249   19362    5026    5935    5692    2036   29205   33443   22206   32841
   33748    4998   16376    1465   20016   35786   20826   21335   17804   23222
   18599    2398   24349    5172   27348   30399    4400   34900   19331   30578
   21852   33605   12200   12757    8170   15710   14806    8937   30335   13077
   28244    7573    6336   20209   16341    1931     987   25249   28312    6765
   19181   16780   36842   20735    5353   35092   14151   24010   21315   18037
   22411   32570   13389   12144   28440   36036   15286   27912   11826   35726
    9931   16434    1722    4029    9452   27186   16514   20962    9475    4146
   17585   15661    8247   13017    3905   16262    5737   19824   32140   21192
   33983    9901   28118    2057   15049   11481   10975   10213   33759     660
   29870    6778    3866   31949   15576   29671   17627   15505   23507   24683
    8169   33565    1767   14839   10580   15992    7704   20769   18166   18156
   30421   23552   32788   25984   30468   36947   32693   23442    1886    6232
   28585   12336    8705   19432   23883    9638   10825   14819    3435    7137
   14191   16877   35627    4384   14944   14024   28548   33418    6045   24005
   18794   21901   25445    6455   30792   35339   33242   28770   17537     681
   14438   34378     338   14688   20281   23971    5875   10353    3007   28301
   17568   33548   36161   36033   10770   19930    1164    1980    8588   35173
    9591    9479   19933   26960   33441     275    3825   35479      78   23415
    4579   32323   28699   31924    6348   31775   14431   13178   31714   10046
   21421    7768   19880   13044    7042    7609   32092    7856    6822    4513
   32389   20905   32424   24957    3707   27544   13980    9122   23421   34685
    6529   35562   35359   31451   27194   14561   16473   33786    1454   13604
    1343   28466   15643     323   34523   35822   14244   14410   16738    2908
    9187   30655    2016   17602   12454   34207   21855   28115    7140   24391
    6365   28456   19451   35945   28196     596   22116   16767   21383   12344
   15770     576   30130   20474   27830   15932   17482   12857    6136   26558
   13378   16269   30159   31089   28709    1053   11677    1036   26703   34286
   12711   19261   24036   16209   20574   24203   28991   11940    4025    7836
    6310    2613   13164    9607    7094    8808   21457   13515   25671   34830
   21933    6125   11624   20880   29549   26327   17163   36037   14108    3462
   21937    3806   22607    5699   35783    1144   25675   27955   10308    1405
    7649    7439   32372    4934    9371   21908    2278    3174   36598   32731
     869   16678    7007     872   14870    3260     128    5989   31851   28725
   11550   31057   26527   20052     294   32079   15693   21788    2902   28868
   35982    8993   25372    1784    4399   34854   10219   24454   15275     380
   27767   30029   13688    5086   10350    6332   35824    3618   34581   20892
   12773   24732    8022   25080   30551    3605   22220   34204   28875   13956
   13790   29421   12402     160   20529   10452   29725   30120   21976   20236
   31747    2159   15627   16228    9202   35572   26824   18065    7265   33403
   26229   13655    1670   10903   31573    4919   14420   29006    5603   11487
    4504   14012   24626     183   24283   22775   27354   27412    3002   30211
    8753   13954   28922   26030   28665   13835   22459   35054   12864   33951
   24136   17271   11716    2555   21974   28097    8610   21021   26482   12798
    1768   21311    2007     145   15156    3475   15826   21959   21781    3811
   36399    5955   25436   24619   16260   16624    8713   12595   28689   16436
   19677    7775    8410   21299    1382   30883   25353   16944   19795   27203
   23848   16763    2512    4444   18696   11509   20152    2443   33830   29397
    2714   35527   29349    6438   26825   29110   21314   35835   26374   10410
   36321   15417    3455   22633   35950    3674   17542    9977    5318   21507
   31077   16464   34266   24449   21173   32683   35636    3640    9596   19853
    1478    7296   27638   16301   29811   16344   12153    5452   25905    9047
   13645    4604   31766    2232   25551   17402   11566    2321   16328     322
   18012   26871   35629   36865    4621    2573   33976   26489   21984   33302
    3877   13211    7826   29967   31581   26119   13847   23218   19456   30395
   33360   28095   19205   10468    6942   32104    3985   22350   10327    4015
    1002    3320   27343   24295   17641     648   11085   34306   24729   36201
    7391   25907    1402    2594   20602   15608     459   13942   24091   36971
   34119   32736   11044    8007   16101    1370   28553   15737   10317    3041
   11962   25005   25701   22630     844    6841   27380   20951    9999    6361
    6393    6445   36891    2628   35529   25002    6672   35903   18901    7156
   18669   11505   36691    5937   16884    2642   30157    8682   31699   34778
   16013   25739   20742   32779   21086   19276    6006   22740   15600   19411
    8057   21494   29975   17748    2885   14525     226    7659   19401   26683
   14375   35578   22207   16170    4246    2927   20207   12537   32969   35710
   36395   29851   36451   23072   22388   21445   12710   34158   10663    6490
   12980    3633   29691    7819   13006    6275   31655   19468    4075   14429
   10363   28747   21525   32081   29896   31559   22167   31770   23787    2532
   23804     267   14104   26180     420   10641   30682   12305   16251    9445
   16132   24127    8454    9538   11986   32686   29450   32200   33674   18728
   12835   36290   12527   24582   32883   31370   13360    5498    1867    6166
   36101   32459    4669   10762   26919    5525    6662   32421   23061   11795
   36452    6239   10077    5991   29012   15357   14884   34347   22799   23532
    9616   31693   10291   23641    8954   35749   20725   32437   10775    5375
    2944    1087   20347   23651    5416   14008   24911    6771   24590    1169
   13134   25215   12216   27704   15033   13626     678   14392    2010   19851
   35570   22492    1285   34487   12673   11898    3168   16432   28764    5973
    2009   34020   15604    1490   24458    5202   34132   10253    4533   32305
    4676   26283   36339   16039   29347    4728   29315   28796   14179   16387
   20338   34940   14834    3221   25752   18149   31215    7304   18989   33965
   35800   21863   32042   35663   15048    3375    5391   18036   16869   32274
   30769   13420   27438   16664   22923   15918   29230   23976   18425   24229
   36362    9757    7485    1401   26282    1984    7151    8946    4163   34094
   33406   36792   31205   22270   32855    6924   33619   29909   32884   34762
    7770   17648    6914   24966   21836   22887   12516   29740   29109   33162
   20535   19528   32359    9997   19646   17106   16553    5671    6460   13872
   15016   32698   31499   30004   28359    1766   30565    9448    9605   33165
   34171   11840   14553    3949   24205   30350   14943   31989   24491    2181
   32590    8535   29535   14414   10331   21160   28550   13575    8564   24426
   21915    6549   23795   16992   21250    9298   36819   14340   10324    8512
   18160   28749    1480   36364   16895   22634   12578     230   21924   26016
   28920   34870   17945   31658   11029   26495   30873   16112    5247   13121
   26624   16511    7973    5697   11598   15963    3839   36245   13225   20990
   28789   26662   22870    1092   23823   18553   12902    8567   31115    7992
   22081     467    1226   15873   12865   27408   21326    8571    5350   20528
     750    9506    8489   36706   20707   26409     469   25285   29862   20247
   21054   20752   31428   14294   33801   34070   32912   14182   10341    8405
   33307   15174   19363   15683   30976   21568    2562   14115   30627   23176
   27315   13450    5384   14959   31332    5929   15532    3991   33295    4512
   18934    8389   15487   31659   26416   10119    3911   22355   32158   15751
    2925    5822   31368    9332   32524    5222   23985   26253    9039   20774
   32871   11023   32771   14557   10562    3575    8249   14312   31267   32046
   20053   36015    5023   11659   17738   12836    4643   25797   16790   34928
   35626   20755   34965   26366   19039    6995   27950   35199    2924   29033
   13058   25118   22294   33339   17328   10203   17669    2265   29938   17608
    8607   17918     601   16928   19705   36601   13521    6219   17177   20848
   21109   24533   14399   29455    5590   23718   15466   29304   25129   10900
    8063   21260   22692   17333   12398   19972   31518   32483   33694   32057
   15739   10929   30994   13290    2441    4765   12633     883    8589   21189
   30447    4112   34974   16559   13780   26983   33817   18538   28254   36649
     249   26101   29185   11266   36945   31587   31866   20056   32493   35550
   36326    7829   30171   11322     239   10287   16526   21248   10262   34364
   33109   14969   31739    1412   25013   19669   11636   20057   11592    6044
   26325   27183   14027   20327   15143   32333   25563   28519    1547   30986
   32047    3863     203   28655    6130   27515   19948   22486    9009    8293
   25140   26089   24726   34529    4332    9628   23377   30210   14645   10991
   11933    6939   12142    7069    5448   24740    6747   36860   29547   10297
   17488    4179    9441   26921    8129    1953   27657   21534   16984   28787
    8553   32311    3161   17327    3341   17003   34757   16250   10333   32719
   13988    3746   12073   32716   14444   21932   29256    7868   27130    2021
   22183    8366   29697    3921    8955    3884   34573    7183    7767   20000
   15013   19850   18555    2558   18362   31847   27635   27144   25856   22935
    8409   15537    7520   17207   21950   34562   35660   25867    8890   15789
   25182    1185   36938   36917   16685   25731   35296   12624   21638   29643
    4733   22186    9499    2987   14470   18581   36401   32650   20620   29829
   17911   11137   18451   35597   17403   35537   16415   23284     917    4731
   16683    8257   26978   18844   13577   12636   33651   24465   26596   29732
   26093   17027   22256   30631   30808   17319   29729   25546   36620    9711
    8865   17036   28174   34293   23270   29591    1386    2793   25673   25599
    7852   23480   35892   27280   23252    8323   33582   35921   31024   10045
   34339   34414   31940   11217   31936   24393    6860   31284    5971   22621
   20978   31628     178   27775     470   24569    2329     637    6137   18326
   19478   21042   30426   36916   19452   23116   17614   13402    6346   35770
   32002   11308   16634   22579   22353   27879   28201   13737   14123   27596
   31409   35447   17254    3893   26241   10364   14715     126   20013   29653
   35416   18309    6965    5208    1221   29325   15291   35696   23136    1589
   16605   22079   21889    8872   17247   13035    3497   27269   35518   32751
   31085   33606   25882    9437   35896   13561    6327   15808    3244   30945
   10207   16813   23592   33992   16494   23178   32240   22667      10   10076
    6714   23328   13083   31064   32861   10659   11874    4966   11916    5276
    5355    5581   12800    8275   33625    6666   16317   27656   22157   35689
   19236   27248   12870   32615   35928   17515    1831   19858    5196   20427
   10487    4723    7215   18880   23728   17583   34493    3920   10807   21456
    8573    5055    1837   34969    8000   32296   22288    7498    1910   11585
   22474   29356   30457   22544    3890    2001   22194   18119   28401   23019
   10988    5463   27092    6012    7987   23615   24436    3979   34914    7791
   23233    6142    3176   19766   20486   17844    7974   12341   28248   13199
   35567    6032   21996    1609    5176    8656   26096   20579   14177   19131
   17002   18475   11151   20805   15914   33512   22770   34558   22636    5931
   27582   29181   30709   15039   22059   33286   36342   12779   23080   29887
    7032   34923   25862   18670   36560   15565    7598    8499   31764   14878
   31838   22755   29890    4157   24879   20319   10668   11567    5077   22508
   20014   31634    1593   35009    8225   25607    5352    4001   13435   35920
   32452    4228   35500   16752    7072   29348   32980    4783   30969    3189
    7260   19092   23609   23915   14639   29551   19765    5328   26577   34946
    7182   26470   20809    5279    4722   13855   28305   35638    9672   27312
     352    4977   25942   32893   34710   23929    8832   30801   26097    6091
   15102   19093   11437   18865   10510   11667   12322   23255   27099    1925
   11245   33213    3057   33115    5787     765   26389    9989   29826   11799
    6254   13630    5966   36078    4069   15729   16721   11349   21928   22312
   36861   30596   27585   34450    6427   24505   15524   20987    7168   25759
     545   17169   23271   18079    9247   26142    9362   23859     912   13653
   16998   10375    4683   32121   20794    5300   16372   28817   20429   16371
   24926    9793   21350    9090   23852   26565   22115   17828   14163   36515
   36134    8473    6910   19501    3249   34044     619    9272    9241    2422
   36183   20237    1742   28260   23897   35380    1130    9787   18200     174
   17827   21778    5387   14743   12909    1757   23305    8440   22639   25317
   24630    3383    2046   14883   20341    1114    7970   15899   22651   23712
    3568   30174   12745    3898   19162   27459   33197    8660    3709    3627
   36259   36121   12599    1566   22303   21818     179   23674   28452   29724
   28681   15129   26926    9595   30756    8433   29956   26875   25723    8444
   17839   10403     407   33971   34413    8643    4890   26326   30008   30831
     389    5513    2756   12988   18450   16793   14866   18280   12469    2723
   22090    6936   30862   36607   22594    1882   33960   12029   18610    1820
   26271   15199   11858   31526   27036   24972   33290   13517   24803    5549
   29338   30047   18390   16046   33736   24872   21183    9780   36975   24615
    6715    9465   20862    3895    4853     936    6919   27893    1213   18638
   29015   35395    3061    2090   19255   10258    9422   30105   24955     971
    4272   11222   16183   12070   28448   31387   17645   18910   12329   13487
      34   29047   20711   31567   21839   36147   27295   33419   28619   33236
    4535   24845   32439    9615   12236   29917    6255   25181   33624   28389
   18046    3570   15765   24286     940   28712   34036   11674   27303   10859
    7046    7172   26908   29827   19750   19341   36157   22170    5704   36059
   28017   27941    1314    8114    8151   36617    9226   21955    9610   26199
   28124    1545   11704   27914   15651   25143   11092    4286   28515   31572
   17509    3874   34148   30980   22645    4625     584   34648     529   35299
   32018     908   19900   24339   35334   29908   21921    7554   13292   23821
   14088   24517   19373   19807   12230   22913   18023    4944   31250    9203
   34892   16399   32416   29346   22962    5729   34023   20933   16212    3413
     532   11545   28126   14354     714   31160    9300   21080    2389   36236
   23279   26215   17987    1732    3821    5792    8073   32287   20806   22158
   19993   33535   15382    9936   15590   11640   33376   12208   20646   30111
    5338    2667    9526    5809   14841   32218    6121   33050   18250   20168
    7233   36735   23857   18067   26634    3643    3837   16728    6504   21116
   31489   30923   29930   14559   27734   24406   11361    2622   15196    3078
   28027   13918   16932   36239   34880   23769    5356   28686    1576    6208
   14540   32308   21381    5194   15514   15470   13318   19145   24722    9296
    7012   18465    4898   32489   30431   10063   27754   19875    6286    5548
     646   25891   15400   20156   35664   30319   20234     655   13929    2890
   35135     367   19170   11309    2169   10259    4932   23241    6578   17949
   28422   24763   22043   35705   12280    4729   12550    1350    9589     263
   29840   15327    5454   20720    8119   26198   16195    4305   22250   33124
   26547   33627   34476   15603   18460   32460   10220    4719   24809   25592
    8371   34241   19672    4864   16903   31098   12360   28366   24222   14701
   25232    7112   19621   22376    5012   36749   34732   27875    4595   25252
   36850   30190    7438   11443   14445   23005   19687    7997    7848    1538
    9115   28394   24155    2685   13224   27407   13845   31076     788   27143
   35401   36586   10569   34185   25283   36114    5514   31235   34505    1170
   33945    3213    6043    5446   22891    1393     360   29876   27012   14945
    9383     527    3647    6712    1715    6568   27738    6858   21844   21880
   16045   30406   33866   20866   33059   30896   12649    7599   15015   17685
   20163   30088   20403   36214    3251    3944   33638   26477   18083    6650
    1138   12667    4040    6544   28414   36539   24049   17675   21273   10030
    1750    3926   22846      47   10172   31037    3034    1777    4485   10504
   35986   10456    1182   12370   13560   25746    2665    7462   30089   29366
   34104   21994   33138   10666   34426    9147    1077    5382   11258   10002
   30672   26011    8645   23937    8446   19656   11556   32004   12446   24330
   30686    5488   32556    8511   11097   31019    6832   32546   35650    2606
   18789   36060   36820   12890   13543    5686     243   30573   35332    5808
   24694     139    2846   15743   29082   12270   31038    9639    2509   26865
   17574   34779   11287   31236   22096   29514   17712    5920   24905   17038
   10265    1711   26379     733   35285   31074   25151    5558   32155   21733
   31389   20941   27517   10748    3619   12210   26131   34717    7658   15824
   32538   21105   10032   25364    3502   25558    8587   33883   19866   25954
    6786   14308   17934   22570   13934   20371   35148   10577   18263   30593
   27784    4583   10477   10482   23303   35035    4359   34202    8559   12551
   33833   36708   31852   20046   33765    9141    8154   33409   21695   25904
   16267   12403    1739   31913    1345   23861   34871   27502   22406   21009
   25753   19244   11706    3501   17946   33057   26357   11351    4923   34178
    7199   25398   18986   35452    6651   20961   21585    5127    4460    3624
   24103   27682   34542   27172   32210   24613   32448   15926   20632   28546
   34543   34176   10723    9004   28605   30287   29833   35794   34434   18170
    1099    1363   30152   14380   35093    4774   23481   14502    9606   26219
   13311   11397   20175   34592   33708   22515    5489   17007   10971   13400
   35796   22494   24200   27960   13346   13691   17182    8285   12564   29395
   17517    4648   34612    1761   21813    9394   20141   10175   14074   18493
    6141   27592    2209   32426   31253   33447   26851   35744   30109   32317
    5420   22860   36456   24456   34772    4071   10786   29103   16075   11899
   30122   26897   32213    2409    6018   32954   29913   16451     274   16904
   26628   22894   31291    4989   35418    1089   11618   11850    4191   31808
   27299   14441   35372    5041   16737    4258   22753    5876   28474   15042
    6143    9805   16130   35235   14902   25756   11642   25914   34295    9095
   21428    4991    8336   17117    7004   30811   20081   25659   10647   33840
   36636   10959   33490   21286   19011   26166   14610    4811   35402   11041
   13078   15366   31327   15769   19417   13557   18171   14947   25491   19688
   35671    6659    2810   30028   32077   29017   25367   26858   17673   20065
    5410     109   18187   22159   22035   36817    5000    7839   13285   26141
   20878   11174    3064   32236    3101   25336    7996     419   25528    7944
   10760   20339    9320   20171   14161    9154   13836   29597   36553     396
   12468   12659    7350   30731    9173   16569   23161   30405   32673     710
   18714   11433   36205   18188    6624   19718   26930   33657   33337   23301
    3637   23908    5946   13024   17443   25326    4024   22448   13549   34439
   35192   29861   20060   28841    3615   36896    8910   24061   23309   28063
    2314   17859   17472   34210    6989    7070   20105   25576   22619   30430
     921   11996   36870   14633    3975    1970   19122   25309   10856   10702
   22136   25117   18903   36756   28321    9443   10579    6467   13991    1514
   26047    1072   26907   24819   32885   33990    2871    6805   35721    9044
   10700    1461   34499    7842   20274   35735    5664   17023    5952   13124
    2603   36132   10651   30584   36704    6583    2122    8618    7738   22940
    7869   24929   17961   34907   14611   29115   17063   17363   33780   14749
   25945   32444   19097   16942    6945    4692   29432   34585   35877   26220
   30738   24080     208    3262   22460    1097   26575   23645   35938   17079
    8837   26782    7424   29728   26417   24453    7122   28960   16427   26513
   24417    1453   14545   10662    6923   26673   14319    2735    2779   26781
    6204   19770   16852    5637    5042     333    1387   14020   10820   28235
   27411   16315   24604   29737   22615    9534    8995   28829   15757   36530
   31651    2269   10402   15252    5332   13985   29188   31357   27965   25246
    6235   34633   13043   14829   22380   29291   24913   18184   29963   25127
   17033   13161   35417   33185    9037   15584    4132   22398   14543    1142
   27193    6953   10654   17210    5863   12132   12439    6144   26120   28828
   22467   35482    8361   20714   15686    3871   18544    8462    1311   19865
   35301   32925   33498   31255    1635   20871   17102    6391    7079   34211
   18567   22954   11934   16902   23268   15782   16566    3045   30659   10292
   24948   33046    2581     218    4183    4120   27337   16398    8218   26568
   35282   16889   30705    3690   28350   19114   15451   29345    5344   10067
   16092   36439     151   23765   14139   24457   33663    7541   19099   23893
   31776    7269    8982    9485    4368   11702   35584   18115   13882   28872
    4253   23440   35048   21882   17148    9821   18646   30815   24834    9686
   33993    6574   34662   19500   29231   32275   24513   36002   23578    4544
   35700    7103   29330     684   22582    8735   35566   13144    6723   12312
   10485   32467   20038   21980   29061   14998   22536   30604   27329   31187
    4946    6234   16564   35098   25870   24230     423   15191   29414   17237
   21679    2005     285   29390    1136   27667    9922   30712   33713   32480
   23523   18845   29599    3628    3499   22015   26989    9760   10284   30996
   30580   25396   29177   25979   25858   29233   24649    8593   16300   24829
   36603   21432   32169    3539   27468   10967   16133   23298    7975   27712
    7595   32361    7329   18851    5373    8807   32245   18288   33890   15813
    3315   34259   17351   12294    8723   11828   12776    5662    7697   11286
   29001   33144   30927   25164    9614   33254   25210   12879   16074   32571
    8181   30866   13388   10671    3464    1163    3936   29213    7282   26152
   16345   21842   10926    9220   22905    2827    1776   18856   25957   36020
    4335   32835   24774   20567    3813    9697   35405   24811   34657   10973
   25978   16185   18257   25946   15684   13032   19899    4785   23815    9388
   10041   14668   19864   14591   34973   34022   11488    2897   12120   19317
    4843    8246   26800    9868   28668   36181    6653   12941   24188   12314
   21230   18673   11131   16126   16706    6849   31469   32535   20172    6345
   17261   33649   36731   24667   31031   14632   15798    8124   34659    7201
   11751    9580    4687   11461   12005   18858   24016    7516   19622   31285
    8086   36855    4089   15084   30908   32888   10575    7429    6540   24233
   16287    4497   31720   11497   34229    6658   29819   24416   31158   16622
   14109   14446   18785   32599   10385   30665   31521    2802   16051   11882
   14079   16550   30040    8488   14186   24060   35963   27607     148   26291
   18144    5643   26952   17757   21526   14663    2162   18175   25077    2817
   33621   22704   24596    8847    8417   22335   16265   16431    9847   17903
    7742   31144   21722    3736   33363    2003    2424   10357   12390   24633
   22791   15141   16517   20938    9660   10351   32916   28514    1841   17623
   34223    8632    7481   23067   23369   20852   15795   23602    9152   30846
   20479   16960   19427   17276   11703   18907   28472   20178   12168   31465
    4957   15080   22528   33682   32503   10466   19996   17088   34698   15386
    8646   12465   21657   31685   31457    4155   22290   30388   26117   26080
    4284   21256   13108   14290    3151   33370   11378   28221   33832   19120
   13064   35204     521     181    4478   19872    3362   27702   26665   17166
   22284   25993    6721    6597   26832   10773   35916   26650   36207   22998
    4727   10936   25305   17113   12995   10779   30248   25264    1674   15999
   30021    8278   15702   13492   26629   34837   10519   15898    8077   36600
   29254    9536    9253    7800   16503     580   29925    6572   20063    2116
   31662   26534   19988   36785    3665    9466   19665   15126    4187   33132
   29858   17397   21185    1408   35079   23631   35991   34867   27720   18577
   21120   32500   26795    1596   36980    8985   28006   23234   15534    3429
   22694    9067    8654   18370   13380   28399    1556    9834   12035    5982
   25536   18318   28713   22449   25610   35435   14979   23670    8961   29823
   13018   29327   27546   21576    5292   28156    3757    5647    7981    2727
   35647   22246    1450   13260   14082   14471   30713    7314   25596   33298
   15371   31256   36070   32109    2109   17270   15415   29491    6784   12275
   26609    2777   18151   15236   33589   16207   13084    4933   26287   36751
   25334    3951   25186   23636   30633   28572   31445   34197   30696   14144
   29190   26944   36798   17661    3389    5783   17766    5633   29957    4442
    3573   28296    7131   25022   25569    2294    6326    1308   28435   16472
   36918   36531   23722    7421    4175    2300   29987    8328   36563   34980
   23101   34683   24220   19315   35774   24646   33296   36277    8785   27977
   22668    9611     928    6119   15528    5291   24624   36595   10031     899
    3358   28504   20497    7603    9933   22029    4407    3800   14602    8404
    9316   16836    1279   17928    8013     798   11047   10876    4312   12094
   28498   23455   35894   21025   17555   29816    6398   24576   24439   33544
   22346   27437   14054    4336   25617   19729    5052    6002   17434   23184
   11890   28579    6196   17384    7989   19701   10849   33211    7420    6468
    9273   31365    3278   12339   19433   21181   33885   34067   33693   25921
   30137   19472   29849   27039    5851      98    8058   30926   14784   23764
    4564     758   25522   24711    9123   12393   11396   17015    2951   18533
   35017    7071   30227   15730    3961     665     299    1353   23785    7941
   18874    1324   18621   18938   22586   23928    4716   17793   11781   16750
   22328   26556   15517    5125   32699   23156    3576   32469   19536   20343
   31915   20012   14752   13613   29602   30332    5739    1088    6591   32767
   28603    5185   26123   15981   33061   28349   23810    1421   15277   13271
   26305   16629   36282   17785   19216   29518   31803   36486     949   20213
    4182   17519   20729   28071    5122   12943   34110   13047   33938   24040
   18911   33323    4786   36799   31361   10312   15316   11539    5751    4805
    9683     297   11419   31644    4358   20402   13536   33698   35208   27160
   31279   29236   22964    6975    1847   18387   34258   10517   28729   32684
   36310    5495   16989   32877   27125   24840    8763   11608    5760   13227
    8685   21746   31677    5334    6191   16015    1337    4835   13393    7368
   32935   30225    7332   17773   19152   20944   24383   11568    8396    3373
   33829    3835    7905   32302    8233   11964   20571   26394   32023   35502
   14475    3549   11619   15374   15256   26344   11779   16360   24511   21563
   23760   29608   29143     858   10150   16538   22960   13175   26503    6674
   32508    1211    9288   32022   25368   19773    1366   33294   18123   29867
    7898    1540   27289   28280   15805    6648   27755   22632    1615    7866
   12343    3489   15434   36772   19268    6501   26815    6876   10315   35564
   26197   18164   14574   25325   31367   18194   18522   24707   14255   36585
   28631    5938   23272    1183   26433   18174    4880   17980   10657   32682
   25183    9239    5435   21331   19351    6948   29995    1424    8378   25941
   23757   21018    1458    9822   23749    7642   35609   30817   18302   29992
   18664   16794   31850   15763      21   24946    1649   10720   19188   33241
   29030   25028   29375   18143    1133   23333     926    2877   36120   17427
    6808   27443   20770    3918   10860   19204   19185   22316   34255   21872
    9325   32549   17250   11680   31815    8755   11498   29525   19249    7120
     897   36185    8950   21565    3302   20580   25548   35019   36815   33304
   19869   25302   35272   26649   36089   12594    8212    5129   27587   18914
    6807   30020     235   19229   25415   11786   29026   14449   25773   36303
   19906   26959   22281   16461   10145   20217   11135   24854   31337   26889
   28705   10528   17576   31350    4401   35109    9061   33371   21103   19617
   27719   15810    3063   16516   14739   27173    5372    1273   25889   36812
   24403   36043   11093   18878    7820   28274   16591   29096   14172   36666
     219   29331   20758   22468   19832    8810    3113   32944   36902   34243
   30897   13309   31551   34971    1529   31207   11753   31894   20813   34664
   30155   13130   16307   29104   25597   12904    1869   32395   18984   25295
   24859   18890   28398   21647   13110   20546   32485   23050    2292   21885
    7664   34663   28926   26559   23024     341   11923   18949   31532    3477
   36381   35330   34926   29146   22485   26847   18948   23914   34320    3013
   26136    8459   21480   31196   20953   31937   20091   33709    9743    1978
   13506    8780    4892    4452   17684   28061   23181   14453   20530   13497
   12568   14166   31671    1729   27127    9271    5386   24463    5243   28662
    7811   15356   20660   16973    6943    2160    7323   18930   14690   26676
   14725   36673   29766   16164    8452    9156   22565   17786   26693   26317
   12680   22654   36672   36348   29915   29049    7669   25162   27409   29097
    6593   34862    5894   11494    8798   27115   26918    5782   18297   18596
   16614   32327   35586   36775   23980   31768   17456   24394   11370   14909
   33225    4404   11058    6817     745   22447    7453    4002   18311    2796
   27441   11722   31078   22470    8353    9727   32528   14964   27524   26442
   14369   22588    2835   21757    8297   19756   23951    9930   24709    3851
    7157   11524   18301   26705      95    7194   25339   14157    3010    6406
   18342   16452   10238   34437   36298   36638   19297    8291   31820   10325
   35818    7889   31893   35785   15715   35247   20749   32380    4363    2833
   27498   23820    1601   34656   33745   15542   30337   20898   24337   18743
   31635   33476    2889   28739    6430   22374    7713   26321   20348    4377
   36538    9386    5267   18904     547    8326   34738   13750    5615    4434
   22776   15192   20115   14571   33821   19661   35918   25259   21867   35326
   25952   25247   13598   13334   25669   33435    7008    5169   19739     191
   10187   27542   29528   24201    8038   33084   22673   11910   29065   17852
    7039    2552   24549    7283    8375   34012   34083   33086   11011   20642
   33427   10800   10944    9890   27625   23694   13147    3248   16901   20555
   23393   31363   12423   28459   18016   33117    6748   17268   28183   36267
    5730    5175   33251    1792   14896    1263   23404    3357   20788   14652
   32518   10322   24996   27982   11123    2210   14175   17770    6686   11565
   27756   10981   34013   18329   12898   30810   27559   19811    1154    1714
   33888   17407   10966   31752   12661   24123   15753   19222   17994   36967
   11422   13359   22984   22616   15342   23738   14671   30729   18479   10318
   36660   36130    9000   11202    2629   33421   29117    6168   13025    2362
   14023    7990   23571   10463   10137    6369     340   24961   24603   23092
     362     457   16214   21812   18427   23649   31341   24673    6696   15334
    6552   33351    4995   18313   23170   31271   30396   32209     276   32014
   16756   16625    5066    4820    5361   26695   11726    4096    7143   15247
   15483     473   23011    3836   11520   23236     177    5165   18912    4027
   17500   35419   30660   18214    9764   31705   22354    9978   11233   13797
   15091   29279   29775   13452   29978   23579   17017   16759   25934    1617
   12724     901    6325   35252   27652   26314    5060    1737   19408   11277
   21414   32724   30703   16851   33142   14844   20174    9053   24666   31990
    5007    6226   10062   30295   26957   16991   11100   26421   15959   31546
   16919    4694   33390   15648    2077    2639   22624   22545   35057   33318
    4974    3049   19533   34264    3082   33943   17260   31832   32852   33773
   12665   16199   33481   33703   31309   30294   26401   15550   20002   13834
   23947   16172   28567   25145   19171   34557    2758   18103   33977   21484
    7052   29008    6171   33410   14696   14022   34480    6758   24884   14751
   31502   26777   31793   29170   20509    5601   22361   26842   25590   22691
    8729    2990   20576   21210   31805   17285   26738    6856    2522   17829
   36999   36937    6009   12064   36960   19033   12666   30146    6750   18602
    8460    6135   20364   12455   15081   32621   17667   16922   16807    9987
   11434    6363   16551   33851   15170   17474    1113   20504   33095   36823
   29734   32301   19594   13366   29916    8137    5441   30244   19418   34842
    3439    5772   16946   12729   36968   36001    5825     749    5854   20457
   17784   20981   34068   20585   10619   34561   10442   19722    9694    9013
   26947   21435   21725   20883   32612   20676   10750   30910   17533   34901
   19634     265   21483   21409   36446   27523   17919    7534   29572    7141
   19013   12966   16792   15809   16052   17633   36692   18193   18827   12214
   18523   25658   35881   11122   12338   10534    6879    1347   19340   33963
    3445   35086    1433   30819    5396   36018    3453   27275   26376   19616
   36105    9440   14472    6632   19938   15146   34008    5703    2931   21558
   23813    3062   32995   20697   20268   27370     244   27590    4947   28715
   11612   21300    6291   32458   16659    9014   23288    1281   29765   29157
    2494   13440   10359   23086   34619   21917   36264   31178   26468   31511
   25288    6295   28607   13437   23171   36299   22521    7130   24558   21547
     119     303    6908   26614   19753   26090   26015   17588   31756   27331
   23773    4901    6472   16804   11399   25835   23710   17021   36074   11750
   31226   27739   17222   19168   21317    9537    4013   26713    1906    2820
   36948   35239   24430   30777   28357   30140   16044   13020   26901   10420
   16708   32137   31000   33182   33194   31728   33467   27631    6040   23206
   35873   19786    6615    3508   29540   34678    9505      74   33092   26905
   36283   30096   18950   25356    5807   12765   19217    3881   16951   19887
   25697   32583   12615   15280   17373    6087   24484   21493   17060   27571
   33935   22942   31240   22644   21200   12630   25036   11314   29167   29445
   36210    9928   36828   20285    3537   34193   19618   26272   28771   26052
   15941   19044    5226   28133   18755   32054   21985   21031    9480   15301
   22952   24429   11181   36046   11446   13063   10822   14276    2588   31668
   17663   33547   27946   36344   21313    7375   33501   22560   12533   20393
   23475    4360   25453    8425    5505    8184   15552   26200    8580   22780
   28583   30221   21749   32167    5039     693   22126    6769   30278   29127
   24158   28219   33631     505    9200   20832   33282   24940   11253    8712
   21634    9692   11988   35406   32894     711   13190   36736   23965   36441
    3969    2070    5173   21434    5896   26385   19678   22990   24447   32147
   33841   22014   30822   31472   28778   12273   27530   10602   26154    9824
    8100   28822   26999    4725   28776   18883    1865   17740   14143   29217
   22198   14825    8392    5555   25579   16192    2550   31927   14240   21981
   20355   21983   35384   35909   31688    9650   34537    1686    8286   14516
   13873   29935   32637   18394   32789   17541    4830   13447   36619   32689
   20638   16608   27611   31877   15204   14377   33742    8973   25133   18693
    4807    4192   23593    2659   20223   20280    1689   35443    3460   17498
   16004   28835   31547   25318   33130   22506   21516   17689   35999   22550
   35063   36697    7401   14518   12681   30472   33040   16867    8721   24836
   10146   34494    6399   11469   24424    5319    9552   23107   28046   31907
   19723    4922   20619   21146   36954   30517   17609    3365   11331   21564
   12546    2586   17586   30661   34652    6014   23163   24551   27805    9189
    7384     273   29446     224   20183    4704   34809   27154    5819   35646
    6906   29458    2004    3017   35891    3316    9491   22600   27972   33580
   25689   22191    1673   26995    2851   32212   19014   15223   11346    7630
   32680   12742   23550   34902   10698    8065   29224   30759   17996     720
   25598   35308    4415   13091   14847    2873   28905   19611   14935    8120
    5701   16825   22567   26894   10824   17280   30673    2598   17516     959
   36011   34240   33471     930   19627    4260   29503   16110   28658   14953
    2866   35703    3843   26383   27534   14657    1546   10233    1677    7200
   16396   19918   11059   18038   23187    7942     761   18008   13748   24994
   21794   35065   31153   20147   25621   34972   24479    7725   33088    2966
   36506   31400   34547   19125   25307   23702   16146   31247   16905   15078
     296    7482   23043    5183   28457    3292    6907   33987   23501   30581
   36527   17125   17665   16455    2254    9008    7284    9742   23783   30336
   12267    9142   18106   23994    4866   22650   18565   25107   20575    5509
   28167   34341   35198    7292   29369    1179   35370   23353   28517   32892
   20717   24917   10620   22444    1439   26669   12202   30826   15246   28951
    6896   22051    6685   10215   25842   21945    1061   24691   13566   15521
   35743   16935   22396    8690   25812   31500    3862   33414   26924    3625
   17240   25593   10995    2425    2771   18365   36116   30620   12308   21667
    7783   22339   14412    9350   34938   10281   22282   12340    4569   35008
    5465    6835    7890   34183   29932   28949   22794   23786   26124    2841
   34271    2564    2690   17190   10983   13112   11569    5850    7985   28988
    7355    6766    1610    9384   13658   16653   26615   35371   11280   14937
   20377   28511   10048   19755   25781    4915    3534   35212    3299   16970
   12472   35228    9500   27300    4214   14413   12936   28540   14623    7278
   15482    1486    4571   36512    3981    3483   25131    8637   19305   24808
   28806    2895   10017    2489    8364     728   28074   27949    3279   11803
   27653    7593    3823   17922     983   13013    4319   29232   12447    4081
   27511   34903    7677   18576    1485   23583   23292   26335      22   13477
    7711   13051   36436   33939   30531   26987   23495   18137   27404    7348
    2754    6147   36413   35287   13244    1552   18006   31025    3467    6103
   23723    9117   35021   22871   29886   12775   22997    9756   15390   19086
   26087   15396   11902   11749    9293     865    1675   26660   10605   26466
     193    4422    8518   15973    3359   31575   22113   20772    2017   14132
    9382   14630   13819   13131    4289   30761   22830    4842   16933    2384
   28454   24737   25788   15855    7524   34507   31461   24217    7563    6380
    1442    2093    2804   15138   10591   23485   14609   28146   23808   32847
    3268   23585   30692   14041   31316    8989   14473   31531    6480   28823
    1379   25448   19124   30598   12102   30346   20704    4464   11352    5414
   25873   16295   24021    2432   14099   18472    4878     861   21776   26247
   35083   18762    3282   35612   12301    5271   33348    1054   34891   10455
   12743    9415   10226   13195   10151   12505   24621    2164    1272   36479
   30574   12992   15363   36273   26508   14433   32199    8739   15792   11171
   25229   10621   24769   24146   13637   23588   33831   26833   32164   13622
   32352   28279   16604   17242   22734   16662   36881   29582   20205    6611
      14   29200   34520   26834   31977   17262   36982   25488    8338   17283
   12436    2402   15720   12942     809   33196   28640   24262    8659   27796
   14654   12362   15974    9622   35016   29475   15691   24409    5204   13375
   24534   27044    1477   25447   32632   10006   12350   25158   23453    3777
   11905   33714    9502    8388    1445   14549    5288    7526   14698   28297
   25996   27195   18054     257    1137   12674    8189   35110    1122   20655
   15187   10887   29842   12971   25559    4978   32550   26447   14162    9124
   34274    3277     697   28490   27967   24074    8781   26435   24360   33248
   29670   14563      36    1883   35599   23511    4942     827   16543   30599
   16105   28278   14790   32457     583   10309    2805   33173   17730   20214
    2205   10592   21624   36377   14236    5526   14126   14889   35422   23990
     895   13564   14117   20747   19353   15538    5164   31382   30932   13788
     412     428   36898   36032   13599     284    5832   29173   28919    2744
   35856   12908   12016   32306   26840   25380   14818   32189   10169   24847
   36153   33048   22909     431   14270   16663   21237   21436   16758   35960
    7591   16417   20597   17598    7896   11220   10869    8742   29810   18158
    2992    8544   34714   28944   23601   23294     851   30250    1605   35045
   28965    2344    4827   33006   18826    6285   22868    3812   13387   10999
   24012   13053   13710    7568   24285   10211   25044   20526   22970   34884
    1110    7963   24888   21134   32138    8428    3932   15190    8172    9562
   35913   28334   25468   34054   12415   14716    1879   22248    3594   13287
   23451   20265   21132    7758   10953   35767    9925   19529   12604   27118
   35616   11643   24986   10380   26051   28225   10771   26917   36587   27764
   16282   24965   22267   25622   26767   13973     609   31519   21772     879
    6007   23357   35389   15200   20181   12644   24303   19130   33054    1783
   27338   16165   15581   11392   18380   31401   12387   27088   30191   30928
    6639   36352   13687    7253   35554   33907    3587   22597   26034   26727
   34247   10532    1618   14620    3182    9066   24331   20503   22838    2536
   16760   23627   20028   14931   21472   18674    5575   20044   23128   32799
   29983    4819   19073   30641   19068    6586   19149    5187    4777   12388
   26768   12511   28815   16159   13250   32868    3458   22400   22959   28690
   23018   35676    9336    1104   28340   17657   15493   35002    5941   12628
    5062    2907    6809   23827      41   18943   26909   28648   10746   34618
   18879   35846    3382   28706   28033   34089   26203   21027   13970    3097
   29616   16963    8926    2045    5153   25757   22233   17453    9313   36887
   34723   14681   22409   35253   22135    4619   19357   25335   12597    5795
    1025   31697   26455   33321   11558    8054   28043   11163   12660   30867
   22501   36990   10839    1639    7045    5570    1999   23413   22149   12279
   23063   34334   11368   13474   33256   31565   15874     787   29166   25024
   24641   31647   15797   14770    9612     110
