   16459   22155    2520   34786   35930   24441   34888    5199   32971   30677
   12463   24771   16321    2178    8592   23111    6836   20572   35064   10377
   22571   20017   11166   21424   13040   15295   15041    2615   24317   30754
   12400    1029   30662   26471   22175   25784   36379   15475   33346   19962
   35010   21907    2920    5205   12098   16542   32173   16264   16615   24637
   22402    8365   31315   13905   10692    4482   30967     642   30311   32640
   12079   16129   27672   10139   22147   28808    4982   16106    5497   29716
   17441    1861   23466   10968   30942   28589   20622    4355   32617    6811
   19267    5523   13697    9759   17312   21346   34574   27136    2034    3966
   25680   10561   13216   28015   18272    9986   25225   29092    1917    9358
   13535   32700    8033   22752   28264    9011   11918    2126    3731   10718
   23280   20158   24210   32872    7719   13914    1973    8195   18058   18499
   26066    6916   18261   27139   20520   20924    7496   31872   11720    1539
   30260    6702   22554   16766   21640   35222     205   36616   15699    8825
   31163   15893   15870   26360   34593    6028   24701   31626    8519   13069
   31523    2528    5579   19556   19526   26412   35182   22529   29118   15398
    7351   16247   14661   19476   23799   36627    3186    5423   36334   27162
   27881   23113   21417   12972   12385   25627    7927   27106   36633   17904
    1825   27539    7175   14822   10432   12814    2413   24081   13587   26637
   34763   28073   31164    1290   18961   30794   26729   27258    6804    1106
   36769   22631    9338     823   30918    9463    6070   34215   31988   30184
    1919   25255   14658    8024   29129    7197   14861    9280    2047   33322
    8879    6238   32796    9661   19301   35231    7804   13482   11105    5070
   12732    2472   31333    9635   13340   28907   18876   11873    3242   17716
   21431   31021    5405   26759    5630   35849    9097   28653   36096    8595
    1249   13938    7061    6628   15747    7923   13188   29430   18323    1247
   26971   17561    3179   17909   36920   18658   23304    8441   12965   32449
   10094     546   21410   14642    3600   27486   19291    9985    2850    8236
   21661   13185    5083   36787   28793    1372   13981   33354   13924   18410
   20334   11925   34361   12646   21164   24947   35015   25716   14338    4747
   16308   17604   24578   35791    7394   14355   14938   36520    6678   33601
   20300   36430   18777   29755   27852   21154   21100   32589   12001    4767
   15057   21846    4721   29505   12050   32811   21193   28438   31956   30772
   20798    3011   27358   11870   20733   21876    6966   16795    6709    6882
   16658   16071   17436   31252   32664   26770   27619   10189   35254   27481
   24041     559   25069   19905   25958   13972    9899    9762   11812   25922
   18392   30594    6260   15123   32523    8191   30394   24587   34468   29892
    5447    5181   24485   22006   16691   21389   17244   26711   26221   16749
   22349   17174   12254   14129   28367   22577   15750    7321   24962   25839
   32390   23476   36944   14704    9891   27057    1819   33672   22180   27616
   33592   31715     524   32671    5970   22739   17485   34915   31513   20679
    3513   33466   17365   17218    1127   21721    9695   21360    3620   31492
   24141    5485   27735   28531   23091   35669    7679   27374   31868    5124
   36832   13751   18076   22907   10007   15807   16623    6184    8568   34007
   27145   26191   25340   24315   36373   26576   15254    7272    2161    3828
    2578   18003   22063   23697   12148   25705   35583   19631   16965   27979
   19483   12876   28702   13897   15927     572   29158   19505    4909    8349
   24469   21411   23496   24466   23832   13245   19728   28141    4951   30183
   13464    3645    6356   30893   12053   29095   35756   16971   27228   13220
   24974    8251   11771    9027   27737   22783   10616    4392   25330    3193
   21000   10069   19326    4841    9623   15724   16248   15318   29278   11178
   18515    3023   29453    4441   12171   16862   18124   13965    5025   11670
   34166   14050   31232   34063    3803   13253    8804   21257   33232   30625
    3993   19931   36488   24487   15780   17825   25065   26640    2663   20389
   10635   29249   14042   18958    1415   33756    8616    2582   35604   30070
   12247   16577   16801   26553   33757   32639    4375   30617   35854   12951
   25692    1648   26392   14747   22910   23139    6237   28791   15968   27781
   15376   36688   14634    6329   13222    7827   28888    9823   17796    7576
   29884   10793   23745    5521   13802   27586   11448   36863   23345   14199
   21341    3196   21138    5712   29866   18399   36526    8653   21267    4126
    5459   34889   18667     963   11864   13713   18516    2450   15169    6010
   15175   30118   26848      38   12087   31807   10732   21866   16994   18096
   31543   24708   18315   25855   25404   17227   28308    6322    1103   22655
   15446   34515   28688   23450   35742   33753   28750   13993   20145   19153
   30292   11900   15778   26086    7801    2095   32618   11553   17084   23459
   27308   13119   32845   28470   15674   33970   17069   23131   16742   15554
    3552   29490   14483   31346    8558   25413   29873    2383   27947    5017
   33822   17535   17570   29654   16735   15044   25678    5426   16008   23638
   23918   23165   18804   32900    8741   21258   26804    4255   35286   19898
   24920   36734   16392    9707   34795    3852    7564    7370    6360   25163
    9406     933   25708    8760   33372   12006   10280   16588   19883   28577
   24728   17795   32761   10362   26741   10294   35760   29424    3838    4437
   19111    6630     779   36596     172   33369   20648   27389   18289   16288
    9665   13522   25995   10050    1988    1119   33793   30280   24681   36292
   34517   10059    2363   29140   14994   36333   35189   21902    1270   34834
    5097   24247   29991   14753   16454    3634   15348   14764   12432    2304
   26802   11766   25877   29244   19681   21926   15173    3367    3697   28977
   11373   13169    4366   15410   15880   10522      52    8161   13837   16962
   34759   30800    1058   10706   25279    3212   12786   13782   21809   34514
   17213   36972   25387   34238   35050   21320   24225    8508   24427   18396
   36412    9250   27081   10458    1989   15678   17788    5440    4678   28807
   34642    6827    4461    2733   19139    5833   21891    7054    8750   13322
   26222     485    1326   28643   36301   28722   30074   14466   19768    4590
    5133   36956     231    6760    1662   13523    1392   25332   27711    6153
   21231   30974    6058   22412   27104   18699   32634    5044    9495    3054
    6484    8008    4193    9071   18406   22818    4939   20885    5778   25926
    6003   24744    4952   29817   28669   20818    8391   35345   11005   14321
   11398    4973   23634   12354   17807   29194   32012   11817   15858   17193
   11863   27598    9299   14910   30493    7626   28759   30628   17626   17964
   30484   27273   32477    2069    4665    5442    2272   14595   12990   29609
   27278   32016   34637   33528    3269   16537   14503   17635   21517   35218
   15835   36897   18477   26904   11792   11021   26232   32989    9817   33796
    6926   11111    4390   19890   22054   36537   21830   31624   21253   17269
    2905   36682    4309     107    1701   19908     232   19442   28066    9134
   26208    3311    4902   33807   36308   21438   13296    5050   36159   26954
   21904   34430   20129   29121   27464   31592   12781   22707   13070    8003
    3336   18556   27205     112   34532    2451   31439    3574   15285   26827
   17913    4930   34350    3869    9943   30303   17866   26350   26231   20418
   28125   20278    7605   17143   28365   34750   22848     371    8900   34300
    1432   28123   30012   11848   15100   20449   31331   10009   12272    1834
    8803    2600   20302   18217   24194    9633    2256   10255   24489   25846
   22572   22259   30218    5534    5515   35780   10204    2945    8117   18859
    6076   16145   33275    2702   28300    7955   11914   12411   29781   16864
   24153   17963   22436   26298   21416   18366   32379    5560    7346   29182
   34613    4224    5123    2878    3245   16203   12530   29533   36027   20668
   33710   34134   19822   14439   20087   28030   23847   25847   27684    7617
   19048   22684   19695   15958   31922   18587    7356   30755   12767   34734
    5351   23022   33361   27242   31717   27766   32366    6918   10498    2488
   30904   29955   23791   35608   24446   23740   31509    1257   28930   32206
    4248   14868   21824   24366   15642    3607   23431   30219   34720    7646
   18316   14136   31454    7038     639   27462   12873   18897   28938   24252
    8974     435   10503   33486   26625   30747   16547   35725   18607     727
   22408    6497   21969    9656   33898    2576   31411   29562   13923   36839
   27961    4356   11136   33499   15650    3155    4768   33313   35476    7969
    8979   34953   10781   15489   15815   33611     804    1607   19210   14865
   16323     950    9148    8522   20857   12921   20492    3760   31611   11223
   22410   16581   10537   26778    6042    5616   33834    5859   14227   31278
   18612    6880    9461   25141   32798   34432   35478   35745   22735    8321
     427    8507    3572    9653   35858   18308   32895   21515   19200   36695
   32094   21690   32103    7166   14210   12610   25008    5658   12535   26885
   22343   13678   11165   36542   13648   35943    6707   26899   20233    8394
    3296   23546   36274    4517   31404   35501   19368   35030   30744    7003
    1048   30542   16939   17278   22378    6814   27271   20700   32226   24527
   31667   27609    7631   19507   17534   16856   34571   22483   11885   32248
    6772   34924   34144   32007   32502    3033   22858   20659   13793    6861
   29196   26707   10937   17580   17811   27359   22174    3169   10329   32250
   28306   22593   23594   15180   25324   11491    3319   14381   25260   16388
   16815   21367    1095   12158   31737    1793   19133   34511   24509   26604
    8178   10817   34669   24326   11371   24495   12592   17658   34310   27294
    2261   31789   33739    6988   14765   28602   30603   31120    7472   29845
   12540   21770   21887   13859    1378   18601   24177   25899    8132   22093
    8168   16772   17490   34038   31002   21019   21593   14065   13672    2543
    8060   21362   18293   12821    1787    6152   24748     100   19856    9290
   23607    5660    6167   20111   22638   36248     960    8861   13125   23711
    8980   20326   31356   12062   22836   24099   36946   10425   16177   30780
   31804   32749   13455    6992   27439   17862   31569    8393   34299   30509
    9126   15869   35506   30944   34844   30334   13427   13730   20021   12484
    9116    6546   25373   21247    2843   23118   12607   35830   25703   15497
   35523   28361   26651    7490   31904   23001   27366    2718   16041   26238
    7036    1216   19352   18381   11319    4242    1140    8035   26329   33116
    6830   26714   32889    9357   28484   11067   32241    7728   28950    8603
   36942    2666    4245    7305   31596   11698   36791   23089   31083   28036
   28513   23269   33156    8332     343   31229   28277   30369   24122   11767
   31087   12840   35175    2433   17090    2444    2519    6922    4383   35404
    9238   24168   36005   30701   19985   16578   18849   16561   23387   25704
   35170    7822   20444   13724   36450   10394   17697   15892   16121    6708
    1655   22569   22643   17687   12819    1598     605   10653   13276   28784
   12719   11941   28673   20912    8315   20150     631   19546   31195   34921
   17059   23871   25965   12105    8303   19055   33223   24013   13500    2225
   17058    1206   11724    1049    7532   10601   29323   24705    3114    8455
   22781   35278   29489    4612   25469   32603   12619    4082   25718    5102
   10550    5889   26523   26571    9512   36462    4320   10622    1982   33180
    2478   32759   28064    8313   27013   24642   26982     717   10949   20394
   23563   13228   23868   36311   12684   17508    3533   25067   22736   10286
    2716     312   12964   25017    5619   23919   24826    5244   21221   21423
   13692    1585   28898   23997    9655   13801   11198   16060    7333   11802
   25315    8707    7479   35484   19213   16467   10472   36316   21186   32922
   21604   31262   36899    5073   15038   25052   28447   28654   12914   20384
   11138   36492   14269   12522   25772   31243   30779    4317   24577   34352
   19052   13172   24365   11374    2655   11219    2327    4419   28269   23425
   11957   26233   33497    9423   14684   12375    7538   36009   35486   27230
   15117   14509   12588   26616    6341   16336    7495   32044   16799   15703
    1418   29280   24828   21698   16038   14496   17314    9088   15345   12043
   22453   15889   23468   35246    8899    9224   29468   28769    9270   23693
    8805   11295   24202   10340   32139    6395    9166    6463    4178   20713
   24959    4736   23922    2316   34534    2969   30321   36281     531   32387
   33974     140   20505   27499   35857    4684    4315    9778   14618   12353
   24224    7121   16016   28834   16544   24070   28261   31887   19173   28285
   27831   35056     852   11152   17901   19894   20349   34686   22948    1252
    2117   27344   28753   14720   31246    5898   36886   12983   13503   22920
   33122   17416   13014   26685    5324   22538   23347   24178    3541   14807
   35539   16910   29846    3270    4852   32586   22723   30488    2139   33646
     658    4114   15621    8649   12462   21319   31043   11015   27985   30061
   31349   21266      60   27030   31522    5790   20995   22392   12752   19440
   26254    1017   31767   27990    6900   31118   15523   28581    3899   10783
   23253   30339   26922    4467    5750   33596   15755    5239   28086   10681
    1560   28516   17112   35105   33869   28169   25836   28880   18375   23232
   24431   15823   15758     857   35988   25216    9555    7113   30002   13749
   31707   15245   14277    9484   12565   15708   12268   18514   21973   18882
   12321    1429   18814   29306   28406   34091   24161   28882   27135   24618
    6031    5326   16123    4773    8458   15630   15372    8749   16063   28003
   10872   36178   12928   28180   10332   34041    1284   23666   33204   25245
     327    1620    9947    6173   33231   25135   17345   10460    1467   14833
   14353    4958   35466    3482   16724    3659   33344   30442    6122   23021
   15842   34470    1161   23969   16256   26953   12748   11157   34424   11620
    3704   23211   34672   36398   19010    1582   10554   29234    1887   21347
    3816   14625    5080   21398   29357   26723   12985   23668    5486   30492
    9289   23553    3553   29171   35131   30993   29298   32178    9528   29835
   33264    7916    7051   24025    4386   16229   19515   20061   11134   11388
    1417    5397    9705    5249   36150   23617    2668   10346   22218   23190
   10107    3515    1341     611   16990    5297   23683    5598   35104    5834
   23962   16555   30848   32987   16598   34391   11705   13335   21920    3522
     585    6338    7235    5214   14107   24137    4710   32705   13329   21302
   13646   21765   35462   24975   22062    7068   30288   22012   13320    4137
   31508    7870     280   18209   25604   27685   10295   23226    8786   25792
   20901   21708    9582     502   14317   29439   27399   10584   36525   22262
   23039    5233   21323   25512   22949    4321    1843   36467   12707    7091
   24029   16394   33149    5813   16688   29613   34743   11244   12067   26462
   32557   20079    8715   32642   33524    7779   35750   31062    3679   31857
   17183   34890   31994   23307   11465    9988   27217   10208   11444   18242
    1544   19136   10884   34591   20199   25802   34887   26345    3928   36067
   27128    4775   24790   12688   30889   26061   24825   11690   19194   10161
    6092   16347    7155   24693    5536   22324   33669   24892   17309   30516
   35473   14258   22792    6156    1972   32610   17702   23056    9243   19871
   23142   16711   28621   16666   20370    9359   34813   31978   15336   13233
    1657   12238    7417   26263    2336   22215   35046   32435   30816   13728
   19928   14565   33650   10000   12119   28213   14641   12480    8342   29910
   10930    3700   13717   16950    8716   12276   34986   36177   13002   30977
   10609   13631   26007   31269   19438   22394   14554    9789   17284   22375
   28865   10462   36686   26355   21769    5108    2910    4686   21481   24585
   31072   28040    2919   22976   27945   24713   36644   17998    7205   27342
    1894    5908   24357    3786   25126    8913   30879   11692   25168   12956
    5552   24865   21006   24057   19298   24410   34416    9077   15026    9532
   13755   34263   13893   32487   10098    9944   15510   23542   23851   23706
    8494   29268   15871   23441   23026   29788    3819    2188    5020   14333
    2710   12018    5533    1726   36667   26646    1569    5101   30699    3392
   15024   27765   18481   11336   23388    6041   28153   24518   29393   27265
   19730   35533   29229   30797    4790   11499   16222    3844   30376   13654
   34301   19980   23968   27776   32174   18559    1651   23135   22820    5506
   31722   21486   18908   15704   23512    4087   24260    1265    5839    6181
   28483   15321   23447    1564    6694   34838   16218   35164   25441   15756
   18676   15139    5510   25268   34297   32492    8967   21459   29864   15888
    5045   32128   35043   25227   24634   26656   35157    6507   23895    6266
   36318   28887   17879   25699   21375   16050   16419    4221   13760   17707
   24390   23186   34172   31334    1039   35456   29573   34943   31771   14254
   13621   16981    7911    6717   26992    3897   25341   19447   10531   27490
   13293    3066   15784   28895   18954   26239    7706    4949   25425   27919
    9057   28205   10826    5752   36614    7063    3171   21170   24721   26810
     495   15717   11298   15263   13818   14272   33113   33726   17249   16255
   31864   21245   26879    3465   20325    1528   34081    9294   27574    6381
   21979   24817   30066   19907   29028     123   26891   12910   22679    4717
    2593   26175    1877   35450     508   24627   20937    7640    8681    9219
   17652    8407   11236   27508   17375   10924   30031   14310   32756    1712
    2475   36949    8339   14622   33504   22023   18840   25977    4587   16894
   19215    9455   34937   35751    1698    6263    7998   27350   15377   20190
    9902   28492   35548   17348   35409   20682   35558   30323    7932    2901
   12092   26074    8483   25237   17644     130   12175   33972    7139   35588
   22417    1912    7441   23797   28661    3751   22127    7543   13501   34017
   31840    1770   31942   27024   22132   22100   20525   15289   32985   16037
   10440    6998   15380   29880   14936   11357   23695   16872   15229    1775
   16026    9459    9706   23484    4962   19738    5201   35367   14484   17234
    2567    9085   25349    7397    8563   11513     630    1309   20373   13152
   10013   22738   19977   28010   13879   35704   19167   10587   12747   26772
   36849   14086   18624   29022   11590   32983   31579   32692   11555    6072
   31974   17776    6183    6317   28990    4611   32476   10058   13325    1958
   33854    7437    9969   14653   11147   12848    1758   18997   29865    6376
   18321    9146   34745     127   34381    5119   24204    4545   31985   23248
   25663   24184   17821    5572   13036   25056   27797     206   35059   21702
   29702    5763   19902   35961   31584   31865   34372     627    7114    1007
    2201   15421   14233    9670   21089    7841   36255    3662    9600    1785
   18747    4769    2950   25541   10354    1724   22955   10158    4125   28171
   16338   25178   25674   18815   29693    7505   10256   21665   33001   27189
   25971   28250   10338   24938   10998   11381   14666   30377   33416    2903
   13179    1275    1996   30093   31963    6148    5380   36981   15865    3128
    1227   23386    9291    4006   10342    8849   31712   29209   24356    4567
   29474   19364    7840   31453   35606   21444   23155   18720   19559    2244
    6755    1090   16616   18970   31539   17802    5501   27783   13097   24250
   28708   22148    4109    9402    2610   20696   34819    7639   14288   24223
   36713   23629    2762    7204   21946   18141   34785   22107   21801    3577
   24191    1431   10812    9799    4990   36532   22520    5378    1606    4254
   26302   16281   30728   36795   13273    1052     253   17900   12780   25440
   30359   34554     158   30861    5360     397   11855    5310    3073    1848
   27630    8929    8301    6140   10658   31529    7519   21197    1051   19914
   26786   21053   16249     510    4749   34042   31781   24797   30962    8279
   27650   28212   35412   34257    1810   24133   13045    8830   14507    2207
    4913   15442   35274   22231   13382    4079   26235   27276   27037     444
    9075   13314   16175   33719    2156   13986    6486    2563   23316   20041
    8566   30085    2780    5861   34137   15184   26336   30326   32193    6582
    6883   11821    7256    9806   10042    7555   13111   20678   22065   18368
   26638   15040   36182   14809   19950    4657   14474    8263   29532   18341
    5665   19219   30753    1274    1422   23299   27473    9486   19286   34469
    7277   27942   33913   13324   16896   30068   32115   28716   36641   16747
   28877   26799   16834   16090     391   10766   31004   24508    4134   13373
    3484    2823   24756   19717   20921   20512   27472   21195   10004   11895
   23556   20468    3015   14907   10001    8215   23780   25700   29713    4956
   25791   18652   34124   30145   18529   21678   25829   30740    9627   29821
   36645   26846   26359    2632   27516   11999    7667    7727   35141   18756
   17607   22484   24064   23619   35905   26311   29708    8631   27112   27803
   17835   36903   35270   26515     526    8801   17781   28110   28534   31107
   20766   34165   15663    5242   17324   23350    1078   27171   12298    2144
    1443   19409   24238   27606    6954   31258   11385   16506   20797    2101
    2778   17395    1812   12215    5818   18461    1839   15222    2651    8136
   30507    3523   27236   18519   25516   28890   15217   12491   11037    4850
   10016   16594   33564   14924    2319   10039   21037   30971   29089   28187
    5160   11822   18098   11878   31620    1266   34052    6884   20482   24134
   23199   21751   35939   20657    8824   12189    4542    8026   36193   10785
   20665   10457   14154    2078   12278   31613   17932   29155   22291   33543
   13277   33405   25715     479    4614   13210    6592    5245   19293   23397
    2455   12984   20636   14480   26183   24837   14933    2875   17212   36589
    1748   24702   24739   11535   22685   34794    2175   22301   10940   34349
   33771   34120    7785   32399    4650    9748   35993    2656    2297   22451
   23685   31257   32371   16541    5234   32249   35569   18853    7788   18722
    3571   30549   32381   35792    2572   36459   14173    5329    1082   24706
   15465   23436   17915   30736   31563   27809   14802   23637   33973   16697
    2587   30869   27597   23701     166   16320   25927   21012   27327   14365
   13796   16779   25988   35293   17149   34916   23687      32   12404   27423
    8813   30254   13699   14973   13950     450   32651   15933    2079    3941
   15105    1827   25646   27202   11581   12730   26866   20330    4435   27512
   27321   28851    4403   29326   17406    8835   25989   33151   19123   16649
   19511    5159   22321   34043   21998   15592   12581     731    1969   29742
   28157   12751   29667   18241    1441   28597   24776     740    2273   35382
   13846   20589   10726   34064   10156   35813     539    7832   34649   14287
    9285   22182   35425   16734   19224   27386    3766   29521   11072   23812
    1634   14769   11367     829   17178   33861   33779   27899   18685    7743
   18135   13738   27995    8888    3440     101   36247    2769    3676    5625
    3916   27771   18651    4324    8960   23391   12408   14762    9990    6479
   36931   36327   23986   33755   33552    7681   17694   25999   36522   32050
    3369    1073     972    5370   32148   31809    7988   32037   26026   36233
    3166    9019   24960   25550   29052   32831    3108    5364   15547   20188
   23626   29891   33094   32565   28745   25508   20298   36859    7834   32396
   15423    4961   33752   24612    8245    2048   18857   16439   17346   10066
   16814   33305   20372   36640    7979   34497   25124   36500    5266   29034
   32591    5768   36900    9896   10200   36306   22774   30688   25730   29733
   15595    7034   26663   19038   35492   27233   17948   28155    5210    7129
   28276   30588    5636   31067    3983   12651   17401    7335   21261   31695
   10497   11627   21663   20248    1971      54   11169   11206   19861   15106
     153    9998    9245   12117   10600    1599   26315   35161   15966   19682
   19815   21176   15209   30721   22535    9424   27898   21573   33661   20820
   29798   13399   10040   30874   12573   23285   21900   28842   19745    8963
   35033    1688   15633    5964   28329   22660   21603   29048   16475   36681
   30707   10074   19164   17924   21711   30415    2967    4458   21471   36113
   24003   15135   29509   19346   32324    3088   33408   28100   23620    8485
    8456   33873   12121   13592    6124   31616   27773    5430   11862   13686
   36845   27077    4598   12014   17185   16535    4649   32625   29003   19776
   35853    1702   21467    4074   16326    7369    2247   31308   36202   12623
    7539   32896   26876    9809   36868    9249   13234   19981   27440    9103
    5472   36397   32497   19586   22423   21630   32881   19628   26890   30257
   17419   21437   14148   11537   14342   30098   21669   25783    7565   21966
    3856    2228    4860    6187   21622   32659   22245   12799   35996   30030
    1075   31422   28614   24120    1260   11293     251   18886   29675   14732
   29800   20221   17929    8115    7755   28029   10198    7561   33721    6052
   26440   21289    9508   31801    9165   33517   11907   36010   32784    2681
   29982   18520   11600   21470   34467   36053   26927    4824   11697   12989
   21415   11462   35968    4701   33205   35226    7041    1501   29966   36291
    4554   28341    1707    5806   18150   36225   31947    3578   20318   18042
   17886   21905   11273    3891   35589    1754   35922   24583   23872   16885
    7514   36322   33659   26276   28814    5685   29763    3418   36540    8894
    1282   14638    9734   27123   28964   21789   12713   17503   15235   31379
   31146   23074   12875    5049   31812   12722   19307   32801   32579   12164
   13093   14014   32826    7430    5550   30296   11403   26378   29879   35979
   16829    8999    3873   30529   33852   15745   36557   31867   26006   25081
   31823   22413   33578   19397    7006    4536    9807    6802   11823   34913
   12626    7001    4698   34725   24933   10885   13725    6691    3532   24480
    7786   26595    4364    7127    2649   26113   31561    6657   14952   30268
   27000   15879   11272   11529   12367   26050   15037   13681   26420    1232
   24617   13294   30084   17705   21074    3730    3842   28077   14624   22042
     465    9409   16393   18775   24997   35187    8052   30870    4222   25385
   14771   11759   15961   33772   20693   20914   22911   23899    3682   16348
   32638    3150    9355   28402   19146   23216   34173   23087   18847   30364
    4101   18568   18929    4999   15136   16993    6693   30720    2338    3338
   13038   20977   14274   35771   15358   23596   27015   33349   29753   13007
    9965    6300     993   33825   22856    6576   21366    1665   10763   30710
   12251   33444    7821   21468    1934   34226    8782   24555   19518    6311
   20684    4645   13436    3119   29649   15003   12418   19975   11081   29449
    4849   22239    1527   11603   24310   32594   14851   34232   13611   12260
   24259   22576    5900   19973   27434   22227     501    1470   15264    2236
   22225    3771   30960    6982    3943   21826    5609   36875   23015    4983
    5342    5677   11510    2291   15718    2125   23577   24857   25684   17775
    7862    3350    2524    8762   33147   33065   27889   29589   20821    2745
   35546   26774    2124   36801   24880    1448   24643    9518   27927   18060
   27424   28737   35121   29365     307   28582    6425   17492    8605   35481
   14370   12176   19804   10828    3748   24904   15772   32229   13945    7764
   35101   11929   20904    4396    7885   23129   23336   33334   18819   17323
   28022   36458   26108   10121   11149    2276   17066   25026   22280   33979
    2298   16268   28997    6855    1836    3879   21374   15308   12924   12806
   29980   19333   15108   19942   11756   31059    1929   18735   29801   14949
   16534    7682   25517    8255   27915   16198   33818   35295   17035    5227
     329   36396   14908   17751    9939     894    9647   20170   20420    3550
    3883   28727   12566   28978    6077   14722    2353   30821   18972   21218
   25347    6791    3762   35445   20194   10542   22537   26597   19797   14456
   32630   14194   36148    9904   17462   26936   25615   18469    2281   35805
   20615    8939   19982   21316    9652   35773    8415   33378    9776   12397
   15004   22359   28048   25286   14508   31191    9178   33203   33357   27231
   29399   28532   36925   12635   17510     715   35166   30072   24374   35666
   36758    4218   27156   21512   11162    4910   29774   31293    9879   22587
   36380   30895   10867    8241    8516   33064   11738   33079   36050   22057
    3855   28475   34849   17927   20176   31933    3721   10015   27569   16887
   15476   29831    1786   18491   26188   35768   25251    1471   31485   21343
    6946   34272   30301   11949   12506   29719    5595   28748   32934   19742
   14597   30636   28249   17337     699   13779   23618   18657   17187    6362
   20139   31615   11979   17892   15533   20732   20565   31273   14985    1219
    6225   31787   25193   25450    2767   10269   31597   26134    6780   27402
   17507   35769   10844   28275    4610   28986   23520   22482   31800   33717
   11924   24385   29541   11768   17118   23407   14864     372   16931    5577
   13538   33063   11921   12262   11479   12347   17425    8821   31212   35180
   18573    5400   21605   16114   10186   25483    7533    2942    8443    7359
   19567   22866    5436    9046    4656   29044    8795   11477   29329    3520
   31213   17274   30658   18861   28323   36211   31034    3337    9198   24108
   14322   29877   21126    3253    1456   12157   21380   14005   13563   35962
    5494    6816   31094   24883   23934   30638   36814    9489    3507   20099
   33482   36818   12653   20412     805    3329   13744   15551   28346   14313
   30812   22957    4626   18488   18306   13617   14780   23469   26024    2486
   10053   25635   25328   20269   23090   18458   32932   20159   13773   34956
   27341   14552   15905   36034   11016   22806    7614   20095   12901   29993
   19802    2732    6249   28057     133    9788   30654    7110   35573   28510
   14184   18994   34792   14643   25073   36743   35095    7949   27703   22308
   19837   34387    7702   24308    2268   25562   26257   19968   18178   31831
   18429   11212   30988     490   36561   19943   35323   13027   29404   35997
   25132    8152   12521   21592   33131   22341   34827    2369   35284   34309
   23430   14035   21390   36884     192   36055   13155    2364   35149    7445
   26552   36433    4017   32084   31731   12088    2961    7416   14927   32850
    9829   25424   23247     850   11078   32709   19760    1901    9472   34481
   21280    1344   26246   31487   14983   23784    8344   19446     458   27320
   27740   31145   20903   29590   22181   33202   28122   34072    2372   25458
   17842   18483    6319   19966   28421   25313   18069   10896   30386   33812
   36383   34708    5240    6374   31079   26145   15909   14575   11429    4758
   23996   11366   11316    3953   36690   32745   17340   33198    9802   21496
   27687   34741   22299   16453   36912   35091   33359   32931    8467    4481
   25866    3303   19624   36996   14961    5272    5462   12847    8202    8542
   26083   26039   32282   25641   17013     614   33522   29832    6652    4818
   14192   12913   22357   33229   22950   24567   18466   16240   27254    3038
   17455   12805   17168    7400   24183   20086   28451   25972   11386    2505
    4454    8630   14331   36632   15847   26706   35255   33412    7518   24632
   22533     306    4118   10832   22045   17671   24396    6071    9718    8173
   15315   12634   25034   19929   12240   23085   36923   30681   19581    1209
   16324   35932   25583    5134   13120   30807   17943   29296   18455   18672
   25727   29565    6955   10376   16233   36853   27577   24793    5030   19273
    9919   17611   20475    2081   11026    5899   19480   18165   22384    5983
    4778   20566   17447   25785   29370   20062     801    4597   33066   32734
   18492    6429   13241   15850    5018    2749   20291   13511   27973   36957
   20310   32909   29720    2337   21236   21401   12207    4019   27877   10776
   34897    3743   23399   33034   36794   12233   17221   21951   21420   26472
   27730   24762   18007   34220    3722   25209   24881   26859    1447   26396
   31325   30610    1011   12444   22841    3548   20644   33265   28226     433
    8744   33769    4073   23355   30868   14616   19387   14073   30076    8730
   15569   14170    4022   31902   17908   33004   33159   30758   11228   22258
   15309   10674   23750   13453     847   12382   15224    9012   21287   33027
   30568   36628   35942   15391   24073   36126   19078   24399    9474     738
   11841   31048    5079   29714   10034   11056    9885    1804    9229   25023
   20586   29822   26148   23528    7792   22919    3412   27391   20743   33218
   12843   18590    5798    4177   22240    7470   10224   17797   23371   26613
    5559   21856   18298   21498   33292   29592   23699   30412    3644   31113
   30448   34458   27061   12931   22678     266   36929   20478   27361    6713
   20957   34608    5835   26542    2275   17408    9104    1907   25489   14037
   35337   20049   36170   26524    6489   12374    7088   22452   27483   12675
   14648    6437   26248   20531   26583   21890   23590   36987   12304    3301
    3525   22018   29124   36021   19876   13640   34691   34954    4964   10475
   18285   28844   24990    1908   17450   10877   28735   18998   34201   27951
   35411    2534   29208   34878   22744   25515    6004   23549    4628   21065
   11838   35723   23238    3994    5981   34090    4234   34155    4301    3220
   21385    9702   36257   12519   34092   12330   14372    6005   12784   31053
   16446     361   18710   21607   20368   27394   18798   22203   28543   23392
   19731     846   17463   13235   25895    3044   11757    9703   16920    4994
   36054   31557   28407     826   12493    7014   26309   16818   30443   32072
    5403   11172   14382   13757    7456   15652   31859   34314    9257   11572
   36367   29855   10729   31170   36075   13908   35911   16822   18021   35711
    3639   10928   22800   21353   33494   36757   12957   12759   16022   23000
   12678   33397   11830   32344   15463   11345   10505   33263    2446   31311
   17086   26654    3148   13651    2212    4781   36763    2223    5724   21243
   32419   30533    3818   24022   17820   14457   34409   12017   20369    3726
   22296    9804    3411   15438    9281   16693   32879   31748   18430   23570
   32758   30934   16755    3742    5654   21061   24089   10956   17458   26579
      57   11671   26501   18358    3747   16253   11460   29045   31353    8626
    6483    2357   12166   14996    4092    4380   10491   10474   19178   36939
   31926    2996     821    9887   36727    3585   32090   32525   28251   31154
   33836   24584   19051    4622   28994   28627   27833   34712    8269   30407
    2538   17273   14890   34296    2423   17921   17759   13236    1629   20578
    1312   31564   19088   26826   21151   19751   18764    8292   22878   34865
   35998   35787    1769   12287   31716    7229   35893   17830   10514   27054
   23735   29903   24937     976   27588   19202    5759   34876    4857    6654
   32754   36384   10958   18196   18287    3387   12625    9490   31099   34492
   12020   31202   20432   31470   25388   10116   31476   18620    2984   36569
   35410   36959   17981    6209    9733    2484   33620   31830    9470      79
   10603   11234    1062   15034   24512    2257   22749   36422   35925   10655
    6726   11214   29142   20240   23424   16692   35855   36076    2824   20756
    9380   24352    4026   33692    9007   11554   36475   28000   22168    6099
   32402   12108   21883    4797   34987    9790   15736   27146    9081   29362
   30888   14297   14193   10736   18550    7978   22053    3675    2454   23472
   16736    8414   25021   29119   15549   36073   24985    5708   26216    1368
   34130   36138   35871    7444   14875   21262   13255    9351   21968    7147
   28436   18760   18506    5995   15734   34203    6050    9576   33684   16077
   10434   36186   11038    3563   13930   15906   18056   29147   14606   15307
   13391    3480   35039   32790   14078    6617   31846   27306    5784   19558
   16645   34101    2216   20868   27633   18591   21795   35467   34021   31682
   14326   25153   12867   16741   20782   28464    3756   10303   12165    3473
    6073   22771   26431   26948   12448   36728   14867   28588   35685   10581
   32869   13519   30371   11201   15996   20662   27447   24325    8686   30459
    9078   35028   35455    7336    5917   12348   35532   34465   25819   15060
   12459   23033   32951   14239   25707     881   15945   34793   24291   22798
   18275   23503   19434    4711   12209   17139   26069   15872   36848     213
    3197   15904   16355   15488   26608   35519    8562   36294    2523   13685
   22428   30424   28383   14185   30366    1348   17355   29584   21561   10163
   13861    2510   11431    7309   27052   28326   10694    1358    9529   16254
   14766   18162   16508   29492   16883   19538   28450   34832   16783    2943
   21613    7487   28067   34666   32973   27746   28812   12481   26045   15031
    1132    5078   11066    6270   18157   12831   10946    3205    8675   16293
   30749    9234   12993   34751    5968   29568   23486    7491    7550   26465
    8427   23053   15346   18312   14612   28082    3717   36361    1001   10566
   20235   31209   12944   31997    9140   32537   17956   31794   11464   36426
    2470   28161    9604   29056   10055   34327   34553    8383     246   26480
   14089   26531   32299    4128    2008   34660   11876   36388   10613   27191
   19304   11126   11394   11209   36003   20550    6233   16648   30650   15937
   26307   25749   35493   15030   17019   20198   20390   26688   33632   16186
     324   11327   29293   24639    3323    2415    2948   35103   12494   19002
   32070   26013   19716   19231   28522   18129    9237     623   14465   32069
   13652    6449   15925    9339   32400   28178   16033   12227   17805   35238
    5260   14100    1004   30329   21213    2742    1220   34689   31690    6493
   18294   30114   23198    8948   28004   22620   36272    9517   16003   24670
   32882   32851   16518   31274   31289   27403    1111   17008    7349   36803
   20267   31407   18454   25648   11552   29457    4238   19504   18138     117
   12127   15068   33723   27887   11521   27192   17502   36128   23882   23524
   17887   10027   12650    7463   19650   17172   34386   26280   30898   24273
    1613    5868   20799   27770   18401     958    3381   30423    1228   11717
    9716    5731   20308    3202    6575    3325   27489    4963    4766   20051
    7389    8958    2904   28993   18960   16556   19582   11270   25939    2120
   11180   26600   16576   24004   33550    5512     620   33175   24830   36000
   32112   23809   24516   10755   32325   31029   23256   24388    6601   17899
   10395    7901   25066   19626   23412   12947   20757   21693   21272   35378
    7570   13852   36777   32793   25391   14823    4084   18543     376   36360
   17497   32000   27591    1469   32453   26250   36969   15127   26173    7492
   18738   30310   20506   14593    8284   22769    5556   27168   21739   29486
   12750   33754   16072    9326    7662    4385   31394   36284    5369    9995
   33389    2619    2082   24443   29259   29694   36927   29773   11256    9314
   21792   24372   34388   25924    6875   35494   31360    8756   36013   11450
   36765   11669   23434    8714   14285    7364    2477   29299   36575    6515
   17888   34097    1898   24885   35336    3456   25188   32166   21617    8337
   17457   25327    5257   33119   36469   13896   25695   16409   17867    3962
    6734   30390   25571    8728   17032    6314   29918    7160   14452   29179
   12129   31239   30586   12708   29156   21137   32025   35695   34059   33133
   27708   14962    6101   30796    6220   19592   12892    1330    7611   20417
   14768     523    3896   13052   13215    9275   17553   18771   34881   36065
    9191   19147   14776    6661    2926   34760   18501   10166   27174   17545
   11829   15529   34106   33125    1575   27094   33856   14740     824   32703
   19912   31710   27683    3047   34018   31482   11161   31006   35089   15237
   29377   33487   15513    2230   18622   21060   18892   11004   17520   28774
   11196   33100   21070   11912    7179   21201    5678    6604    8672   36810
    3609   14655    3859   34357   36687   22002    3005   17257   24240   27535
    4086   11875    5458   20701   18259   22681   36176    7909   19435   16833
   13405     962   26460    1398   27627   33020   19686    6118   13469    7180
   22715    1010    9666   14627    6548   14149   32545   18749   25637   11032
    1872   17967   15314    5690   31303    1217   24129   10248   19240   28743
   35431   12960   36955   25405   28497   20073    3685   14629    4882    2067
   30613   29834   28304   15563   24750   36330   22119   11418    9533   17300
   28639    8976   30286   12895   28819    1818   21519   30404    5151    4529
   31844   19563    2284   15020   35610    7025   30782   27643   26803   23491
      37    3940   22476   18841   34490    1022   32488   30397   21680   30355
   16850   29642    6114   10348   31773   31514   10188     666   26884   15915
   20946   33315   18357   18927   33316   19441    8299   31233   31263   28765
    9093   15335   10961   30505   29134   19412   29837   21747   16841   15555
   30230    1591   14850   35398    1976   11937   18503   21935    7850   20950
   14142   17530   22958   12657    4925   34917   13196   33477   14835   11146
    2119    9216    5948   12337   10241     302   17704    7331   27011    5438
   35439   32392    2150    1543   20138   29764   27531    3370   12811   30666
   10963    5800   13869   25981    2438    2941   18627   10774   10390    1515
   33442   29516    3125   34233   20715     677   27169   32723   16810   35668
   30271     556   10716    6296    8406   31463    7241   15070   14247   13467
   33220   15166   30293    4083   34234   25256   28405   28026   15025    5478
    6423   28586   13336   13625   32117   13529    8962    8048   32848   19793
   17620   12357   11467   30735   36329    8940   13996   22899    7720   26573
   29552    6797   19228   11893    2056   14562   36494    8234   19826   18868
   21582   32976   17895   29606   15681    9679   25257   14304   18706    4010
   30259   26737   27536   28150   19459    5219   27655   30790    1718   21898
   31326    8642    1107   31843   19689   33350   35262   33639    6200   12905
   23363   17001   24472    3229   10675     874   16969     146   36835    7904
   29055   12201    9091   13186    1850   13582    3107   30840   27478   29150
   21165   26574   23781   10093    3557     692   21567   22331   29442   25030
    2367   33475     802   17883   24066   16603    3096    1256   17836    1201
    2511    1590   10512   14125   27347   14393   34658   21177    8776   31638
   13067   35790   31441   10277    2376   16220   22150   13614   34607   18617
   29248   30315   36534   26763   35526    4063    1829    8481   21579   26549
   18238   32542   14327   23844    2853    1189    9476   14626   24942   16562
   11353    2471   12369   23422    3963   23876   11307    7835   14982    1187
    9045   31536    1292   36357   34936    3929   21940   36685   34518   26984
   27621   17731   23283   34939   33615   24459    6782   35219   12706   29534
   15577   30231   21043   24814   24954    5815   30010   23408    2052    6843
    7504   20606   29940   26072   15860   17698    4428   29666    2917    6947
    8991     911   15387   15069   25824   13166   27807   28782   11284   22020
   36722   29493   27519   13518   10089   25816   21479   21756   34733   21427
   13263   10976    6461   35522   17230   27357   31652   28024   36004   33520
   27387   26643     506   11950    6400    9260   17459    1198    2142    8253
   36922    6441   10358   32860   26100    8533   36343   27311   35702   12994
   24284      49   13534    9682   25205   25420   28795   25369   11417   35814
   18625    4881   14946   28637   26316   12042    3138   27644   31910   14093
   21543   13726   33900   14168   17672   33534    8844   28453   33317    2324
    1175    5916   20422   22442   35302   11159   24346   25928    5347   35901
   20716    9874   16854   15775   34316   33320   31242   31503    8227   25755
   32313   26405   15502   17656   35946     111    1498   34319   18456   23945
   17616   12598    1762   11805   11061   15299    3544   21999   17897   21689
   21611   25844   12026   20907   14594   24856   16213   26724    9955     430
   35719   26526   30525   36400   12726   32082   25220   20664   25270   22397
     970    4200   33029    8373   25717    3246     519   18636   16860   28974
   18615   10633    6839    7236   30903   22377   13633   33775   22867   27668
   20243   32963   27034   28809   32162   14550   29009   30330   18649   18286
   28152   15239    2750   10025   10465   25476   33616   36766   20654   25944
    1734   20553   25284   10113   11504   19282   35759    6127    4184    3442
   15149    2214   35224   31656   14730   31264   26459   35400   29262   12999
   27080   26539    7931   23179   29247   33090   36908    2436   22030   18763
   30768    4789   34367   16853   34479   10334   35793    3848   35852   13480
    6378   12686   26805   24355   25464   21562   14492   18231    5407   13745
   22746    9909    8080   36669   12716   12715   32531   22497   16716   12461
     149   25416   10920    7920    1612   30894   26754   27004   21180   13328
   35752    4651    8834   26174   22058   34922   22204   14713   31637   24050
   18718   14409   20333    4871   34168   15047   31964   13251    3718   23777
   27943   31825    2461    8942   32020   18198   24124   16474    3159    5821
   28351   12460   28005   16327   18633   35635    7559   22314    9721   28416
   35261   13731   29041   12082    1468   28559    3865    8541   30419   26205
   13527   22304    3252   15281   15009   35124    9403   24369   23096    9483
   15163   14498    1472   15107   20324   23398   16809   15065   15193    6280
   21217   12002   23811    6451   23690   12143   10730   12731   22737   21930
   35936   10952   17822   29407   25653   16223    5693   34417   29123   17329
    3172    5666   12470    9213   26162   32978    8113   32376   33300   11665
   17737   16727    5229   30458   25779   13327    1506    6298   23321   20842
   14476   12963   22205   25544   25411   21355   13992   29786   36404    3496
   31434    7993   25148   23630   21117   27920   19384    1667   16100    5144
    9514   19596    3307   34874   16084   35861    8527   26925   31614    8175
   27393    8889   12466   34423   23834   17560   24968   20626   31420   27665
    3706    9609   33259    9575   31167   32237   35906   21758   12576   10938
   20321   36979   18963   28481   28430   36748   28112    8104    8376   12812
   12977   25361   25633     686   35200   11747   34236   27385   20262    5553
   29292   19064    6703   18102   12922    8881   26913   10242   36958   15929
   26496   33948   28981   15978   35250   17295    5394   18080   36472   11271
   10005   24687   14397   15261   26348    3452   36421   21654   12912   36206
   14958   14860    3632   11542   29350   17764   31016   30806   35530   18700
    8648   18035     295   11879   23389    3322   17642   29469    2195   16560
   17708   19207   25567   12639    9051   23525   10361    4759    1631   21216
    7763    2880   25947   31594   20827   32443   17990   13803   31724   22756
    5014   33906   25316   13671    9962   28649   36753     939   34629   15727
   15370   15435   32051   10326   10393    9523   16874   19104   13005   33386
   28409   10811    6262    3710    4503   27646   28102   21249   25843   25199
    7647   26155    8369    8839   19266   10509   13408   20630    3376   21246
   24536   23419   35605   34596   28590    7473   25275   34877   33921   31121
   29043   20357   29914   33462    7162   18110   27247    3330    5327    8636
   31468   24227    6794   11891   19923    4347   23370    7528   31448    5120
   36499   35628   18019   31275   17446   28848   31916   15262   31733   20100
   18107   18787   23354   10382      46   34875   14531   33792   10469   26292
   19062   25681   16280   19820    2026   25184   18347    3689   31958   29690
   19909   35958   33828   29307   11991   29618   18062   28618   21508   10088
   14118    9029    4343    5891   29678   28792   31895   17749   20191   24379
   26395    2037   31440    8282   36155   33577   31039   35951    7794   25273
   23730   21766   16421    4888   18360   12081   24952   35865   28927    6768
   27808    2635   21330   11755   12849    4090   23319   10263     418   17898
   12556   17080   32718    7078   30144   32355   34261   21643    4515   17298
   36226    2299   23296   34128   17999   35810   27883   20108    5884   21986
   32098    6641   21029     961   16156   11663   30652    3787    1430   24893
    8778   22822    6117   34212   16639   28307   11836   30648     942   12309
   20552    8395   34488   35509   26601    1305   14489    8752   17649   26829
   14686   33862   35505   21413   10033   21075   17777   22760   21916    9813
   29727   27257   17931     328   20663   28302   29882    8155   10153   25714
    7935   32941    8841    6547   26179   28001   18873    4227   24544   17449
   20899   34326   17782   16811   27450   21823   21522   15748   23326   10551
   25121    8451   17127   25150    5035   21308   27745   13206    5705   24874
   15468   23502   29804    4111   18517   13624    9347    8167      45   34885
   22574    2597   34727   35947    3744   28535    2066   35838   28928   33722
   13347   16294    3436    4032   35874   34217   28940   13659   11400   12740
   10593    8324   21991   20069   20765   25672   31782   15338   32867   19625
   13098   24686   22773   17724   16710   25272   18226   26285   31073   36258
   16570   31408    5496   30849   22143   32133   31322   14520   19232    6282
   12149    3349   19707   20255   18015   10945   14133    9577   33859   31630
   10759   25496   23417    6828   11647    4057   12442   28863   32441   13146
   22993   15574   21815    7303    4297    6506   19454   24106     854   20958
   24329   35178    6428   32763    2458    3407     957   21619   24710   35658
   22732   25741   10871   30845   17151    5223    5363   23366   34560   32345
   17556   31542   36764    8274   28674   26588   31323   19421   14159   20839
    9467   35899   26116   27506    7752   10496    7484    9929   26432   26621
   24493   22861   19990    3696   10827     455   32272    1487    2801   24244
   35162   34540    5675   28154   27065   24591    9162    5081   16586     543
   18265   30349    2781   19794   28310   18395    3970    9763    6985   22932
   29018   13448   32776    8743   32100   20398   20498   11057     530   27416
   15079   16012    3741    4480   36376    2687    4662   33805   11095   28679
   10036    5544   29646    6350   31718   29707   11516   32276   24971   10507
   36661   33697   24538   20230   13074    4534   23035    5755   22721   30925
   26760   21531   26212   29437    1493   21140   29264   33997   24289   32415
   23340   28670   30643   12986   25603   14299   12512   23923   32825   31979
   10513   15602     185   23761   29337   36509    8139    2282     421   13545
   25589   13853    9207   10165   12524    8076   21555   35841   15982   11741
   18968   22430   16375    1149   33176   23874    4159   25676    4559   31684
   16011   18432   25980   35748   13209   28055    8109   10697   27041   19992
    6420   29394   25338   29322   10848   11963   33826    4945   26163   28493
   23912    3419   13799   26049   26580   21090   20399   10314   24154   26491
    7553   16258   32217   20767    4714    6645    8738   32566   23264   25006
   15589   28801    1153   32923   25487   28507   24293   31676   10368    8509
    5631   22439   19519   35580   33857   28138   29615    5093    3524    8651
    2111    3165   33871   10405    3158   30791   15290   34290   10801   35974
   19399   11348   23659   12407   29064    6046   34992    4675   12542   32472
    9450      40   17558   13694   31862    8449    8477   19367    9416   18168
    8975     261    8431   25769    1251     594   35227    2219   17692    4505
   23313   10649   13960   30243    3312   24478   18546   30605    1416   23013
   10043   30362   29847   23562   32681   30241   17012   25403   23445   35042
   27163   13308    1356     189   15955   13969   12257    1385   11278   28293
   24855    3304    8474   25557   14939   31874    7787   33468   16523   19704
    2858   14057    9819   11894   27188   14635   26111   28295   13495   19870
   19330   23327    2463    9180   27197   18251   27777    4918   25472   24063
   33559   21219   24844   14748   35713   34010   29949    8554   35602   25656
   28044   36761   17263   12486   17114   20440    1464   17727   23796   23457
   32920   21584   23265    4659   15716   30165   22217   14068    4521   30921
   16111   20952   20515   36103   32792   24318   15723   27612   12734   17095
   14187    2262   23047   29579   22901   28441    1821   20228   36378   23174
   18959   35424   14631   31948     622   20656   33919   26896   21591   34337
   20607   36095    3822    6246   32171   30449   29958   10012   30331    8302
   14836   26720   11310   12265   14309   18822   15669    9062   18172    3654
   32375   16876    1451    6244   17856    2706   21085   28889   12291   15125
   16848   25560    1361   14318    3832   27564   30670    5221   23778    6596
   25747   36994    4066   31841   10541   22842   11613   16079   32519    4666
   22540   22071   27509   29895   32648   33388   34026   24181     792   33653
   30410   23995   31181    8916    5711   11682    7980   26950   35902   35547
   13095    4668   12010   19132   35328   30917   18813   18229   18052   18899
   29941   26504    7291   22279    1231    3900   30499   16200   35776   14152
    1746   33456   12426   30391   32547    9617    2973   13684   17559   14798
   12007    5158   24665   25976    1796    5148    8969   23653   27497    5780
    2761   26158   21804   22686    7476   19393   34588   36615   15989    8265
    7410   24110   34758    1109   25986   33870    4548   23984     567    1178
   16272    2252    4557   10564    2396     754   26617    9736   34057   10102
   33526   10907   19034   13055   28580   31174   25606   12790   10627    7315
   21881   16988    8021    9715    7977   10492    9856   29456   18525   24392
   36689   27151    7294    2713   33633   34235   25960   24208   10038    2170
   30514   33314    6895   19798    3509   33017   14918    7425    5195   13372
   27563   18063   36962   19633   31600    4345   21127   17410    7897   22221
   17119    4064   23358    7796   19280   27141   15995   10024    5538    5135
    2012   28328   26427   26773   14330    3527   35348    1719   16769    3136
   12147   15688    7138    5006   24085   25506   17392    1310   31413   30464
   35528   16607    7710   33404   10970   18237    6312   17501   10954    8921
   28311   21372   13278   23169   16958   29631   13071   20559   30985    6932
   10555    7854   36862   21684    7237   30540   13878   29080    2302   30859
   22419    3032   36674   26106    9852   20026    5907   15128    4151   16532
   15788    2019    5100    5224   26888   25147   30690   11511   15418   28751
   11791   34932   25217     990   22162   33398   19608   20744    9685    7469
   30370    7500   29672   31391    5037   16349    6637   18708   30178   24801
   24277    3144    2570   15935   23608   30251   33030   12302    7737   29904
   28092   22561   14843   21244   25296   19141    3729   23423   36087   22075
   20088   33798   10155   13639      64   21166   16524    7632   34252   15568
   24515   28682   17721   22897    5313   34989    8863    8696    2746   33157
   17432   27558    7865   12797   27435    1592    7618    2006    9979   33950
   36679   35133    3521   15095   14389   10288   21091   29199    4524   14677
   23231   27838   22549    2483   29383   24434    8140   31880   29023   10473
   29436    1080   13116   24813   29555   18117   22530     305   33978   12796
   30368   25745   15553   26946   30138    1789   15368    3084   30306   16533
    7320    4318    1484   17758   12188   28983   24438   11515    7709   21694
   22360   16703     982   24899   27793   25582   15732   33908    6499   16732
   25000   26057   33560   13514   21466   31935   36049     941    2468    6589
   32510   24810   11775    6684   11959    2147   32744   14341   18487   32337
   21644   25953    6581   14754   24353   18343    5335   32770    5136   16529
   20241   25243    5209   22757   10237     286    9099   13762    6999   19655
     194    8110   12810   35576   19638   17606   27419    6978   34572   34184
   33161    1015   15059     159   29463   29953   27968   14813   18221   10854
   20140   18130   17009   19235    2972   33814   26334   14808   11852   21005
   19381   26300    2760    8461   10073   18928   23498   15908    1197   31023
    3930    4592    9892    6284    9884    7602   13232   10753   34135   20143
   33112   27256   14893   22333   31649   28741   14401    2794   22010   32220
   28028   15116    3677   16702   14215   18043    3434   24407    4501   32581
   14786   11120   21099   10453   22247   13177    2403   12687   34622    6281
   16346   33636   32720   10290   28936   20666   35292   16205   18552   11773
    1283   13406   11470    6762   25314    9376    6161   34609   27213   17504
   26406   26258   19098    6047   28069   35331    5413    6063   26560   33056
   18344    3935   11239   10691   16997    3629    4326   13397   36409   21692
   19116   32422   21387    1774    3815   21276   34227    9254   15790    1520
    8935   31973   29550   26259   26630   18833   12380   13903    3649    9741
   31435    7616    3631   16115    1975     209   21172   21141   19463   28425
   25161   21598   31835    9468   14580   12489   29321   36008   19800     318
    2251   30348   12483   27079   23189   20238   31797    6690   18661   23277
    2334   10727   24294   18291   18330   16674   30232   14778   36746   23854
   11195   24086   29812   33374    8891   34621   35160    1295   14469   10159
   18662   19423   11430   34670   27282    5434    8432   33562   27157   17205
   23771   30506   33903   30119   11076   29175   28369   30217    3720   11300
   13061   22720    6303   26733   20940   35839   24401   19134   13046   25455
   18379   33212   11424    6113   23029   23150   17939   33725    4447   36171
    9421   22264   21556   12145   29838    9956    6447   16221    1817    2313
   31528    6977    4302     944    9886   19246   14592   34835   20501    5698
   19679   35386   22725   12906   13963   22840   30591   25321   28282    6795
     415   11108    6482   22391   32741     592    8779   14873   17381    4867
   32468   24338   16571   13268    7874    8126   32099    4926   15942    5918
   15155   30090   15677   36250   33957   24572   15687   18412   10690   12539
    5657   33336   25300   33555   25828   13937    9374   19675   23843   16217
    6251     934   26207   14607   15422   19553   18806    1650    9507   26075
   21215   15931   20724   24492   33583   36444   31914   29057   28188   12028
   23420   32990   13920    3885   19063   12694   33502   12887   12778   17522
   31403    2176   36976   19758   33628   33271   17599   24502    5823   21559
   26312   30363   35211    6899   36782   26820   23036    5456   36031   10803
    1241   17123   18334   15317   30564    6320   36341   14781   20706    4580
   23650   20442    6644   25112   36090   23335   31415   34208   15036   11330
    3781   35985   24190    9255   16585   27892    4526   16234   19289    6061
   13194   22383   17565   19221   13153   32897   34380   27615   35085   14137
   16819    6731    1878   24151    2965   21050   21036   26492   16647   24113
   32204   16966   16837   12586   34237   33493   27223    9072    7823   35062
    6473   24554   26697   36414    5797   11128   28676    1269   28433   27418
    4014   32785   35114   17053   11865    8466   13425   36338   30275   21734
   34004   36208   26252   35619   30065    6993   21041   17554   10642   19035
   30196   12289    2616    4679   31534   35188   26475   11112   35924   14665
     357   31173    6757    7816    8004   16304   19198     600   16698   32260
   16879   17292    4165   26868    5980   13864   16243   22803   29290   20093
     766   27527    2874   22251    2784   10218   28707   34699   21463    3055
    6034   28419   28206    7731   27007   20629    4889   18782   14071   34769
   15853   36052   22859    8356   29203   16150   28224   21960    7875   36816
   11457    5537   22889    8418   19106   31889   33257   29754    2580   36913
    4231    6301   34344   28045   13122   28239   20008   28651    1928    2103
   31980    4562   27355   15401   23660   17061    7435    1939   13117   15596
   15863     712   13909    2640   13165   34400    1476   10805   27367    5689
   18146   29660   27649   15344   14788   19443   26622   20936   24700   36241
   14070    5932   35223   27383    6021    8334   19294    6090    4577   29718
   17165   10518   34735   14859   19356    4310   22922   34873   18109   14482
    4344   27328    9519   30562    8032   22852   25524   15319    2427   26509
     579     800   17595   27114   24009    6785   33143   33039   10133   11538
    4812   35376    9758    3348   25070   17417   36698    4171   29663    5627
      50   28775   24290   35957   30207   18421   10407    1423   20687   14443
   26931   22710   35761   32616   25160   25301    1218   26356   27798   21524
    8820   33111    6211   28403   31550   36893   11483     691   34896   33415
   14838   27388    3424    6015   21862     377   31740    2812   12744     212
   27632   31124   34850   35656   21811   30667   18189    7467   11285   10130
   13641   15952     645   23599    9349   32096   36144    6407   35012    4865
   10437   21819   33955   28246   35233    8056   19685    1577    9712    7246
   13473   26607    2977   27623   14400   31455    5716    3472    8923   36501
   30694   17566   28257   36222   32269    6029   22356   27396   24556   11282
   17202    3909    8019    8565   21282   10429   26187    5268    1420   10673
    5903   19157   19203   18299   34548   27713   12808    1716   17382    5742
   10344   30277   26137    4639   34966   19348    3672     638    7798   21773
   11208   12762   34645   21897    4354   24863   34814   15433   23535   23558
   32988    5958   25780   35559   14532   26122   12061   20118    1376   10149
   33358   34521   20631   22991    2193   27209   36833   15167    1840   16443
   22539   21118   10630   12290   14388   31241    4479   34709   14539   33546
    3354   16959    8892   15035    7191    9881    5213    6459   30567   29871
    5596   10115    7551   21144    7517   33332   10446   13103    1533    1608
   28358   35816   20835   27108   28168   16151   28955   16404   12975   32962
   27873   31216   20148   15365    9305   29440   11050   26434    8523   22348
   25134    4646   13303    8560    7325   19522   23224   14004    5591   17239
   28781    1145    9094   28683   19825   33158   29641   19112    9064   24602
   29106   31975   34399    9677   36372   25414   27948    4060    9054    3651
   17794   12328   19471   29900   30766   29626   29387   19523   26886    7784
    8400   35383   35525   25467    2073    1212    3801   24849   27238   28570
   18133   21802    1808   36332    2739   36314   23888   36505   18191   19574
   10433   25545   25412   28499   19648   11536    6837   26841   33007    9967
   13101   14685    5482   29427   15250   18152    7238   20540   18179   11637
    2577   18641   13191   23635   11708    4859   35363   15310   24912   19302
   28973   36136   12383   14647   12122   11931   20353    4362    7696   14718
   31883   30804   30763   17438     659   23569   16054   15791    8029   19666
    1117     587     509   28190    2688    9946     354   24193   22401   30035
    5174   23164   34060    4456   13627    9379    3562   18443   21588    7226
   25881   13983   32404   10430    6433   12756   17065   36699   35503   32294
    8090   18715   26099     782   27662   26932   23082   15572   33654   29559
   32446   15949   25089    6598   20007    6081   27222   12927   17783   19999
     186   29470   18290   25787   24807   36358   11259    4793   13217   19554
    4712   29986   20541    2429   27453   24144   10851   23041    7016   22441
     997   17255   20913   34428    9662    9259   17869   19551   10360   13733
   10617   21337   24306   21893   23364   13736   13848    4342   24321   18442
    1881   20037   33989    1986   12761   15515    7636   25399    5475   27033
    6554    9028   17709   35125   28052    4814   16487   23008   31473   29487
   33391   15960    7098   21001   12608   11246   23075   18752   13445   15956
    4553   34510   29411   20419   34053   34739   20534   32802    6439   36169
     104   15471   11425   32558   34605   29863   20074   36858   24852   22729
   13700    7343   18951   28488    9675   34627   29969   27859   11365   17647
     626   33172   29825   14040   23443   33751   22003   13814    2018    9701
   27131   29787    9574   32596    4047   18463   25789   35675   13167   23727
   25422   17030     739    6958   25936   17075    3519   32695   27458   32207
   16890   16640   36007   13978   28266   22454   12754     770     880    5518
   24084   25619    8947    2701    2359    1200   14990   32964   31484   33325
   33767     335   24927   32873   24298   11638   20294    4912   13931   30192
   13060    3791    2575   34998   21730   18554   11763   27076   25969    4283
   17115   25624    1400   25632   23643   34410    2953   25825    8447    4671
   25770   18234    1862    3051   12076   24785   20920     591   35652   25923
   28821   34121   31810   13628   29959   10488   30175    9855   12996   15001
   30126   13282   22695   33764    3493    5282    8243   16048   15806   20750
    6962   22188    8695   17997    5490   29586   10122   26605    7124   28718
   27031    7544    8372    2131    3915    9726   32543   24943   10305   18843
   30530   22646   31426   23835   26330   13030   22269   17986   30864    2373
    9063   18748   16828   32513   13358   32957    4170   19325   33058   13489
    2601   13243   11945   34466   23312   18967   17322    4911    4896   15113
   20080   31103   30324   17920   23891    3241   19140   14360   13428   12888
   16668   22271    7181   32073   19955    5901   29875   30693   21992    8827
   25625   17219   29885   25817    6261   31026   13776   24848    1204   20651
   22208   18338   20691   32806    5476   34929   20521   12346    5943    2328
     321   13669   34456   26823    6823    8018   17116   13907   33183   31047
    5915    9274   36228    1824   36135   28552   36593    1006      48   14140
    4787   10178   18887   35310   26362   18230    8842   35152   15219   26213
   16696   21578   20773   14510   30916   14262   26550   23921   34895   15249
   11436   12410   22590    1244   13423    5656   36550   11344   25734   16083
   17422   31669    9413   19069   31795   21910   34696    2495     937    7382
   22726   16318   17860   31538    4009    8768   32179   17567   21497   21223
   32307   31425   10790    9755    7081    5385   22122   12475    9687    3344
   15771   21101     537   34489   20453     281    9155   17514   23925    8363
    6405   21392   17195    2630   12637   10559    1694   20514    8177   15635
     288   15181   22908   16363   31698   25443     106     248   13921   16927
   36657   25308     898   29777    2462    5112   21536   24254   30823    8806
   18030   20050   19727    8693   34076   34162    7107   26635    7379   35094
   23708   10565    4914   34340    5551   27414   31017   27728   11896    7830
   15875   32170    8538   30541   12763   12557   35565    8851    6756   10199
   26530   32629    7104    6818    7048   22475   28352   25537   15672   13353
   23540   30496    7700   18898   12250   30835   26659   19588    3512   20066
    1949   28946    2054   36926   21705   15426   34495    2453    7165    2768
   34141    3977   14517   28599   16049   28736   29669   24170    8010   31220
    4702   10427   22834   36781    8586   35132   13943   29186    3965   25724
    4839   25833    3444   29128    4108    6418   18808   10547    6158   27066
   12828   22558   13157    1186   28871   22777   14997   18270   12320   26358
   30813   11909   36375   18905   14899   11646   19323    9184   13133    3118
   26060   31260   26449   36425     215    7449   25480   26837   18593   17845
   33563   29574   23966   29339   27016   23597   12861   10201   19597   22326
   24862   27005   21978   14925    2787   10478   20777   15324    3664   14224
    6019    9210   26130   27137    6951   34079    1927   32578    8584   25782
     654    5299   17896    9569    2033   19709   28733    7086   33243    2457
   22039   18118   33096    7754    8611   33712    1064   12177   17575   20224
   25696   17874   29037    4421   17347    7958   13092   16610   11495    2459
   26144   16906    3988   30127   34303   13752   21659    3923    1858   35268
    6257   27725   23758     736   15055   10598    7778    2608   26591   14566
   29656    8812   22232    9917   13987   24734   20796   16211   20988   24606
   34005   18767   11944   10194   32685    2467   16104   22808   16505    3698
    5902   34190   21265   28664   26692   21093    8495   13643   26994    6145
   29352   20329   33783   16179   25885   26554   12693   12183   19571   14970
   30880    1157    6961   15622   29007    6627     282    9959   36354   21328
    3566   30208   32202   26054   20726   21710   34446   27618    3555   30269
   27933   14264     141   20153   26070   29426   26313   25149   30367   11605
   10328   16557   28420   12282   18256   31952   17272    8020   21506    2203
    5057   21685   34056   34869   24131   33089     734   12709    2440   24589
    1875   32074    2130   17016   21368    1738    1720   31577   12555   14871
    2097   13419   22420   28578   30285   20802   11718   17103   11360    5362
   26664   32024   24795   25087   36988   18218   18384    7499   31385   35929
    1876   17231   33811   31755    5532   15381   21278   22202   29841   13939
   33655   13341   16492   31372   19721    3761   16259   16062   16163   12019
    9632   11814    5702   31430    3089   27980   29723   19791   17951    3191
    6667    1500   15115   36232   26149   14636   33368    8920    9992   26171
   32534    9340   28763   20312   26110   12031   19184   16679   22469    6394
   16808   13887   21373    4259   22464    2348   34996   22872     644    2237
   11860   24818   11948   21294   16480   35618   26657   17654    1021   29094
   23581   34919    8014    8273    6494    4985   29752   14147   16329   14292
   32918   20609   32998   24076   16875   12283     223   27244    1676   36485
   27905   20939   32061   29736    7297   23698   19569    4491   14084   26564
   12358   31318   20544   11691    7685   19564   35185   15506    4440    1807
   26732   28080   29388    7483   19671   16831   24242   26715   25362   27744
   27029    8547   25099    8081   27654    8524    8526   33747   17494    1267
    2909    4975   10096   22491   22833   23506    8504   35603    6940    9724
   34578   16122   32649   13794   35066   15695    9725     598   20543    1781
   30438    8540   22892   14368   12037   28755    5179    8403   13705   22432
   33301   32358   32521      97   18920    8532   24380   28672   36123    5527
    4817   18659   22254    4959   30901   28636    7044   18579   30233   31824
    7589   20335     486   28011   14448    3960    3388    6206    6202   13049
   34770   21155   16641   12671   32370    7361   31911   27448   22011   12925
   13813   17905   32338   32235    7146   30041   19192     905   12048   29277
    4036    9626    9630   23167   36573   20718   19458   23527   11845    8271
   19046   27252   16237   15641   14434
