   30387    3952    1410   15830   22405   24625   28916   18378   26895   25167
   30734    3737   15628   25047   16863   19499   16744   15637    6508    1003
   10847    7198   17636   22670   35724    5799   33041   14281    7813   25049
    7189   12161    4339   22648    9619    3686   11777   18328    6603    4816
   19521   23632   24597   21156    4691    1941   17464   15439   35879   21833
   20789    9267   33510   24628   21612   33489   22811   25104   27281   14815
   35429   11291   21861   36986   20781   27998   18201   27752   22761   12331
   36576    5466   17935   33843   21220   35707   33085   14940    4304   15844
    1571   15619   34365   17952   26318   19813   25439   20808   28876    4737
   11324   31321   17891   15670   11068   23961   13763   22609    7466   33289
    7385   21104    7512    2401   16638   29655   31398   33488   10644   10476
     784   29070   18990   17138   19027   25964   35113    2198   36592    6247
   19449    2404   18000    2171    9911    9597   16667   17198    9880   15885
   18408   32300   31653    3366    5110   26849   19414    4682     822   24610
   21590   29848   11427    5346    5349   23926     475   24504   10114    2637
   31939   16498   28388   16042    9025    7218    5255   22518   25055   35678
   19549   29130    8260   23351   13854   32562   16325   17487   11796   36184
   15711   20451    4048   17893   23505   19361   32006    8377    1098   32393
   29677     287   12569   17646   22189   18837   20710      87   12893    3313
   15639   35834   12826   12563    9284   10874   17051   23162   26690    8242
   27465    6536   30548    6037   18566   25267   21821   25152   20824   13743
    4007   14854   19015    9749   31548    7574   36580    6053   30316   20825
   22431     650   19725     988   22663    4508   21586   29191    4271   12416
   10448   33459   21514   24251    7154   17104   24018    4176   36655    5015
   32787   31151   16926   20986   17664   30544   11563   20689   16582   12235
    9842   36088    3409   25176    3774   10436   34964   19743   36190   33666
   29939   29545   26967   11268   35343   14548    4466    7374   12769   31854
   18682   31134    9693   24939   27732   33470    5638   30365   22564   16352
   34726   11987   20130     992   36476    6610    9269   14226   34108   30906
   30314   24704   29498   32417    7633   35463   35870   35728   33087   34508
    6224    1900   26941    6893   22674   24543   14260   33455   14083   15073
    9602    8679   25920   16786    5374   26363   26012   35632   32676   26027
   22675   13959    2431   16964    4402    3648   23873   32606    7756   19391
   16609   19489   24037   23489    3795   28925     762   18663   12820   24910
    6417   32576   20220    9598   23625   25854   16116    2194   31238   24077
    4487   29495   19752   36102   30374    4905   34448    2041   26413   10229
    6642   17910   20560    2808   27562    6621   12496   36648   11054   15598
    3514   32993     778   17569   27700   16519   12601   12253   32511    6174
   27274   14840   28606   16109    1630    4161   34047   32009   32704   10404
     900   22424   24287   16166   14726   10245   10703   16788   13434    7558
   26167   31114   14080   29165   33297   13767    3954   11321    9282   29335
    4357   26430    8911     722   26372   30193   19386   21441   25165   15258
   27305   23038   15575   22924   19389   25466   33465   34167   16032   16644
   25918   35976   22762   21878   10526   11432   25572   10240    5312   23097
   27845   30262   33083   11210    3399    3797   17011   36654   12130   17683
    1243    7211   36702    9258   22603    2238   19680   11303   24312    4416
   27268   29313   30344   35555   17451   23125    6851   22906   29964    1914
   14775   28245   24404   36209    4903    4168   21405   11406   13753   19262
   16945   32903   33925   29517   12668    9699    1554     856   13150   32539
   35341   18183   33291    2915   33366   33195   10756   35391   14222   23587
   26062   11607   24033   30912   11279   27721   31299   33429    3184   26906
   18723   21923   29154   30393   29382   35209    1604   36309    6387   34351
    2857   20023   25029   13703   31856   24714    5634   33690   23790   21616
   27566    7274   23025    1800    8528   29515   31314   31545    9848   11721
   35720    8612   13200   23088   35174    8078   29211   30333   28512    7895
    6842    4654    8095   15836    9343   19218    6057    2135   22893   30113
   10533   20524   29242   26177   29784   19186   16682   13075    5001   21835
   29172    6705   12136    7678    5236   18731     810   28565   15560    2318
   30632   31968    8188   16597   34815    5270    4233   30158     422   35150
    3046   30555   33929   11237   29700   28360    4219   17660   25054   31483
   36943   30265   36880   16583   29039   35531   21707     676   18216   10126
    8116   24976     636   32572    8430   24311   24109   25778   17194    3589
   19991   22178   36755   32921   30726     632   35099    3551   28594     871
     916   29607   29266   32886     535   20828   27091     994   13922    2089
    2623    2390   28148    9882   15884   35882   25840   35437   12548    3933
   17409   30032     316   15279    6950   26178   22340   26521   21520   11564
     429   36643   19994   16719   34218    5068    2136   26544    1224   16202
   30142   18147   12915    2697   16153   26747    9731    1364    5852   20360
   19061   12146   19741    1426   21391   29531    7903   36039    9223   35316
   34958    9858    5919   26566   35825   30644   19258   27847   23320   29931
    1517    1553   35203   28998   11532    2624   26679   26647    7536   36227
   30905   19744    4113   36805   17791    7021   14522    4894   19415   36579
   15404   24024     131    9365   36143   15818   23414   23042    2184   24623
   21303    2002    1803   29361   14767   26186   26281   16513   19674   33892
    9279    8720   31578   19429   20114   34747   16855   23208   32864   21947
   14535   15583    4436   36104    1466   32495    5371   31159   24909   10184
   14181   32134   21602   13312   18482    9396   34531    2386   19101   10301
   30441   14703   29102    4020    5565   12782   33576    8757   18220    5614
   22763    4906     674    2792   16733   24767   14928   32192   24752   23411
    3596   25057    5725   13266   16252    5071   14892   23819   21777   23173
   27053   10378   36062   13917   13463   34187   16147   25207   28163   23126
   36325   13605    9304   33188   19127   24506   20092   13317    6416    5142
   26757   26153   26236   24720   20979   24519   11551   20829   26855   16274
   21214    5105   19885   36857   22933   33108   36770   12587    4409   21972
   10704   25475    1751   28710   29214   19845   30805   14251    3036   20775
   24821   16832   16681   14832   36513   10685    2414   25170   10632    2080
   27334   34475    1860    9055    3485   15218   10095   25179   29687   31366
   14795    9401    8515    7475   14852   14812   24746   18918   31763    4420
    1276     199   15287   20955    9544   27220    9812   32548    3027     269
   33044   22005   11920   34457   18009    1253   21656    8043   34270    3070
   23194    5502   25609    2747   31996    4270   13114    6371    7033   36029
   13695   12186    9625   24548   17681   31091   34570   30172   13778   12074
   27286    1193    8775   33571   21418   21696   14259    2492   33515    7812
     570   29529    3805    1383   11051    6559   20975   12218   17220   13498
    2145   34153   25240   15364   18423    9169   25352    2898   27333   28971
   11754   36066   22229    9859   27768   31745   21358    4546   14122    4281
    6474   16803   23828    7972   20730   33671   21699   12025   19004   22578
    7363   11160   26854   36040   34615    8330   26797    2863    5746   25051
   13772   36670   23339   17192   13735   11075   36215   30273   32160   23278
   10185   10374   30222   20346   23639   10337    4237    1873   31533   27260
   19789   36394   13129   14228   25937   26275   19082   22372   35007   22404
   14455    2435   19474   21028   21122     334   34822   18575   15680   29936
   16424   10470   32533   34993   30554   16621   34952   20287   13982   15369
   25729   35833   33514   28214   27182   24186    2839   27707   15008     890
   14779   18962   22230    6588    9038   27120   16789    9796   25014    2152
   31218   29281   26674   18512   14111    8793   36223   35320   24164    6925
   28802   17655    6523   19174   20917    4734   27279   18860   10664   14608
    9810    8500   35981   17587   17093    5674   30129   30836   20517    1128
    5830    3264   32086    8016   25821    5404    5718    7623   25529   29593
    2406    1395   18885   10490   35221    6229    4166   17778    8701   27816
   10171   20472    6412   26979   33126   13528   10705   14424   28412    7884
   15586   15227   35738   17256   29581   34429    9808    6078   34768   15559
   27842    6502    2955   14425    6503   16637   16572   28976   36112   27085
   15800   16178   36026   34025   22323   13274    8343   19817   31010    7809
    1747   10386   19243   34693   20460   13142    6634     860   31381   13254
    6450    6155   10797    6111   10595   15854    2870    7149   24806    5546
   14351   11651    5905   29743    7062   16689   20760   35304   24316    9900
    9767   15429   21954    5542   14200   15306   16717   24671    3785   18024
   23499   21063   15311   19012   10316   16140    7188   34431    7105   20322
    8295   34095   18094   27693   27529   29418   29926   33036   26861   15053
   32898   14212   31244    4330   15662   31834   14130    9563   21059   26499
   26702   21982   19155    8183    2392   29689   29710   27938   28687   25552
   32005    1950   27253   20991   23132   32839   12196   25868   11211   11077
   35477   15405   27641   24887      81   22078   17379   15238   12558   18314
   27401   11908   32340   10079   12027    1611   16977   15605      42   31495
   17491   11384   22854   34394    2053   22825   22403   25915   27505   36829
   15208   21207   15407   10578   30832    1664   35677   12685   35802    6834
   30561   22512   20998    6564   19233   27095    2881   19635   10129   18839
   17383   32773   16589   21292   11490    4448   11132   23438   23376   29480
   14039   29868   23310   15656   12974   13132   34318   12614    6521   10143
   31858   22000   21453   15220   11508    9493   15010   28671   22026    9185
    5913   29197      27   35155   36745   36808   33189   24313   28284   30909
   33114   20315   18660   11557   19746    5149   35615   22300   35563   33911
   21851    6277   16406   17101   20068   27670   29738    2442   32582    4801
     969   32532   24056    5721   22073      44   26451    7509   36125   16548
   36296   10142   25533    3611    2498   34951   36152   18448   19970   20336
    6297   27003   12591   22061   17631   27921   15449   33216   34977   30427
   24243    3288   35577   19077   17147   29013     831    6198     169   15045
   33574    4594    5499    7267   16632   21807   18176   13618    4838   20795
   13432   36423    7268   13546   31703   27858   27837   14527   10307   16103
   23767   34142   25500   34117   14234   22195    9076    8917   18711   19759
     652   10222   34330   24532   13974   14794    2270   26077    3037   15867
    1849   18447   18222    4510    6967   29428   26819   28096   30852    3026
    8833   12932   25992    7982   20365    7423    6080   18452   34198    6340
    1871   27422   34112   34362   30141   20396   11101   20661   15452   20623
   29389    2691   32211    7925   29152    4539   31586    9849    8557    1893
   21433   13693   34411    7221   28353    2022   26658   31983   15557   36508
   24896    2274   32924   14505   24053    6638   23220   21476    8158    5993
   20816    6984    1760   21242    8689   14301    3655   18500    1425   29588
    7872   29371    4531   10330   24126   14702   30843   16466   31700   18026
   27794   16193   15840    4288   35460   26439   11731   31950   11628   22677
   31397    8783   22244   16305   33877   12783   28615    1203   25239    8322
   32430     383   16246   31517    9211   27293    5621    5253   23678   13629
   24661   27937   27284   18248   33645   36262   32198   23057   19426    7358
   16414    7863   27410     915   17081     487   27715   18350   14524    2646
   25798   30954    4574   22434   14286   14827   23100   17872   25510     698
   23561   29408    2397    4755    9356   33019   25329   29839    8434   15472
   10982   18070   22989    3353    6084   20203   31386   20881   21537    6133
   24052   35311   20787   23123   23816   27743   26500   34393   13370    8613
    7529   12103   29652   21961    3030   22863   22625   22297   13085   30938
    7222   23153   35194   30247   11634    3092   14289   16510    4414   20612
   15776   24815   19839   32187    4189   16191   14950   18877   20282   29712
   20245   16627    4525   16181   13676    2420    1069   30006    4893   21040
   30748    8748   28545   33588    6991   34559   27769    5909   18233   19599
   32829   12553   32255   22502   32425   29610   13459   19779   13532   19989
   10120   13390   32486   12727    3876   35322   24958    8551   11559    7613
   36382    4981    2434   22886   18389    3740   19922   13156   33008    9889
   27940    5927   36328   21610   25198   11723   21382   36516   12376   35352
   36235   25887   27010    6182   31562   30679   27864   23168   16835   12013
    2023    8239   31310   31972   16400   31005   19172    5377    6577    9412
   19316    6526    3232    7027   13967   15722    7676   23575   23267   18717
   36705   34833   23293    5547   12004   22223   23352   11173   24742    4741
   17241    5842    8411   31580    3796   32701   23134   25930   32551   18604
    6440   33181    9138   22103    2140   22837   11739   10366    2830   13979
   20811   25601   21615   30730   20527    8826   19201   27245   34841   34014
   33168    9599    9109   13830    5650   24139   14773   17511   31993   23372
   10992   27113   34912   16909   25432   19926    2508   10181    7585   18648
   28616   19774   33038    6192   13990   36694   15518   11182   11780    5924
   13999   10174    9774   15856   25266   24213   29539   12853   12311   18944
   16917   25495   34783   32661   24046    9488   32592   23200   15799   27602
    3938   32856   20594    3732    7843   26031   10231    3390   27324   20296
   32482    8068   32622    9521   24281   30354   36081   24045    7134   30209
   26400   36723   36883   10379   25258   27317   28728   24423    9511   27836
    3437   11630   32464   16527     979    2806   32526   36229   34624   33677
   24130    3646   35552   25561    7150   15768   22788   33905   22974   31583
   32451   26976   12381    6569    9839   32473     966   24897   10106   25950
   18597   17701   25501   32728    2138   33330   24364   25426   19720   11856
   33581   35236   30997    1624    6963   28007    4276   17941    8316    3355
   15764   14190   18939    7214   21194    4862   27553     840   22130   27695
    9567   22925   22965   25743   17418   31446   14098   18753   24304   29524
    9276    5444    1896   11003   24268   18053   35956    1842     618   34169
    4555    2326   13123     595   31863   10210   19080   15881    2689    2888
   20195   11009   15186   16007   28291   23792   20911   26726     862   25655
   15292   23201   23936    8157   10296    6436    4256   18258    9439   14810
   20231    2352   32298   21145    7312   29467   33791   22936   20851   14169
   18352   35146    3955   32362    9101    7206   22982   23522   20064   29692
   19159    1822    3024   34046   31928    7750   33507   11635   32915    9698
    4410   14660   26169   34679    6512    3864    3012   25777   20488   17411
   25967   21394    5461   25850   24594   16365   32465    3006   33013   20658
   18979   14246    8399   31297    7408   16216   10019    5395   13100   29288
   36662   11861   20779   30487   33904   10836   10489   15822   23250    8296
   22241   30077   26655   30320   15531   33732   27316   30635    1735   31955
   24030   13037   32569   20155    1377    1141   33637   34374   30957   30789
    3265    3117   15938   19652   19884     675    5200   22946   13765   31704
   34191   19105   14708    7345    2662   21810   20414   35733    5611   18551
    2529   32830   35497   15054   13539   24786   15647   35649   31214   20259
   21429   27105   12613   29647   24802   31871    8609   29193    4492   20931
   15304   13160   28910   24757   30214   28149   32052   31516    4298   21799
   16791   19260   28886   14017   34331   16276    8903   30116   21403     434
   31474   25250   18640   15752   11197   24189   13843    9773    2986   17972
   11186   30455   23886   34317    9128   21995   15424    9197    4899   13337
   12036   13339   13946     789    5670   27240    6898    9663   32461   28542
    2831   22606    5225   24775   27855   17414   25103   27589   22197   16127
   16481   29761   11402    6185   22700   18761   24000   32494    1298    9740
   12045   24878   12000    3094   16488   33795   36163   28320   18810   14777
   22139   35115   22140   18295   14295   28721   17047    4141   26977    4784
   23213   12968    5543   10898   24272   28893    8221   32246   25556   19001
   25761   19506   32055   19699   10618    6172    3295   23964    2379   26721
   29923     454   35144   13769   28111   25477   12583   34802    9775   35267
   11036   22102   23400   31765    6011   30318   17969   21098   21449   20042
   32937    1497    6671   18161   11475    8165    9433   35775   24209   11247
   22415    8074   31762   28313   25860   11742   27869   25733   23547   34617
   18680   16700    4334   22101   13756   34030    6026    6351    2772   15740
   29257   12332    3233   16729   13491   35931   12497   32463   30200   11614
    9835   27521   36203   34655    5241   27020   23762   34415   20790   36168
   26511   15383   14325    3934   29385    4900   28609   31632   17423    2560
   19370   15913    7510   11687   35690   21523    3293    2607   26170   16303
   33924   31176    3149    5368    1526   33593   26966   36139   12226   27970
   34604   15774    6408   33958    3380   12536   15920    5655   15887   31960
   28574    2196    2541    1037   12842   30188   24571     264    1505    2448
   17912   32766   17976    3724    7190   19065   20983   26877    9469   34667
   32870   22172   32097   27902    4217    3127    2183   28980   32017    7859
   11880   13770   28147   23999   17484   19310   15783     965   19503    2426
   12940    9621    3656   19488    3734   33738   16995   17286   30164   25078
   11049   11306   26633   17317   34138   19407   11842   11141   30600   36997
    8180    3927    3081    4039    8829   35980   12479   23732    9549   32696
   27302    3750   28989   10583   21275   27178   26322    8665   28198   12718
    2814   31456   14738   26836   21077   21462   19300   23435   33806   34675
   22338   23756   27640   20645   35885    4499    2174   32228   34392   12173
    6543   19166   35303    9811    1354    2315   13451   21828   13702   16377
   26593   36567   28268   15248   31660   24378   23483   24418   17248    1371
   23700   35900   22055   26133   35055   29604   31639   12445   11514    8287
   13086   28684   19877   10264   29803    2894   23845   10895    7663    7064
   20801   33730   33233   36213    9307   30015   17320   12440   13926   23141
    9515   33876    5855   10087   27100   14999   10742   35349   34281   30027
    1180    1491    1160   25059   18896    4708   32053     492   24115   21798
   20688   15206   36974   17774   17159   13264   11096    1296   36995   27134
    5925    9048    1600   32930   33469   14529   14782   32373   25799    3831
   17057   10299   36653   14731    5930    1414   15428   15976   15566   14458
   29168   13145   19840   24082   20367   13442   21336   10373   25721   36158
   13386     176    7694   15917    2867   19537   21929    1728     795   22941
   27774   17544    4822   14504    5193   10123   26037    4806   16539    5606
   10148    2320   34496   23955   35799    1287   25588   36196   13644   11113
   30151    8797   24850   32259   22566   34810   10987   23993    4280   23829
   15814   30018    1998   13809    5651   29215   23463   22237   26779    1823
   27984   12293      70   12101   25123    2678    6189   20082   24970   32876
   14692   17137   30510   26429   10112     386   28901    5250   29924   27934
   35379   22618    2038    1355   15271   18245   20647   27454   27692   35210
   28395   21715   34126    2918   33134   17735   13826    7888   23516   16157
     664   29769   16020   27501   14268    3667    4856    8598   21550   22816
   10320    4411    6719   26306   15351   11028    1937    5341   10964   27093
   31610   32356   14248   24988   34925    3914   19372   16882     811   12638
    9957   23692   13820   31433   31307    3673   19910    7340   34074   30515
   36411   31891   19079   31082   27820    4122   29699   17303   25535   15082
   15329   19220     774    2215   27964   26764   27729    8884   28132    4243
   25912   15760   14391   22807   32940   31750   32063   33028   14895   18064
   24963    6971    7322   31674   31063   15032   30179   23183   35524   23191
      15   28294   17854   13374   20035   24922    7666    5411    2611   29137
   18742   28267    5126   27056   12041   12937   30834    7018   12232   33170
   34614   19945   26277   33864     390    2226   13574   35159    1557    3071
   12422    8261   11525   19183   24528   36270   20160   33685   29305   24473
   33848   34994    2738   26771   35541   20502    9525    5455   31602   33193
    7043     760   20366   16085   20833   36392   10401   20126    9006   16182
   28967   17301   14059    7455   18185   12286    8876   24351   34355   15427
   34421   31882    2385   36847   26404   17353   17959   34552   33595    1623
    2795   15481   17589   17105    1380   12771   24138    3606   36389   26473
   27292   22724   21676   34396     214   10614    2654   33594   21153    2527
    1320    5880    8002   22555   24007     635   31086    2997    1056   13286
   33612    7844   21279   36204   26084   27062   11216   12839    8147    6252
   32125   12237   24278   21546   12791   31348    7365    5747    6098   19893
   15540    2868   11657   20583   29519    7567   17385    3360    4034   31406
   28191   21271    6496   34513   23673   29192   30283   28539    3526   28917
   12038   16144   12920   35581   28240   23017   31336   18282    4636   36924
   31554    3517   10479   33067   25277   25486   11686   24731   19956     124
   32320   10387   36251   13932   17356   33472    5826   31410    5038   22676
    5848   35637   21152   25823   17154   36443   10845   13525   10864     515
   28164   20142   10494    9458   27843   19806   13438   29951    8885   13584
   34111    2485   28216   27432   15011   34702    9509   25518   35047    8633
   10841   25763   30429   14428   35374   14669    8207    8030   17547    7427
   14717   22793   31686   10788    6039     643   18105   16118   33941    1693
    4699   26319   30198   31302    5008   15432   33003   30771   18055    9302
   25851   36106   15793   19714   32268   16064   26880    1093   35763    6727
   20239   13151   35766    9110    3131   35977   18048   21666   30569   32398
    6854     947   27620   36006   12830   15526   21953   15179   17670   13010
   30708   15615   24497   21752   27896   18439   32326    9322   27046   34861
   24580   16285   17676   23715    7230   28120    1315   32066   10910   18363
   19589   31713   26425   33171   19376   31060    1321   32750    9420   30715
    4664   16187   30501    7687   22963   18642   33846   34196   16053   14934
   10415    4417   12049    9786   34576    3622    2173   15122   30168    5765
   14799   10761   15612   12725   34377    5623   21332     913    9678   24215
   24148     497   21131    9927   13065   15479    4809    3098    7414   12620
   25906    2627     425   15539   29632   14659    9182    9261   35815   34797
    6688    4282   34180   20354   16857    3817   30552   32151   17640   29255
   13650    5289   16725    5492   25407   31259   30536   16602   26682    9761
   10792   28536   13204   18594   22826    6241   33761   21158   32216   17966
   11599   20683   20109     819    4556   12510   10660   14337   15749   11082
    3430     270    1741   15326   17864   13642   18092   17465   10943    5216
   27122   24812   23071   29328   31734   34524     503   21554   11506   35273
    5769    7946    9553   34328   20226   20072   35309   21020   21805   31014
   23513   15843   32309   28393   17970   10814   18746   20847   15744   20822
   21743    8914   19587    7255   32996   11296   21952    9492   11500   11119
    4537    7583   14096   34661   31219   29768   33071   29783   28547    4808
   30128   31471   33238    2208   18377   34055   16705   28058    7148   23789
    9065   33670   20823   20378   33010    6595    2258   35377   30470   17907
   32384   22730   33224    5294   14085    6178   30123   13727    7596   36802
    4761   20260   19238   17144   31225   17316   27158   21737    2515   36890
   13531   11960   20462   15352     768    9435   16773   14586   23182   30606
    6357   20652   29971   20112   36464    5188    2199   21078   15436    5520
   18087   23988    5804   15087   27261   31680   31036    9049   11225    9168
   24246   15761    8478    8384   31631   36983   10524    8141   29730     272
   22437   23225   24257   18913   22440   32314    9248   12003   10646    8952
    1294   35777    5069    6139    7101   18688   21652   28204    1755     986
   10047    8927   21478   21541   35811   17343   19917   13607   29112    4423
    5969   17142   11541   10227    8416   32611    8673    5137   22904    3210
   25507    4753    4560   21038    6067   10868   11696    3882   13935   35082
   36827   33453   24212   11194   29410   25634   25956   18031   20791    7957
    3408   30651   29520    2533   34984   33150    3276   26067    2366   16796
   33449   19169   11006   22446   17461   22504   10984   30991    5846    5399
   34773   28181    2231     291    6711   32146   31524    5211    9080   32774
    1440    4369   28270     799    4634     339   28429   32965   21618   16444
   12982   26555   12069   25062   13719   18393   15444   16482    8791    9830
   25263    1744   15735   33889   28533     440    7964   17045   15646   23202
   22433   18645   34160   31296   19949    2185   10228   27851   33777   17046
   23998    1151   16881   18737   19659   31719    3693    2861   11410    3846
   10682    3613   18097    3695   26364   11993   17354   15450   20800   26719
   18255   21958   33808    6194   17445    9671   27706   12437   33078    4465
    7050    4394   26365     875   33902   28734   13783   15331   29265   30433
   11281   18703    4201   31917    5203   34369   33519   24363   32089   34088
   35315   36219   21349    9551    3481   29478   13915   26709   19878    9073
   12593   26262   32183   34848   12059   15137   10164   13866   21704    9111
   16405   14923    6542   18955   19237   36712   19757   32271   14714    6724
    5613   27608   34788   13240     344   15460    3711    8981   15005   28761
   16656   24442   25276   27642    7477   17745   27224   34267   24772   14772
    6056    8055    3427    3924    6668   12662   19623   34526    4895   10396
    5779    3134   24978   35545    6478   15056   11401   23331   22789    4600
   25630   16354   31248    1772   33055   16967   33886    2704    9738   25532
   13280   21412   13128   18254    5483   10323   32283   30246   33121   28116
    6458   28563    6728   34049   22772   31621    8990   18436   21729   12090
   18398   19584   21033   19660    5336   29968    9710   21400   16918    7145
   15525   32991   31201   32778   16802   24119    8237   21229   28693    6566
   20004   31736   35280     877   21574   36707    4739   17006    1968   15625
   10054    2932   36821   22311   24248   26324   30036     569   23291   32080
   36724   32926   26940   34016   36489   25128   19189    7502   34787   36278
   21113   15101   10197   34647   30425   17386   23103   20838   35344   10049
    5009   32529   32010   30618   33392   22987   16495   28622   28469      76
   34949   16024   20908   12538    1730   23686   20556    6354   25354   17000
   36510    2243   27981   15714   34438   24550   11851    7531   34883   24159
   28837   17054   12255   26474    3479   19150   12212   29859   34955   20212
   35232    1535   14332   26639    7661    3200   23887   17995   16745   22829
   24842   28830    3922   10985   19726   32252   14514   15897    9651   10612
   21199     319    6743   18679   23229    8186   21759   10777    1009   15588
   16002   18863   32722   25711   19833   27974    1920   21551   16471     387
   18900    3308   30828   17473    5273   25605   11359   34343    1519    4328
     687   16740   31934    2028   11901   33952    6299   22767    6193   15425
   17211   33527    1940    2682   21342    6687   34959     533   21026   35511
   19271   36115    3569   25085   28411     222   23703   22698    1391   19620
   13502    1239    4776   26388   13877   25764     155   15983   31897   23742
   19702   16865    5143   30968   25662   20864   17991   16753   35472   15092
    3314    2098   12749   21793    7959   32559   32992   12113   32491    4427
   16626    3029   31742   25465   22741   11218   22108    1208    5762   16161
   19959   31065   14972   18020   13118    2380   25738   26557   20009    3671
    3195    4406   29739   32159   20029   20350   20276   15655   14734   18598
   24998    4167   30970   22471   33715   26863   11107    5997   36044   29933
   28137   20257   31032   10969   33587   13632   11897   32281   18719   30727
   21700    4870   21939   12473   28732    5587   30242    9179   35886    6276
    8898   35736   31555   21720   11177   34452    8268   16699   22095   34164
   13193    8193   22422    6392    2650     938   21641    1043   12316    8697
   14415   14588   18397   26716   16478   20989   36363   18721    6062   21351
   30477   15086   23464   32227   17050   19836   30134    1944   26844   27027
   35516     207   22038   10335   35944   17769   16486    4429   11065   10962
   12720   13774   29578   29872   22458   18626   27381   25110   14314   27259
    6911   25358   34061   21808    4463    4054     217   21473   20819   12672
   29809   19400   11561    2679   27215    3025   13647   12571    9195    5566
   29726   21970     229   27761    2721   10567   28929    8005   31751   11835
    3580   15014   18034   11989    9862   19964    9301   31758   18207   34703
   34555     102   30382    6176    7352   11226   34776    9728   33743   18140
    5840    1407    8357    9572   18671    6735   10352   26857   16484   31672
    2222     703    8734   21648   34189   31654    4528   21744    1291   28912
   33585    7961   33021   29040    7405   16676   15827   27572   30833   36626
   35684    6230   26537   28397   32135    9024   10816   18041    9426    8614
   28339   31898   33436   32910   26801   31045   29250     290   32184   35806
   15259    8574   29844    4115   24598    8754   16456   34680   35423   20674
   10214   31811   30087   13230    5975   11939   33135   26454   34151    9584
    9801   16502   23662   23361    7450    4053    1947   16043   27155   11782
    6894    8706    8304    4088   25427   35488    8708   15544   15202   14481
   18010   20538   30590   34265   29665    2061   19274    5956   24160   25144
    6636   14405    9643     168   26631   33394    6001   31052    8190    6885
   35513   34651   11820   29149   23382   26150   26370   29907    3546   31286
   11954    7769   30356   19524   34477   11387    4308   14526   24507    9966
   19225   22541   28210    8402   25618    1697   18770   14710   11819   29202
    4752   20103   31673    2525   33461    6027    1913    1381   13565    6852
    8751   22456   22801   17824   15296   20426    8639    4239   18236   24738
   17686   29640    1659   30741   10638    4663   12946   22986   30983   30746
   24322   18346    9456   23003   26387   18276   33160   27882    9905    5743
   15816   28810    4080     398   14178    4538   22141    7735   11869    4203
   27829   31760   27716    6316   28932   18424   26104    4582   16956   36366
    9914   24038   19708   26193   34483   36085   20438   18947   34485   14711
    2312   27906   28089   12191   11623   21820   23691   34163   28050    4028
   17885    6844   30298   36993   30112   10548   30931   29981   27647    5167
   35403   21450   28229   11156   31678   17281   33916   16441   32663   34632
   29319   19810   13149   35820   22426   13298   27908   12683   26722   31054
   17204    1550   11033   27406   23826   27446   26266      30   23490   25526
   32628   32577    8545   24104   25987    3091   16546   19916   28185   14736
   35512    4455    2983   26612   11904    8800   24867   15058   33644   12195
   27741   18891   19782   11337    3490   24296   22399    7849   12560   10628
   19025   33434   22037   14824   16593   15360   35645   15696   23541   24344
   27791    7377      67   12023   21235    4329   34045   13661   34597    2146
    4033   12046    2561   29522     709   36276   12712   34934   19510   17936
   33879   10886   26436   36481   32336   16675    5914   21076   10190   28175
    1034    2728   18071   16040   12093   11454   35163   22219    2546    8880
    5043   34997    2000   21419    4968   16536   30547   28104   33554   25463
    8310    8790   28521   28255    4828    4570   24111   19306    7789    6585
     746   15620   17049   31932   15558   28424   29282   12918   29943   10634
   24327    3564   30381    1628   31738    5589   11664   27520   36023   15971
   24274   29069    8352   33930   12008    1396   21348    4522   18709   31822
   33379   27378   14303   36313   11130   16715   18047   30671   29324   22295
   11562   27930   11857    5365   14898    7128   18005   24816   23714   30026
   33227    9345     309   34904    7749   19492   33702    2121   35661   23390
   26176   22902     173   35631    3779   20547   29300   28099   27040   13761
   16949    9545   15161   22268   15597   31234   28652    2912   22146    9948
   14491   27495   24725    2349   10636    3764   33424    7566    9496   28924
    8978    7745    9601    1663    5471   29791   12193   14447   21440   27874
    5252   26269   25943   17605   20177   21944   30933   17440   35633   20814
   12492   12138   19715   13257   17562   20727   13034   32677   16383   33642
   28192   29989   23112   33789   27543   26458   13310   11205   10549   15320
    7892   35469    2848   12170   31001   14555    8196    3778   19094    6453
   36950    4268   14422   23383   26739   30163    3688   32708    1588   34329
   27624   18675   13610   13219   23317   18707   12894    3240    1636   22589
   19278   29706   15023    9654   11719   34019    2249   20421    2974    2311
   33032   33169   14352   25010    2940    3457   30258   27032    7914    8788
   26873   35444   28119   27368    2828   18155     518   28491   25720    9729
   27455   29235   17792   19777   11584    7522   36998   32168    6349    9033
     776   23610   34032     516   32862   20947   17719      33   17837    3100
   12935   31929   22640    8761   19673   14467   33656     393    9471    3426
   19335   17629   33485   24651   30553   26626   17085   34379   28085   33207
    2813   12768   20705   16955   24898   18002   18203   11533   10610   21004
   12405   17618   17161   31466   20570   15644    6419    9330    2218    6754
    5390   26341    2227   27696    9102   27119   17989    6904   30527   16695
   22656    7254   11155    9277   23970   13825    1313   29381   21011   19129
    4450   17525   15431   11884   31744   33895   29116    7690   11275   21909
    5745   29207   15561   34346    2618   21284    7894   33393   20045    8288
    8809   27058   27795   34093   15354   10298   35740   14124   33401   16447
   10710    2892   29596   36877   28731   10383   25776   10837   32786   34225
   25357   14816   15511   11668      68    5974    7433    4527    8710   11953
    1647   24408    9070    6976   33446   29267    4624   29901   36280   35620
    1521   32652    5583   13889   26753   29985   31708    6921   28211   27227
    2674   16976   36867   29513    7224   19259   33917   17923   29476   25435
    9554   27786   14006   12167   27594     613    6929   31853   22097   34856
   10735   27023   22209   24149   16826   31702   12969    6446    3463   17880
   33245    7195   21786    8972   30252   11207   15967   30392   10782   31643
   33897    3364   14279   13722    6488   13361    2604   21034    6556   32316
     679   23717   25498   15944   28194    7643   32838   33440    4969   27561
   34003    8852   20929    9176   29107    9369     967   30577    7251   30612
   32060   11955    2916   24125    4935   24925   12106   33452    3266   26138
   18215   23927   23137   18111    3498    1449    3403   16552   31003    2143
   35018   15700   29077    8629    5480    4147   18075   36556   12645   12705
   18059   12080    4732    1562    1916   22243   36934   28087    1857   36634
   27018   14302   10418    6871    9428   19254    4821   23172   12629    8759
    7373   29741   14205   33652   21571   20351   13568    9730   29419   30877
   31393   24264   29471   22805    2310    3560   33914   10540   32658   31701
   35917   16389   34276   20532   19057   10493   26584   20461   16176     437
    4700   17571    8548   33539   11031   34298    4395     365   36118   12467
   32791   30953   22709   19100   21499   29079   13229    6761   19724   34308
    5580     165    4052    8513   28184   34538    5661    4696   12126   10061
   23147   11769   21629    4261   29270   31497   21399   24118   21784   23212
     656   29628   14628    1666    3907   24361   14076    3163   24568   27467
   27872     558   33630   10588    2030   27568   33035    7106   19915   29612
   36335    6024   12482    8537   19016    9560   18536   12911   33190   18616
   27578   16762   25456   27664    4144   35923   10028   20888    8856   29360
    2956     825    9781   15611    9419   32191     893   31438   24699   32428
   18940   18422    7908   24718   33384   23721   24754   10821   10051   14914
   36045   17539    1435   15088   35644   16764    6236   19764   26942   22890
   10285   28551   13352   36336   17469   31909   19160    5061   17578   28325
   20133   23930   30414   19248   16800    2896      16   26822   29122    9425
   26828   23568   32905   24869    9251    3903   20292   15811   15440   31921
     964   20721    8210   29814   34099    1855    7133   23477    7432    1475
   17628   10909    4523   13696   30856   13857   16029   11626    2490   34133
   18386    9680   23521   32295    6759   17162   16096   10162   27417   35126
   23037   33622    1806      23   30194   28288    7338   27910   18417   29087
   11456    2371   25531    6269   21683    1094   22914   36528   36024    2179
   33255    1542   32890   28914   18139     670   24101    4858   36252   12478
    4707   11699    3363   19580   28642    5684    1725   12474   34096   27894
   28373   13916   13572   10905   33081    5317   19436   11580   31280   17338
   18803    6741   18569   29794   28342   15109    3141   15804   14921   14646
   20745   21035   20137   12052   26065   29650   28217   36244   32083   15668
    5605   35242   24999   16947   22641    7703    8615    1966   29063   13709
   19697   11341   17387   23244   32335   27999   23048   27181   15459    1895
   26278    1346    8036   14404   17341   13016   18578   30557   16010   12833
    6890   20746   22915   27460   26284   15276   20362   16330   15195   31270
    4382   22493   25955    4670    4815   17619    1943   13573   24011   24675
     220   26053   33827   17506   35819   17529   27142   16148   14223   27885
   11700    4348   34275   20102   27871   26098    2391   31515   20125   25048
   36809   13184   35049    2168   27613   36915    8367   10111   20872   10880
   19404   26998   19772   21831   33458   34550     737   25640    6267   32263
   35385   10858   17531   31030    5451    7907   35158   11042   27221   16525
    3872   16816    8590   17630     491   35803   34623    7084   14724    7688
    1288   29101   18361   11655    2452   12997   25951    8578   21577   11323
     790   15430   28849    5215   20283   29144   23679    8468    8831   27323
    5944    2263   21157   30887   22864   10552   27815    6498   34527   15839
     162   33496   13602   26516   26813   30451    1752   31443   22516    4397
   16660   20599    6386   25095   26743    3224   21408   22953   11956    2394
   28021   24653   14954   28473   35560   29600   31459   34668   33776   15212
    1815   25019   24906    4763   24599   10772   14560   21139   29464   15158
    8581    8205    9190   28106   22429   14384   36107   27540   12854   19118
    5131    5723   13807    9772    1866     932    8153   15284   21572    2797
   29099   10842   11813   30121   35241    9494    3256    9996   22366    1523
   17477   35461   17973   27567   36750    3421   34048   14721   36796   28193
   33299   31920    1731   30494   16620   24733   11672   30978   22463   16242
    4551   22661   22364   30850   12978   18609    6000   26076    9681   29212
    9723   17983   36911   27917   26151    6680    5829   33781   19287   30882
   13481   22637   17028   12091   34736   15705   14974   21631   19383   11770
    1091   15634   28400   25177   19570   34777    5095   12689   34363     554
    7853    4124   22425   14992    1277   10257   21936    1271   30839   19211
   34322   21736   23753   27239   18909    7976   27291   18480   19568    6131
    9941    5443    3471    5304   29543   11684    4794   28289   34149     103
   26464   13612   31028   11086    7930   32667    9161   18634   28144    4295
    1152   31347    9573   18784   29580   26095    1959    5251   10972   35324
   11007    7588   18864   21169   25200    8465    3487   22309    7257   29922
     796   33024    8906    3080    9543   33688    8385   28199   28315   30948
   30097   29027     262   15940   28263   34638   30737   20523   22782   11478
   12945   20345   21333   18726   20902   10355   20972   16980   33750   10349
   31506   34199    7922   10480    3048    1756   25910   31791   10747   19532
   34857   24800   36175   27170   13966    7837   25050   35217   20404   26265
   26488    7248    9477   11998   22234   22758   25726   12194   35321   26020
    6149   24173    4291   14547   10471   31051   35032    7723     385    7986
   20970   23055   16501    6179   33884   24540   25514    8998   11125   28271
   30857   32706   15347   28558   22601   18025   17813   14336   11255   18855
   13171    6716   11070   17226   19830    5308   34279   30858    6931   10369
    7116   11079    1579      25    7418     742   24121   36300   19740    8492
    6108   11621   13208    1319   29506    5618   21583   20059   32262   12063
   12580   17216   35639   35202    5754    7142   35360    8896   35118   25962
    4078   21774   25616    1531   18369   26479   32675   11847    2729   17747
   20879   16601    1135   10724   34509   14693   12889   34718   33915   24266
   34305   16843   36737      71    1162    3153   30073    5491    5719    8121
   21632   17834   17679   22106   24592   17071   34800   10134     129   17025
    6996    2050    7881   27469   29068   19257   33310    6633   16448   21529
   27788    5107   16055    3004     855   24616   27307   13821    1399   27691
   19831   16845   17412    9691   14366   12443    8811   30752   30462   19932
    6016    4105    6306   25664   31612   36405   10212   22580   19814   28439
    4249   29946    2137   29066   27427     927   14335   12252   19572   25429
   21359   33154   11997    4681   20587   18895     298   31179   29444    5046
   26838   16407    8794   24950    2240   24470   33070   31304    7446   12850
   22602   25744   36559    5771   19187   14306   26780   13740   14373   26450
   28317     187    2759   17067    5477   16781    8502     406   20932    9096
    2375   35755    6859   29133   28584    4140   32214   29973   20610   30539
    4389   35029    3130   11264   27371   36498     791    9866    6079   35340
   25004   34589    2040    6364   28726   15394     757   20918   35281   20458
   22455   18464    9785    3913   32141   35069   26934   25959   36965    3959
    9766   14280    3167    6869   22939   27102     424   12998   17806    8517
   31172    9145    3500   27107   29701    8671   33868   28650   20778   34528
   10585   23403   32343   13899   22543   16979   18388   20469   30255   33982
   10558    7093   18018   13307   28601   28957   30297   34425   21016   28292
     775    1166    7584    7354   13484   17233   20443   15578   29860   28233
   14016   17122    6826   32809   24652   33093   31449   13933   24614   31861
   17846    6259   21560   21068   32512   35026   13673   18869   15074   18108
    7228    8123    8556    1248   13619     828   18345    9867   21608   36198
   13262   18205   25878   15403   22875   15147    3559   13168   13885    6798
   12022   16005   32853    4099   31192   21081   35691     464    6847    3728
   33523    2094   30649     476   21259   12179   19940   13369   12342   21048
   24475    8882   10300   20884    8470   16340   26581   24324   19022   13424
   24185   29757     602   29621   34781   13548   29921   10906    2100    8634
   21673    9312   10029   15609   33184    4861   35778   21448   34771   18267
   34062    9434   15151   30476   26796   31049   34960   11243    9390   25060
   36477    2186   13792   36122   19339    8623   18739   33802   31300   28571
   10179     555   30307   11040   35005   31137   10980   23881   14077   13537
   21482   34035   23094    7013    3684   33790   20810    7279   19976   26270
   15781    7629   24868    3996   14995   15864   33272   10234   26102   23836
   21490   34140   17039   36286   23195    4885    1838   16314   12453     292
   14211   24117   31599    9906   20490   20613   20266   12605   32564   27688
    8703   13558    8028   31199   20410   25211    7126   24677   26816   31084
   10026   10400    6337   31283   17832   20304   27549   10260   26202   31792
   24764     366   22121   30444    5275   10483   33127    5034   26114   20841
   12244   27997   13541   21528   17225   23624    6215   12981    3396   24864
   34899    8421   23595   35510   23081    5960   11283   34999    4825   19649
    8943   17696   31629    8704   19081   24679   16245   21511     834    8625
   19477   22253   15924   21628   36231    5961   15437    9378     156   22697
    1303    8933   36776    7910   24755   19299   24579   33735   14150    9225
    6944   22888   11596   30465   30389   21461    1024   30125   22407   15975
   13238     171   16554    9231    2039   13888    7040    9268   26369    6825
   28982   34533   36359      58    6888   31535   26267    9972    2341   21464
   23776   19842   26115   33333   28098   28209    1790    7047    5786    4216
   36249   21406   20416    3059   25793    6435   11409   17677   27757    3137
   33431   13267   13300   18349    5967   34311   24791   20320   17135    6799
   33926     468   10538   24017   23671   19071    8066   12574   12078    5645
   27952    8572   12085   30117   26485   14948   30687   31416    4065   30160
    7451    4917   16830   36518   19747   21058    4346    7290   31185   23032
    4133    9800   27055   18228     196   32561   30256   24367      18   32748
   17666   19971    3039    2191   31143   13102   35591    5072   21306    9578
    4489    2725   31040    3140   28434   27026   14207   17471    3226   12801
   14569   33556   26296   31636   22318    4674   19272    5261   28471    6017
   29086    8380   17833    8355    6681   14804   17170     721    3181    6718
    9792    4050   30830    5190   10596   12213    7864    5383     447    3283
    8531    3784   26744    5040   26975   15709   23348    5155   33557   21834
   10693   19049   13237   22938    3102   21015    1930   31946   23084   36427
   22365   28717   36199   15230   28659   14679   13381   27929   33383    7019
   27581   15801   13441   12096    3638   29576    3335    9432   16824   30958
   33395   28460   12384    3211   28788   29032   33011   35068   11428   34690
   35381   30149   26256   24600    3931   27185   13832   27349   24542   17940
    1306   18505   26168   11577    7926   10167   19345   24753    7766    9513
    8272   34109   17926   18999   33597   14156    2566   15241    3068   11602
   33178   30051   20485   12114   25208   33288   21912   23228   34459   24659
   15111    7915   34179    7202   17756   15162   31799    2072   31923   33542
   35489   24464    8290   26234   14385    1965   20344   31171   34674   31148
   24335   13357   11746   35038     311   29433   10838   16241   23493   34535
    5870    4044   28798   36583   26001   31709   21404   20846   28136   14966
   22266    2303    8549    2879   12345   27488     571   35300   27353   33457
   26228   32481   34967    8088   13892   12926   29836   27538    4718   30608
   30034   16672    7066    4549   13588   13011   19719   35393   18820    5278
   13524    5722   33222    9363   36807   14855    8211   10670   30176   22137
   32607    9963   13316    5433   17310   14477   26807   15328   20558    5256
   27232   11486   34291   18320   29479    4907   27017    1799   16730   34789
   23322   31633   15197   35206   11343    3234   27604    5972   28142   17089
   11764    1763    7281   25169    8309   25146   34790   32768   11179    2876
   30998   10392   16587    8514   33794    9522   24166   14009   16584   34767
   15007     610   19812   13417   28762   18090    7327   35251   28494   20542
   25374    6120   30281   21606   16152    7407   24169    6774   22263    2105
   35415   18933    8769   23251   14323    1572   35949    1331   23801   14980
    9327   35722   12228   17564   22973    9688     136    3219   21664   17024
   10751   21386   16934   24545    7818   27750    4313    2836   23655   35542
   32186   15251   29046   17548   35037   15420    9228   16093   27994    1530
    4623   35432   12118   14511   22080   14513   22084   17882   24522    8561
    4502   12499    8684   22750   20611    5290   19882    2641   13663   26898
    6188   12438    7790   17722   23356    5626    6555   27878    3110   27152
    3188    5228   36164    5847    5479   14430   15215   24462   12217   14202
    1083   35543    4290   31608   13470    7774   25071    9121   12285   26339
   20533   14229   24697   15097   22509   14649     581   21623   27035   34027
   30043    7928   14490   32514    8717    9585    8487    2062    5265    6655
   23365   16515   13913   10573   12274   11589   14699   16937   29820    4381
    2102    2658   25351    8758     661   15325    9527    6245   31155    3653
   26636   27679   32945   24196   24221    9174   17693    2960    7090   33352
   32633   26644   20288   23020   32613    3185   18750   33387   31033   33607
   17372   15221   22821     991   30803   13786    6256   28025   20650    7176
   18724   34852   11765   10768   23680    3840   29036    5331   33375   21492
   30274    6783   16631   28704   33268    5649   12852   33788   19158   34353
    8270   27336   27074   20167   36238    9114   18792    3146   22626   16497
   19405   23938   23763    5978    1473    5567    6573   13955   15946   30881
   21649   36961   14411    4316   28238   22212   35361   20253   18243   14697
   30375    7628   17878   15266   31364   18780   14971   21094    4791   34498
   20985   24282   12787    9089   30745    9410   19074    4278   19083    4764
   18809   20928   10606   36288   28663   14357   24936   28518   13668    8951
   36676   18758   17863     836   18586   14408   17579   16925   32636   24546
   33695   23898   20356   15293   34565   33018   11917   32436   34146    1223
   29378   33104    5707     252    5541   17078   18923    4638   10423   19873
    7699   34539    6385   10813   27372   18772   15841   32364   32208    3802
    8846   24245   20793   12246   13708   26533   20670   32322    7698   12288
   21895    6331   29014   31878    4262    8583    1717    6476   28428    7428
   34716   23554   25390   25805    6643   31725   31277   36591    2029    7807
   26578   14530   14398   35289   14214   34978   12490   10934   11224   28853
   29807   36919     517    8908    3608   31645    7409    4209   26019   27400
    9360   23817   21748   30966   24841    4095   14105      11   23337    9266
    1942   36141   13734   36470    9571   17264   13348    2412   15234    4608
   18811    4373   32031   20956   33531   30167   16357   19329    1918   29239
     896    1289   21600   23704    6812   22832   26441   14584   35914   17022
   22917   25638   14674   28200   13252   26752   36195   16333    4726   30653
    6881   23160   15777   28995   17111    2751   13395    8688   17974   25235
     814   34774   19733    6964   13530   28391    2500   11743    6626   20996
    1489   14789    3009    2301   31849   10850   13416   21988   25652   25893
   31785   24255    8765   16938   22944    1427    6983   21719   10447   32175
   28173   10744   10367   22751   27909   32475    1455    4800    9971   18154
   35808    2456    9373   23157    4156   15485   26194     835   15062   23152
    2752   17266   18411    6352    1147   19275    6409   18473   29553   18829
    6749   14418    8232    8479   24031    4190    6742    9022   24562   13304
    7184   29696    9539   23885   10948   35358   10272   11083   27876     607
   21083    5741    3683   22532   20323   21135   29818    3612   25046    5280
   11248   15571    5189   19849    8238   18403   12859   35607   29878   27763
   11187   23869   14402   34749   17780    7447   30519   14478    2350    8252
   35883    1863    6533   32310   13723   36788    1614   30793    7983   18957
   12874   33177   18208   20436   36151   18964   33075   13089   28866   22032
   32901   23237   15573   28902   35080     200   21918   14572   32943   15165
    5652     968   22421   26381   35827   11644    8840    4615   27484   24147
   15216    5096   32185   12296    4263   36449   30413   14053   28337    3712
   18956   14204   21474     481   15666   33584   29679   19854   34584   33239
    3342   34454     534   25003    8469    7625     589   14113    6625   25822
   20097   18734   20493   20273    7458   19771    5911     672   23260   29756
   31969   30915   11709   35600   20653   19466   12245   17098   24758   22662
   19163   18332    3075   36242   12669   27461   36305   30341    1301   24658
   36767   35022    1568   30995    1764    4488    6049    7002    5562   14797
   32068    6109    1018   30943   12047   30786   14981    4572   35434   17591
   18371   33174    8064   18983   22810   17359   13048   33208    3775   17597
   16031    8608   25098   20519    2345   20573    6902   22151   26032    8472
   19040   34354   14989   28088   16437   32968    8437    7712   20218    2343
    9334   34136   11340   29927   36234   36729   15934    2192    2842   27576
    4158   34839    3701    6665   25863   23124     314   31919   36146     751
   25428    7873   17930   36302   18453   29537    6333   11184   11735    9504
    1307   11238   30299   12529    2574   21637   21111    6132   22072   23591
    4220   27283   32772   33668   19848   10861   27813   14087   19334    2204
   30436   30480   34525   25434   24575    7452   26469    6767   17622    2141
    6396    1897   19398    5320   10267   14220   17128   14010   31081   31873
   12359   32972   28417   29429    9135   15071   19288   18327   31080   15883
   23548   25806   15503   32553   14266    7577   22414   17937   30919   13396
   20182    7111     593   29081    3106   13176   19137   23905   10707   16628
   29359   26812   13712    4586   27199    9297   12377   24059     278   15467
   22617   10105    5576   12419   22086   10070   34129    9782   18426    1079
    6981   10977   18655   18303    4743   21513    7058    9098   20993      12
   33146   17513     889   34568   34706   33837   28524   35179   28541   34407
   35992   14848   19544    6444   19245   18589   36754    5608   10441   35140
    4085   28691   31369   25072   12356   29852   26666   32974   31414   14363
   18232   16690    6129    6520   36892   28600   25290    1690   19737    7515
   17334   23533   33274   13679    8501   29084    6796   28635   36536    9068
    6411   19425   12991   19937   15951   16433   27762    3661   22702   14558
     346   19003   32470   29271   26734   13182    6278   25649   15886   23509
   31427   10525   11913   31265   23688   26320    5561   21228   16983   32729
   36642   20151   19579    5111   29854    1327   25120   31402   24949    6422
   16190   12333    1230   31648     771    1549    9120   17352   24969   24766
   17176   34692   17243   32095   19643   22238   18870    4697   28387   19901
   18278   11915    6905    3582   14515   30253   36447   21837    8185   23117
   17136   25043    5157   30049    4067   27987     337   14680   10696   35426
   26008   10508   20070   22488    6207   29246   15340   29954   30453   29237
   15388   21548   34829   35123   27116   32106   23461    2670    7814   32385
   34988     777    2277   14066   30050   16596    9923    2720    8691    9674
    7724    1479    3491    8438   25063   26746   30556    2554    7493   11447
   10261   10417    6487    8050   34673    7594    3857   19481   20601   22302
   20588   11411    2400   20055   25623    6525   36665   13902    5748   27397
   21621   36347   22519   10236   36590    2154    5379   16108   16397   29496
   16806   20185   21609     550    7135   11342   28941   15682   13259   34920
   27180    7948   17342    8213   19047   16468   14417    8203    5406   10652
    1150     815   29898   13465   22881    6372    2476    3510   20211   21143
   20227   29451     453    3192    3090    8510   20916   11139    2157   26071
   32804   29284   31692   10676   16899    8130   18089    5517   26543    1264
   32349    5895   15878    4613   11251   32330    7648   35368    7087   28505
   16940   27028   26670    6424    5977   16751   20513   20297   10942    5147
    8262   23140    7396    2652     599    5864   11426    7741    8968   35973
   17108    1997   10539   28918   30108   21495   26563   11350   21305   21755
   11183   31670    2502   35137    5947    9163    4251   24521    1365    1945
    8457   22131   27246   35789   16299   14675    9583   23963   30534   36370
    1699   36904    7793   21047   15385    8912   28018    8067   12640   36393
    1536   11712    4215   22517   25042    6324   13302   27944   21877   22007
    7144   19453     910   35111    2936   34195    9863   22649   36551   25449
   15462   33464   11143     724   12501   13026   13964   14619   17099   10624
   28283   27082    2466   21626    6710   20807    5776    9940   13649   11193
   23664   11859    5220    1155   18744   29413     382   19374   12234   28165
   23526   23258   23028   18260   27547   26038   25386   24682   16102   31618
   27884   15283   17052    1723   17699   24145    5166   13439   24688   33530
   35765   25539   34506   33500   25578   25094     313   18486   33069    2024
   31663   14371   10684   29623    7167    1923   16812   28846    5522    1210
    6265   28544   10147   18712   31953   19799   36142   10266   11606   19967
   29016   30683   19693   23192   27109   17302   14897   28335   31152    1795
   18476   25371   13105   28223    5500   34606    9026    5857   33839   35128
   22664   10217   25180   23902     996   34105   33810    5793   31405   24206
   21653   12239    3660    7701   18791     147    3395   16302   19284   36098
   27335   29050   30802   30353   10168   32075   11710   17992   36507   24094
   27364   26340    3405   17199   33153   26736   24069   15833   25886    3334
   26494    9052   19843    9659     441   28258   16036    9017    3772    9317
   14225   34784    6550   11774   22598   29624   25171    2644   16936   22173
   21312   34069   32339   15803   23543   33221   22687   28820   29222   26288
   36285   30063   10523    7569   15741    3050    8732   17018   17294   32573
      88   32038   15509   21377   13520   25194   21357   30680    9895   30238
    3351   19161   21763   22534   34811   16403    6302   15205    7152   18167
   22754   10717    3739   30143   33266   23950   27975   31071    3681   36718
   14419   25345   33279   28560   29136   18367   29560   24730   36838   13154
     369   34462   36237   10722   23913   19428   10183   18884   15726    7939
   32244   21963   23482    1583    7675   13839   20886    1280    4950   15043
   35256   20098    1509   20463   23215   30841    6732   21892   10097    5047
   22929   11732   31066   32027   22900   16418   18283   23209   35269   30498
    1019    3957   19371    2464   27828   11074   23603   32587   33200   26514
   10818    1641    2419    5237   11631    2980    3948   31142   14267   14955
    3014   20624    7855   15991     812   34599    9993   30081   20608     522
   35955    1905   24636   20381    4742    8822   16369    4236   26190   21056
   21108   12803    5354   26304    6083   18613   35694   29161   19191   36826
   34242    2556    7030      89   33247   34332   25139   29808    9540   16226
   14590   11888   31467   35898    4093    4211   10738   31479   23798   18471
   17305   29368    9129   32062   14599   36629   35471    7984   26787   35739
   24258    9205    7831   22918   17420    7287   22759   34911   25219   22731
    2393   12753   19135   13540   29546   36365    8164   28756   31132   15759
    4532    9608     548   17739    2803   26758    1853    5879    5939   28059
   10615   34905    3105   18414   17495    3083    7684   26883     438   31362
    4948   17439   18112   36119   25542    4035   28701   26121   18074   21295
   20616     511    2465    4941   35193   23663    1359   19555   32764    2332
   23644   26371   29661    7624    9915   19485   33252   18159   28576    4018
   25254   25297     494   32732   14917   16067   20804    5315   21787   17523
   31585    4541   30048   20877   20699   13090   31384   15849   18605   20549
    7601    5445   15133   20470   32297   25092   12124    9579   17478    6404
   29614   23744   13367    2602   24787    5302   32123   31198   22041   12880
    1158   34100   25809   29162   17818    1516   25712   15267    2748   21535
    7549   18181   19508     706   26546    7209   24107   33381   34962   32019
   30546   29789   14581     197   24042   13732      26    4813   12471   35001
   16230   28070   15211   36951   31944   17077   25482   34269   17155   13456
    5103   36854    7730   30503   35040   15859   36933   34406   23739   10911
   12112   11540    4430    4735   13894   32394   11091    3449   10521   21393
    8390    4724   23793   24450   19823   36097   16184   22052   25323   26182
   26196   18830   32247   17245    4378   32911   10965   28482    6305   36932
   32797   35006   12579   25594    5274   20740    9717   23263   18608    5573
    3318   16208   12621   23059    3095    7119   19841   26687   35138     935
   12140   24973    6085   11325   34566   29731   32795   22362     358    4653
    6323    4831   11877    6434   30579   14349    3942     867    1460    3393
   22855   28969   25525    5467   14858   21854    8229   23825   17729   10734
   24078   13704    9664   26949   13512    8199    8047   23684   19359   23297
   22367   14756    7860    4194   23982   30454   24861   33641    3889   13008
   17933   27926   10680    8264   32438   32834   13081   10500   20096   30059
    7851    9594   22273   32447   15516    3255   36487    4426   19212   10170
   29005   33014    7306   15178   18818   35826    6403   36872    4897    5574
   11001   26698   17289    7178   30886   16579   31589    1660   23646    4462
    3692   20785   22713   26453    7388   35362   10516   14694    9722     345
   11733   27068    3986   18415   11109   34405   33718    4072   24043   35709
    9803   25735    2837   11534   34491   33425    8325   25393   24629   14512
    2032   23612    5519    8936   13570   20030   17056   14849   11958   14570
   20127   31106    3826   16846    8128   10611   15912    4630    5965    8329
   24672   22785   29405   34746    6915    4576   32015   34845   28948   32233
   17201   14034   33967   18077   22161    1622   33426    6763   13409   24650
   13213    4471   16633     948   22557   23227    3406   33711   18681   14011
   31798   30764   32619    4846    2496   24525    8327   22787   26572   13947
   19390   27579   28894   33102   26783   36572   33586   29363   31598     320
   35390   26422   31128    3218   12151   20437   15787   11760    3384   32568
   24389    5303   30408   12760   36624   25224   13542    2859   17326    8387
   26242   13544   33770   12134   21791   33774   33838    7610   14906   33618
    5945   34444   34643    3626   32132   26672   13057    8698   16774    7686
   16726   28526    9352   18629    5481   10989   13510   31436   23109   24054
   19347    8214    3142   18549   19642   24656   30083   35090   26938   25690
   31133   21240    2789    5098   22498     562   12714   29561    3022   23342
    9411   35888    2818   12389   23983    7960   31987   21829   14275   23106
   12011   36351    7275   36905   12086    6838   22613   30017    5031   15507
   23838   27377   33140   26887   18284   26195   33148   13951    3767   28633
   10754   26914   13485   35715   29210   19332   15412   16999   22118   31743
   16996   22969   22179   33691   29657    6779    5309   19431   13042   25765
   37000    5568    7560   34682    6102    8905    5987   25688   19969   19020
   27266   29527   18817    8209   10643    4338   29336    8345    6886    1548
   27710    7457    2609   29749   24514    4094   22912   36035     552   16235
   34843   26418   17481   19410    8475   30611   26448   34603    2968   33438
   28508   36623   21542   11832   20242   27313   34995    2838   24218   14905
   28234   23077    5992   24023   22307    2286   13571   16171   10384   20005
   30044    5849    4229   35106   14451   23095    5838     892    2671   12741
   29636   24498   28767    8359   29078   27565     408   33052   25360   17527
   13968    1692   35959   11601   28816   21452   17290   11290   22496   29105
   16128   28290    6553   11263    8034    5963    2099   21594   21234   11573
   35354   34893   13468   28093    2785    8266    6104   31188    7757   29637
   30223   20965   17134   12733    2296   30481   27814   22930   25190   26391
    5709   25584   26582    6033   12562     175   17064    5728   33643   34626
    5402   29960    5871   17610    2518   28562   11103   21726    1507    8915
   18867   32733    1534   18704   30809   30086   12203   26745   34422   32292
   16136    4011   29635   26297   14265   28252    8386      75   32033   30347
    8096    6366    8083    3123   20865   27963   24228   26912    3235   25872
    9546   30107   16420   16476   16929   29374   30385      39   22443   31110
    6562   27689   36468   26911    7797    3997   16655   32201   32285   13457
   34646    1936   36192   20275   23122   25580    2585   27235   36834   21989
   29221   24564   14941   16630   18180   15543   36109    7936   28678   15766
   21825   31627   23768   15613   29881   10343    1235   24805    5238   31123
   13349   33478    7718   27301    1708   14305   26349    7056   30437   25437
   30378    9645   34249    3402   26869    9860   25011   13875   28811    5727
   33163    4916   19475   22358   26227   19239    8422   35186    7169   36630
   22747   36497   18702   24529   19090   34449   32455    5269   20499   31665
   29459   13478    1537    3586   31129   14350    9292   15593    8071    5749
   24249    3404   36474   12802   11824   34681    2605    1032    8412    6737
   23405   24655   30434   28959   12777   35060    9861   30212   21002    9192
   18510   17321   34872   14046   13332    4076   15821   18507   12300    2755
   32775   14551    9164   22795   35890   31657    9958   21379    7999   32277
   17875    8944    5632   25966   11395   10915   14442   17258    2317   26507
    1868   32624   29312   25530   12185   15089   17728   34847   34545    4279
   11053    2065   12785   33809   15171   33423     142    7877   29151   12746
    9074    4196   26498   20089   24581   25808   17489   15712    3964     695
    4285    9984   19657   18881   26756   11073   14874    1481   26935   19138
   33874    5099   29984   12441    8105    1059   11833   20246   28885   20187
   36434   27675   29619    1691   21701   36454   32144   32369    8300   16073
   32496   10637   16135    7929   28962   17265   28786   34909   12429   20180
   14915    5893   24877   23373   23633    6402   32891   33319   28598   28954
   28207   33342   29897   18937   13883   20454   33139   13496   17357   36658
   10590   19780   33141    2044   36668    2664   25159     404   32195    3892
   34073   18872   24477   34586   35077   17600    7461   22393   10576   21162
   11834    8146   28355    5197   30907   36545    9871   32662   20873   30629
   26299   22812    2963    6116   21044   32048   22176    7299   22614    9256
   25226   12691   12923   12229   28758   30019   28632   22553   30972   21753
    8354    5668    5994   17906   16893    6920   11423   13197    3104   22481
   34482   31959   25871   20385   10431    3542    1551   18992    5882   11965
   30290   32516   28319   29245   33448   13326   27175   19250   33270   33609
   21712   16545   20264   28286   23863   19066   18765    5301   29309   23916
    2596   35350   21822    1397    4599   34453   31095    3309   36240    9408
     808    8699   13431    2544   26652   34333   30042   25494   18462   20379
   13410    5791   27050   32036     496   29088   27264   18204   25679    8650
   34563   16827   32065   16490    9309   11235   14091    1802   24566     256
   28647    1005   29813   16686    2860   24890   15660   22110   26201   21697
   32116   32003   21227   19087   23531   36935    9449   10072    4307    2025
    6177   15614   34544   13306    3558   27212   13581   15953   17400   14506
     416   14728   10947   25289   19778   12860   13787   35927    2740    8886
   13323   23814   20331    4796   24981   17851    3109   35201   25831   29648
    8204    7943   34587   21718   28103   23332   10003   16722   18125   22716
    8521    2354   11489   10128   32478    2342   28909   35220   27861    5687
   24348   18116   14198   36622    5669    7023   18269   12414   32413    6165
   33312   22031   32952   36127   22711    2217   30583   22727   13706    6330
   19419   21886   20639   35933   17690   22669   16943   19059   32008   25479
   25766    9473   19868   36804   11575   10339   12518      93   20424   14904
   12452   25577   16119   32836   23437   23640   31288   29019   32645   23953
   27051    1171   24902    4306     680   21097   20677   10645   20945   11369
   26789   18560   15085   33800   26264   20625   33626   19005   28333   35975
   21088    5367   29223     561   36741    7171   17876   24983   17524    5117
   35181    7715   36149   25767   20184   18732   25244    7240   34335    7938
    8740   24660   14662   23242   27690   19327   35989    1580   34595   10892
   33910    7118    1413    4207   18781   36752    4469   17760   34359    3547
    4929   10515   20954   15397   32021   11843   33347     668    6443    5460
    6810   13849   26428   23989    1990   34641    5860   33860   19413   36254
   14026   27457   20564   14644    2158   19486   19058   36966   20837   22802
   34990   22487   32849     870    8397    5051   24977   31625    7805   17004
   22666    9745    7020   12315    6845   25262   19031    7225   29447   34582
      69   35535   14564   31510   28151   16650   15413   11466   28850   28410
   24422   19479   11625     756   27072   10853   26445   11784    2621   22092
    5019    9206   25294   30656    2864   27677   33483   28500   28177   19860
    8602   16771   28458     542    6670   11102   19462    1948   16006    5010
   23375   27298   22876   17816    6551    8103   32530   24140    4294   13458
   28031    2235    2482   35544   19859    1013   20135   30039   28501   12526
   22623   20563   35453   11148   19484     794   28068   16057   17454    7527
   13775   23180    9983    7468     528   29662   32506    6054   26512   31478
   14521   34403    9118    7074   32118   21163   19911   21049    7313   21147
    1112    6347   33261   35216   10608    9431   34024   25857   12355    1864
   26274   10607   26078    7387    3902   24794    4620   12365   16271   17853
    4213   36733   28675   34798    9843    8423   15713    5990   26821    6877
   21553   12394   19396    8628   12504   20736   32608   34375   15453   16169
    6203    9405   28139   27634    2571   31783    8144   30308    9814     477
   19498   31276   13281   31183    5168   32357    8159    5207   21934   13562
    3254    5186   22334    3804   32840   13331    8687   25253     716    4493
   23733    3111   23574   13595   32258    3604    1494   24736   19190   17288
   30500   17621   33082    7174   12858   35023   21806   12128   24820    5892
   23537   33155   22527    2694   17653    8424   29301   20271   14345   21310
     628   32970   16460   33166   15337   15820   24982   14440   29252   14986
   26562    9907    8401    6789   23196   13567   12156   18931   16261   10626
   15495   31595   21645   25595   12430   28072   15564   18805   20591   31222
   19525   20113    8148   22575    5113   29189   14311   22480   27376   20649
   13891   21761   12513   28530    7772
