    5235    8668    4453   14364    9348    5601    8420   18162    9066   31645
    1814   21430   13584    1051   28846   35273   16076    3329   11684   17383
    9078   36159   22619   14817   15858   10456   19697    5041   19026    4014
   16830     483   23940   30153   11405    7166    7011   34248   36599    5632
    8192    9358   16421   29818    9496    2700     793   15311   22973   26531
   28334    2090     438    2233   36685   32093   17994   14970    7884    7110
    7194   20755   24156   25632     893    3309   25630   24368   30652   29146
    6489   35060    5453   24781   30716   33684   24144   29513   24295   23447
   28146   10938    3858   36292    3410    7273   14144   11074    8543   34926
   28849   36455   27347   26883    1249   32297   27267   30959   20682   29712
   25669   35026   19116   31497   32408   18063   23093   16013   17326    4618
   19291   34407    7247   26182   26660   10111   29700    6213   31107   34547
   23813   26503   25131   16904   27231    1510   16126   14835   15783   13751
   24524   35443   12166   19998    2340   23506    8611   34320    3835   21803
   24802   18669   33762    1207     928   34656   14696   26257   29087    6802
   12060   32732   33009   17835   25560     159   29550   36023    4902    6974
   12221    2927     258    5017   26748   29245    6813    8161    9448   15371
   34918    9290   27620   20465   21130    7925   30380   21352   34622   24715
   27920   35697   29741   12802    7461   24749   34537   26497   28694   21002
    5807   33732   21749    8852   10153   15267     958   25489   20023   28719
   28646    6377   36278   33753   16261   30000   34306   24788    4559   31977
    9257    6263   25813   15018   33117   12907   35713   28596   34583    9038
   32282    7611    4178   18893   10333   33747   29191   10752    1570   32794
   24177   10659    6007   27725    1614   19617   35814   13124   35643   33457
   35769   21898   17037    9500   13831    6020   20505   34002   11889   12951
   33342   28837    5558   19076   12516    6658   12455    8324   35095   16991
   14675   27842    9674   35120   11213   26147   10412    5226   28073   30526
   27329    5332   36465   12897    8237   36428   28497    5895    2435   30648
   34241   29057   25641   10336     899    5673   11469    6189   23943   26856
   34679   29182   24095   26821   34064    8972    2555    9214   18113   19619
   17702    1339   27143   16300   20127   30294      82   26166    4155   10039
    5043   30643   14996   13374   11160   11597   31821   17249   36407   17700
   17397    6681   16870    7701   14957     157    3228   31979    2303   10967
   15011    6314   31930   19800   33746   31694   18054   24952    3387    4526
   22207    7994   16206    5324   21774   19226   22910    7705   23316   14310
    9213   18466   21915   14633    8233   23435   13851    2476   20645   35407
    4585    5031    9457   15483   16451   25556    3493   27635   11106   18029
   15648   28440   12090   31344   24722   25067   21556   36100   34558   30858
    4838   18750   33689   14759   32935    1202    6769   15524   15031   12484
   36607   27584   18524    7209   32125   22071   12727    3561   12084    3356
   32883    9660   12423   18336   35570   32355   30120   32536   21969   11674
   20853   29581    1342   28171     710    6394   22843   10051   30930   33065
   29116   10287   26180   16569   16314   12586   35980   26847    8874   26388
   36748    4509   32694   25121    7414   29597   22769    1682   24982   29458
    3144    3992   27906   24487   13547   14699   28555   27246   21593    8482
   26548    9445   25976    8229   32483    1838   11854   35214   30722   10778
   15816   13604   17990   15106   16822    4207   20646   10497   16124   32841
    9345   31847   18567    8215   18527     651   12092   29190     515    6404
   34760   11542    5982   23559   10923   24506   12679   12311   19362    3832
   10335   36495   12432   20670   20214   13879    6414    6622   14529   29106
   31251   18338    1210   21091   23936   20628    3878   11043   35132    4855
    7610   30377   17867   30922   36119     993   20336    3246   23201    6582
   31770   12393   10732   11456   17604    7564   26955   10183   36492   36667
   35334    2234    2437   22336   24766    2977    1128    9841    6170   25685
    8452   11172   18535   22615    1258   34617   24988   28396   14811   21619
   33769   12378     694   14276   35522   34465    8506   12674   10842   34281
    7468    3169   32492   25438    1398   14559    9912    1723   19071   13318
    3063   18654   10925   16252   17921   33055   22735   25543   16811   31260
   12794   18992   35015   27669   31035   33667   31852   34347   11667   25512
   12237   36281   35364   15706   34032   30562   20366   25825   17434    1269
    8434   12543    8514    5828   18843   10113   12507    1061    6692   30154
   31754   18329   15760   24949   22012    6643   28470    8203   20569    5183
   25297    7939   28886   29041    9608   25900   25145   32965   13824    4809
   10637    7581   28285   11198   15078   11887    8801   33143   11629   26834
   27637   25952   14713    8453   12740    4296   30725   26614   27259   14369
   27445   30262   24236   13282    7160    1542    3179   31851   33939      24
   35485   28316   10765   20823    9539   16614   11380   20831   24134   26616
   14057   35815   25603   30998    3705   18364   12475    9879   30323   29668
   11622    2971    8593   36191   12905   29055   23089   25550    2082    3519
   17826   23832   23675   12306   35642   20860    8889   12535   15136   19391
     575   11223    3375   30997   35200   11627   33853   33611   29138   26364
   14341   10757    7918    3697    2443   31094   19591   19108   28864   12449
   24421    7574   24367   15850   17021   15232   19647     457   30498    6830
   28742    2207    4967   23217    8149     114   27330   11933    4534   29246
   31871   22848   30046    6755   21205   14826   32873   12744   13144    6420
    8225   21364    5028   14776    4908   21405    1611   30276   11468   14677
   12806   17771    3685   28557   34762   22309    9658   13722   21239   32361
   26111     540    7508   19335    4781   27498   14851    7053   18033   11720
     674   15675   23510    2859    5492    8709   21441    9341   25904   21608
   17474   18038   33460   36413    8549   35755   36133     763   36234   18568
   25223    9553    4133    9177   20820   22117   31387   19990    4676   22796
   14361   36309   12354    3766    8375   15847   36989   27993   12453    7143
    3431   13314   31254   11965    6794   26236   22428   17862   22322    6816
    1825    1474   14674   33861   30786    3492   23583   10660    1823   30376
   34015   17977   30121   15054   32370   16122    6833   10564   30815    9487
    4274   25916     217    6433    3910   29215   19255   28284   11664   29486
    2605   28521   11802   33213    3891   20058     941   24149    1634   30147
   10871   32048   24493   25718    5633   11588    8010   12444   24346    8003
   18858    2614   14880    5120   16815   31814   18122   30561    4815    3348
    3753    3397   21198   24887    3445   19954   23742   22965    6777    5948
   31051   25224   18368   31074   31548   30010    4267   34727    9710   13152
   23612   30516    3688    9842   12796    2260   13669   16109   36532    5977
   22218   17767   18089   31543   31172    3124    3142    2043   13113   11795
   23022    3335   20330   24509   24588   23855    6260   22211   31154   19412
   21344   21419   22324   16308    4474   33114   32186   29629   11137    7156
   12953   14071    8966     556    3613   13793   16636   13280   22953    6333
   22348   29483   19036   34627   10917    8967   21862   26367   13343   36231
   18587    8310   10846   20427   29811   34379    6013   31181   10681   21675
   35687   23738   10586   32890    5497   29932   35954    9001    4051   26229
   24234   14227     911   32461   20770   31446    1970    5447   22944   23825
    5082   29356   36361   11176   27384    4725   10940   13925   12749   28080
    5320   14941   28317    2067   29728   20472    7768   11856   13844   16221
   25546    7373   31430   18036   21038   27422   21614   28348   28906   13378
   13252   18347   19879   31944   23222   20819   28460   21717   28045   22452
   34906   30991    2005   22219   33071   18191   24958   16873    8385   11916
   16560    5844    5864   18452   24241   16100    2441    1370    9209    2822
    4306   33467   21777   13538   30374   36130    9834   33504   34322   26272
   17747   26947   35162   30201    1506   25996   20130   31487   15395   17019
    1483   16745    2299   11503   32071   24612   10142   24305   12514   26040
    8684    7905   13611   33110     480    4976   13668   17870   30901   13764
   12254   34449   31767    8346    4888   17367   22327   31125   27852   16613
   22283   16198   20531   30259   24596    7846   14939   18872   26155   12851
   26582   36664   23216   18420   32738    9737   15410   30704   22407   23697
   33327    4610   27225    8997   31495   35910    1169   28297    6199   23419
     748   26987   13417   35061   36459   33953    3280   30554   13173   11489
    3194   19980    6502   36778   17522   20522    2779   25180   26567     829
   35444   24969   10073    9063   31362   35157   13508   20424   25585    4623
   14193   28992   19618   18664   10595    6200    6143   34013   12015     784
   18210   27441   13918   12420   27829   17428   13847   34809   14914   25975
   22342   27688   19388   14455   27466   36249    1260    7767   34303   33742
   29823   30424   20358   35367   25432   34909   27461   24573   17942   27863
   27239    7133    9916   26935    2788   23950   14243    5781   29590   27633
    7788   26167   16755   20208    4057   32937   11251   35290   25636   36202
   20683    3771   18967    9489   31220   29882   12721   25408   24007   10999
    4746   32551   13635   23037    1923   35587   24245   34499    3631   16136
   15896   32121     616   14435   23916   28833    9527   26861   25878   27646
   17676   33496   24515    8908   30939   20488   32126   30230   13696   33714
     742    4420   14463   13286   12107   12781   23844   20231   11299   24537
     828   18855   19596   28760   11999   14549     516   15465   11662   20198
    9559   23455   18899    2627     816    2767   20061   20933   17073   34585
    4021   18630   20187   22654   30329   34422    1312   34668   25504   34005
   21533   10137   12972   21060    9065   18787   12106   18632   13511   35784
    1272   18393   12723   17844    5484   17378   15138   26610    9564   29485
   35496    3306   21753      59    4403   30847   11625    6428    3839   30969
   36905   28779    4938   26852   36901   12053   26939   26619   14379   16544
   24071   29305   18832    5281   24333   10300   34857    9106   34433    8846
     240    6110   16106     855   23995   25549     985   27459   34732    4711
   10692    1013    5263   15314   33906   35594   24204    8912    2133   28406
   16690   35937   13850   34196    7449   25176   35420   34480   35848    1739
   11123    8499   10155     768   33057   26426   33971   18845   28190   16668
    1231   18080   29731    2320   34971    7276   20160   13602   30422   17260
   33275   15568    4693   32977   21192   26716    5260    7284   34346   27211
   11071   25635    4789   23078   14698     832   10191   13445   18580   26685
   35230   36665   14871   13238     342    1914    4901   33180    6895    7575
    8377     573   12412   29130   27720   11000   28327   33463   13146   31812
     878   14502   31253   13834   22031     497   35094   27253   10252   12497
    9060   35631   23555   17029   21731     435   35725   25596   36626   25950
   21790    9481   21518   20905   22863    8363    9935    7573    3106   21491
   17494   17722   12963   32140   21433   22104    9741   21100   22456   20072
    7865   34132   36321    6954   14419   26275   30617    2743   26053    1778
   15818   35355   16846    9562   13335    3343   15131   16752     175    6322
   17177    5528   26429   14908   12962   17097     406   30703    9426   13750
    1497    2928   26458   30358   28927   22599   16800   12440    4929   33483
   15283   23815   22779   14428   18671   25086   12627   10299   32233   19358
   23560   21906   24755   12994   30159   34514   25701    5309   13141   33345
   23310    9422   35931   16131   10087   12315   20087    5298    8969    4601
   27781   19221    5935   11859    5620   17542   36978   25359   17544   28524
   10461   11464   13979   33991   26770   14931   22532   32108   18095    1324
    1133   24617   23503   18414   34709   19424    3162   29100   28235   10510
   13062   23431   16662   11494    2047   19662   10267    7698    6966   20378
    8416   10305   15972   13763   27757   12866   21114   32824    2536   33357
   32146   24224   26387    1319   28326     167   18369   24552    8441   10184
   11124    9631   16775   24932   22727   19074   21161   31875    1774    9129
    1712   15669   20318   14196   29136   18050   34944    8403   18292   13913
    8587   35976   24247   17020    6099    3746     282   20739    3544   22693
   34094   24860   16260   20863    8016   24312    3944    3808   22923   26349
   32692   23589   12192   21320    4652   14483   16238   17065   22538   21342
   28579   24120   25363   17847    4117   31569   35524   20894   18555   26524
   10283    8301     609   28529    3985   36831   33501    6056    5006   23400
   16436   28989   18790    8725    2774    5599   17609   19343   28949   15970
   15381   25063   35621   17805   24891   13418   12283    6311    2584    7367
   28277   27995    9162   32952   26391   16725   29738   36631    2275    8970
   24533   23441    5759    6943   22674   30657    8926   18688   33206   31558
   36660    3923   21004    5822    8526   29181   21403   13437   10776    3726
   21514   15575   18149    6434   25321   18757   12450    1553   25337    6485
   26356   16301     978    6202   19374   11004   28351   24686     405   34754
   28816   28610   16278   16351   18514   26325   32718   28801    7631   21226
   35894   19056   29935    7412   28010   14702   20357   15968   32213   17643
   26975    7534    2052   32854   20479   22079   35117   29557    1193    8833
   21710   35952   24811   19144   10966    9525    8123    5399    5104   30041
   23018   10737    9061   25704   30764   32691   26417   22504    4138   14730
   31017   33759   19167   19406   11944   28115   10949   35009   15405   28954
   21065   28740   12364     676    5396   11595   28173   14423     661   21526
     462   27070   24267   19813   10934   13037   20610    9911   31388   13890
   13430   32246    2106   35728   36274   34374   10882   33642    9836   34667
   24745   24696   21654   21766   17360   13658   27565   11265   20663   29784
    2891    8474   24181    3032   23681     428   31610    3975    9738   24558
   13242   12541   31109   27511    5539    6892   36339    1951    9561     533
   20902    9713    6946    1408   12703   17132    8240    6090    8930   20094
   29337   22681   32722   13748    6676   22563   27113   29050   16462    9546
   25183     357   30923   14173   30957   17611    4135   11452    6149    6931
   19069   16859   12772    7657   16182   30596   22167   35563    5526   24939
    4758   23130   11073   24376    7745   23210    4089   23556   16728   31455
    9869   28514   23797   24673   30523    1987   26624   22701   35671   30824
   19529   20467   24117   25502     476   13884   20185   10303   33514   32095
   32423   16035   29377   23139   16448   27167   18290   13685   15590   35557
     659   11578   24997   32685   18177   28764     923    8397    3148   34595
     618   31747   27947   12544   34183    6185    2874     995   23303   18573
   29607   29209   16156   15258   27420   10802   36238   10375   17158   21569
   15547   35598   20499    7771    3775   36214   19303   27424   14268   14888
   27045   33066   16393   13667   21782   11220   14561    3022   17842   15033
   30235   24088   26546    6976    5171   15792    9614   22664    5741    2773
   30490   26944   21219   36221    8328   15775    9613   23079    9932   15784
    6525   12214    6800   30172   20203   31853   31366    7112   31914    1453
   11788    9792   17388   19796   15790   11371   27091    3874   16899   19160
    3086   17631   36087   21163    2237    8990    2870   19632     232   15478
    5945   13550   27759   32217    2471   21261   28043   11682   36595   31117
   20036    8701   34816    7622   24020   20190   26951   14980   31431   31539
   13772    9924   32539   30569   23029   36521   16356    3467   28962   29644
   35011    7814   23631   20487   33669   21414   13366   18034    8932   22478
   27495   23927   36486   31849   27936    2321   16925   23634   17531    5850
    7803    9853   23186   36620   25488   15257   21806    6289   33421   23663
   16504   25903   13186   29433    4537   14635    5042   24261    6307   30915
   27968    2378   28965   34348   25340   17873   18811    2537   27966     352
   36695    7406    6557   11406    9010   32348   11663   13951   34332   20397
   24083    7241   24269   21156   23122    3759    9353    2061   22304    9456
   11475   34482   14470   16299   31129   10342   23314   23150   29360    9622
   14132   30826   28785     207   20699   18220    9770    6054   31943    1907
   26259    5086    8136   21064    8308   18894   20088   20457   20790    9202
   26052    5404   19235   16534   35429   16014    3064   26035    6720   14189
   28826   25862   36384   36146   35173   25411    9656   30547    2935   22142
   23008   27416   16514   28486   23990   20889   26816   15034   28262    6092
   35789   10998   30787   36596   22717   25271    1062    4986   17412   33395
   18944   34885   26323   23991   31245   22993     440   33671   29888    3275
   32705   16763    1445    3087   21939    9510   35250   20842    4694   35287
   26985   15666   24034   29647   18982   21500   10107    9691   14484     608
   23661    4896   18441     317    8539   26796    2132   30135    9499    7616
    9012   31605    6842   11116   18066   21916   29861   14436   11896    8578
   27076   18340   33161   24928   33049   13753    6379   33553   26812   16427
   35588    2200   19883   21783   20167   13695   27477   22011    7983   10093
   15042    2597   21040   10501   12305   17491   24712     663   28084   28050
   22871    9724   27839   11018   13785    4780   29767   22076    8269   18835
   10008   26246   18348   21182   18614   34798   22084    8444   10012    2023
   14861   30240   28899    3615    9255   26310   35374   16879   16762   28209
   21435   25638   23783   26256   16987   30095    2278     261   24461    8914
   32337    7987   22194    2717   12519    2707   35786   14551   13597    7349
   19646    2645    1581   12461   36289   20716   20584    2922   10202   36311
   22932   10691   10870   36247   13899   28507    9171   22166    2604   23551
    2449   28421   20417    6799    1623     614   33203    3837    4222    9301
   29460   28291   29021   24272    6032   20844   21140   15752   22476   35229
   16838   35729    3029   14853     977    2776    3813   15719   20411   36008
    4081    5307   22173    1660   29094    6840    4457   26776   13348   27354
   29737   16779   11069    7728    5993   24160    9798   13700   33935   33156
    9624     683   36168    8620   12199   20939   32847   14179    2682    1978
   18275   20310    8121   11590   22128    6116   17622    6544   26533   14164
   24636   20482   31370    1378    2692   31698    6651    6310   34380    9549
   28414   15583   14095    8621   34294   24441    7446   24528    1307   13243
    5443   22845   35562   30051    1030   33389   27032   12138   35366   33615
   13838    8004   22826   27353    8460    5092    4765   17147   10443   26199
    9930    9099   36287   13627    1640    2190    9242   20212   17698   21580
   10951    2171    5215   31640   36372   22591   12614    7470    5395    1754
   14086   20365   32425   13156   32481   22858   22406   20035    6009   16575
   20280   15732   29156   23572   34778   21127    7318    9843   14630   26725
   15448   25987   13051    9009   20908   24943   11111   24879   36966   16171
   17232   17951   31178   22256    6652   34619   32210   20692   17948   23930
   17982     692   20559   11227    6256   19794    7073   26224   28634   20019
   34720   10394   27189   15247   28490    9934    8029   24737   21836    3987
   33932   32837   25943   17877    9678   25824   21890   33929   32990   10472
    8759   36085    9726   19475   31067    1476   36069   30920   32746   17273
    2728    1148   23816   33237     850    1996   32547    2943   22273   32912
    9886   21148   25184   16584   25823    6914   21573   29566   35794   12768
   31077   35923    8604   12140   19053    7763    8430   10561   17095   14693
   27800   26599   28724   35611    4506   28376    4697    5445   36117   31591
   16145   35663   12636   10973   14350    4632    5246   28241   29830    7565
   17534   32781   24846    1703   29817   11416   11776   14755   11207    5032
   20516   27638    5767   11199   27779   15702   34023   23768    9024   31434
   33193   35427   33162   36290    1496   31778   16955    8905   24172   21157
   28474   32078    5228   31933   29571     818   16921    3358    2600   25317
   24377    1254    7022   11975   16772   12626     275   15582    1962     833
    2112   20568   23618   11164   36262   20714   31302    6424   35592   36819
   13819   23292   17696   12871   22270   20382    4001   36233    6318   31982
   24679   15723    9667   11042   18035   34009    6221   16750   31335    5027
   27430   28288    1666   36874   18962   20991     774    8218   14663   33448
   18773   26584   32463   18990   19429   23968    6006   20302   19854     361
   31995   10617   33146   32579   10570   26585   32787   10703   34137   14234
    7215   10700    1827    2051   10249    4515   15581   16464   12207   34174
    5070    1052   36581   22884    1289   22902    8002   13863    8844   11276
   12825    5059   30599   28754    5970    3901   18472    4182   12690    6367
   29765   29271   16852    2892   26520   32083    3487   21917    6592   17675
   35664   20323    1139   15063   17238   13897   36707   32393   15309   27108
   11232   32199    2573   31331   13601    6739    5642   15522   33791   30844
   21652    9402   22502   14904    3377   11927   13504    8409   31016     503
   33614    1118   23790   33388   10118   32909    2198    8186   24449   27745
   28855   11502   26181    7801   33000   36438    1491    3668   33964   29070
   16562    4076   24703   14610   12632   24372   11740   10058    5116   13965
    3479   16709   31356   34098   18028    9835   18713   31012    4609    4541
   30627   33192   15986   20265   23575    8131    6764   16568   31444   28565
   21035     421   22832    5417   20881   16056   14013   17387   21907    5000
    9646   17608    5051   22498    3555   10536    9006   27290    1341   26627
   15820   27876   15127   18229   20242   36838   22747   19164   14788   10736
    3256   14036   27326   36923   25498   15888   30864   13303    9196    2236
   24882    1001   33936   18867   12999    4050   34919    6455    2080    5654
     939   22484   10123   24513   30152   17916   25554   21509    3785   25587
   26362   31358   11929   22257   11978   21682    7124   23845   10227    2521
   15754   17072   13697   21282   24231   33370   27640   27631    6419   15808
   12355    8534   34978   19738    1400   25171   25853   25361   13230    4712
   36537   16482    2881   32848   20668   35047   31667   25876   31433   23202
   15162   17350   13915   14959   12233   35987   36076     671   30122    2992
     252    7637    7906     705   28160   19213   17857   11190    5141   20979
   12476   25331    3787   22734   25843   12560   33518   15635   25921   26489
   12356   16173   27731   10406    6932   13134    4588   24885   35650   10450
   36859    3991   12939   22903   27846    1979   22557   12294   23416   35350
   14368     842    6541   21769   35205   28643   13698    7672   31073   22689
    9969   17416   28453   10897   21747    9764   35406    8072    3597   33740
   12974   35690   13401   33001   22185    4064    2569   13585   31689    5312
     695   26563   10948   17671   30077    5805    2314   31407   24485   32251
   19485     188   12179   18850   15710   32208    7187   22961   19432   17719
    3337    9682   19471   36520   36925   29749   31214   31499   10804    1078
    3125    3079   22193   24374   16410    3183    5833   36507    8936    3093
   16244    2031    5593   19673    6372   27489   33037    7144    9892   27648
   12117   32300    1384    6085   16117   30390    5994    2920    3485   24440
   18075    2866   32330   13231   34673   29436    7280   30341   33916   26665
   26636   26109    4429   27081    5499    3218   20005   36535    3134   21977
    2871   29542    4761   19302   11480   22577   25881    3586   30314   17181
   13572   26079   13970   34892   12844   12822   11901   30482    9567   31281
   29035   33904   29421   27736   25028    6232    5720    4597   28970   25000
   10213   33688   35702   27219   26126   22758   36789    5763    9476    5897
   20121   28271    8859   22698   10440   33234   23840   10854   14604   17774
   24876    8220   32981   32963   33304   11704   31568    9805   26618   11783
    2335   13995   30219   14687   29992   10240    4658   21108   35076   16581
    8319   21302   22466   34131    5740   23034   23385    7567    3792   18278
   24483   20241   32627   19426   30047    3576   33323   22057   32168   35414
   31137   29310   22381   16316   16204     253   35257   21603   22027   10747
   25205    1285   13507   26540    4475   12773   28346   21725   23903   36358
    4634   31316   17887   34851   19917   18543   12156   29529   23928   25884
   21376   21882    5858    3434    8616   32149   27567   18905   14617   12021
   10889   30253   29441   27919   33002   13295   23707   12700    4981   22825
   24967    1544    4997   12965   24332   20022   15981   19141   27559   12992
   36731   20573   31457   19139   10915   24067   25941   13082   21367   33986
   27286   12402    7127   30792   16566     672   17346   20442    9155   25301
   23199    2964    5708   26564   14621    5265    3503     707    9326   26972
    3848   14774   21264    6181   27156   25606   31379   31634    9453    8478
    6486   31705   19231    3637    7233   19885    4611   15001   13442   29141
    6845   18637   34821    8694   33545    4605   19824   13076   35317   19666
   18214   13363   30862   25228   17616   20591   16521   24450   31611   22610
   14039   36790   24751   34463    1432   32601    7647    2538   34082   11744
   20495   13770   33165   12231   17031    4183   26048   19611    6971   33630
    5617    4465    5347   31027   29502   29010   10642   34323   15703   10826
     903   24774   11139   20135    6242    2741   16403   20079   18132   14982
   16629   19245   30313   23268   19300    7264    6877   26896   13262   11686
   26051   24139   19230   19921   21861    8227   27751   13136   33719   18416
    7929   36713   17205   12009    4705   14024   31695    3582   20475   26813
   26997   26352   27320    2828    1083   34301    2272    4480    1519    6124
    4252   21965   35550   31019   34343   26848   16115   24490   14840   14291
   27056    6901   30938   30142   16999   26334   27803   30275   35801   23779
   29726   35463   10014   13084   15711   32862   10197    1558   12545   28892
    2954   15053    7931    2000   11960   34477   30802   19837    5801   26979
   21256   29859   36808    7224    4258   25109   20822    5125   27611    9923
   15353   28714    1230   23070    5677   25330   21834   34288   23337   18343
    9810    8975   21207   20029   15084    8092   24848   18636   32815    7475
   17359   29374   14447   35112   14063     479    2172   33711   36903   25094
    4642   28955   23509    3807    6287   20972   20459   14327    6469    2500
   14866   35144   10024   24186   15058    5927   34425    9240   17042   28220
   10847   21883   34278   35149    7956   31587    8994   34250    1472    6293
    3268   20028    7666   24972   16053   21263   26299    4798   18544   25583
   13782   20117   11687   32032   18914   16430    5891   23919     404    1601
   23692   28166   20261   13675   17678    9888   19100   18071   25631   36975
   31328   32583   11024   29294   31989   30892    8827    3067    7049    3701
   21315   29170    6562   12265   12918   18103    7661   34310    2093   36767
    3424   12303   11367   23809   27222    5008    9999   21604   28820   34731
   36070    6252   34949   29720   33413   11477   36861    6157   32229    8320
    5491    8398    5896   19372   11366   17305   22797   13229   10503    4466
   13150    1831    5755   20421   34370    2644    2796    1659   27036    9397
   17803   15269    9967    3682   29780   27658   28307   22078    6430   10311
   28499   17134   33107   24602   22149   17889   26467    9235    1622   26330
   34833   14752   12856    8538   30457    5130   14989    6160   36380   17810
   26210    1714   24463   10447   14822   32867   18611   21553   12997    2142
   14230    2913   17057   19479   33402   34469   25951   19614   26115   13316
   18009   33597   11174   31323   23317   28382    5506   28838   30099   35307
   36286   23064   28081   22416   27016   34458   32017    9889    8366   24835
   27960   15670    1174   22926   28211   27904   11716     647   32317   13598
   10281    1208   33426   12067   31860   17432   16670     504    7243   26943
   31594    4954   25004    2843   10402   19222    2904    1093   20153   22379
    1655    5959   13720   35244   27664   34441    7943   13554   33090    7072
   34751   27843   32323   23298   29424   17623   36726    5112   12285    4170
   11165   25308   12722   24143   17398    8545    7914   16019   29062    4953
    9350   27186   11444   28794   36933   34488     106   27475   25948   35459
   11585   22382   15900    2926   32827   28278   14424   33613   15987    8671
   29966   18281   16736   28118   33229   34730   19173   18198   16284     961
   18242    6300   17571    8733   31014   14601   16518   19643   34666    8458
   14611   30158   28658   35997   10042    5878    5877   21599    8226   16812
   29558   28786   15936   12241   35159   30251   25339   36071   15043    6758
   31802    7772    1040   26838    5842   15579   11981   33258   16508    9433
   13108   10959   13049   29614   32162   17026   30967   15396   31418   17036
    1528   28022   29342   22632   34935   33159   36601   10211   36809    9781
   25391   29293   12681   34175   33532     937   27525    6453     560     631
   16079   28510   26692   21775   32742   12057   13502   27890   14667    9450
    1971    6137   11302   33829     388   19683   11890   29167   35053    7015
    8230   31059   13226   14075   10011   31069   23571   13361   34865   21436
    7114    2366    2514   16266   11764   24429   18609   31198    1344   20271
      35   31498   32060   24409   22967   11666    4731   23595   31209   13137
    9498    5248   32277   26797    7048     962   24080   19665   31825   19006
   14991   27606   24018   33918    7838   21926    2199    1293     849   19099
   34148   34476    6929    2959   13755   31135   27550    4999     802   20672
   27679   26588    7350   24404   12205   14251   27689   18176   12702   16108
   14787   18013   30580   11609   13470    7126   17425    2802    3590   25924
   13490   10269   20632   14684   31743   21188   10754   28057   36614   32357
   14832   26657    9774   30570    4162   29551    9008   31942   18565   31037
   17666   10329   14303   26068   19639   30045   22004   36703   10391    9139
   30180   16354   29744   16658   31442    6039    4891    3007   24418   11010
    8487   16923   17364   24727   32904     964   20165    8547   14190     522
   15554    7945    1594   25621   27724   10035   20735   20740    3018    8523
    4928    1584   28702   11393   36588    8973   36377   33837   32761   22627
   21865     415   26066   22176   29407   34505   25742   10520    7061   30549
   15870   14890   20317   33648   28822   32065   10233   34357   34810   31508
   25909   18073   16900   23294   20344   22325   32131   27716    1196   32452
   35565    7500   36801   14592   25666   12592   17089   13477    1375   23837
   20176     681   35365   32405   11575   34139   30600   31940   35151   30514
   29077    4775   29645    6591   27298   28004   10108   21451   13737   33654
   28761    1693   34694   32595   24078   31044   25746   33012   10255     333
    8047   26628      56   34184   20010   29406   22940    2797   11829    7796
   14738   17106   12500   30500    2515   11618   30316   24796   15811    6274
    9952   23772   18719   15265    7952   29663    6391    8800   30989   28263
      75   21252   33650   19757    3443    3413   35213   15331   31501   12433
   26887   27769    2329   25441   27072   33163   20904   31009   20337   10787
   32238   18032   25256    4681   31275   29133   35261   16926   23606   23495
    1085   22709   21869   24057   33064   22191   26480   16017   24360   32205
   20064   16920    9076   25013   34556   33905    2972     760     604   28946
   19186   15276   15060   19807   26746   20150   28481   22663    5530   12213
   21876    2969   21464   21626   23834   10150   18070   30776   18118    6789
   29052   13993   10238    3371   25112    1452   24036   12299     474   32319
   21572   21550   29584   31957   21166   20974   23773   33043    6994    6644
   15649   30529    2798   22242   17353    7527    3505   32857   11410    3670
   16343   33381   27006   31186   13795   28808    5648   30889   14032    6967
   11275   26544     530   33996    6889   34185   27031   30364   16963   35896
   18423   35595    6133   12385   31423   27913    4569   11782   36689    9286
   31990    6297    6503   33922   11880   30207    4885   14746   13494    7522
   22045    7859   10620   34388   29890   20326   19859   20783   32671   20581
   10896   13235    9406   26926   35743    9772    4140   23231    7158   19444
    5012   29807    9715   32636    7040   24049   11339   25811   29752    8636
   19246   13213   14812   18938   30672   35343   11723   33339   19363   26596
   22731    8285   32359   28228   19310    8942   24907     473   11041   19295
    8667   27471   20239   12751    3261   17504   17294   26472    2245   26594
   26134   12100    5999    7269    1775   22089    1982    9974    8560    4561
   24587    2355   36112   29075   24507   11343    9005    8097   21708   16896
   14994    3005    6601   33147    2880   14410   34521   28312   22203   17620
   13465   32989   32143    7922   17380   15346   28897   13711    6346   23746
   35768    3936   22755   28321    2752   17958   23291   16033    3894    5397
   32448     231   10965   35108   24992   16737   14877    2306   13458   29724
    5160   33098   31828   26320   34783   29248   16315   25006    9950   34592
    8757    6858   35239    4186   29812   17117   21764   17156   12308   27685
   31662   18725   13147   27878    7219   34154   18243   15463    5274   15435
   15852   28638   27882    7690   33343    2070   11051     135   10088   22048
    5813   13086   16654   32009    2894   14672   21504    2026    1050   22576
   15176   34057    7604   24801    4726   29450   26073   17775   34538   19976
   17625   15585   16178    9965   36857   35772   14225   22757   28178   18374
   15531   34632   22174   32433    7562    9439   11324   25087    2338   36409
    7962   19004   24343   13427    3470   17582   10623   32416   24931   25236
   29880   31225    7351    8415    9929   24113   24750   21821    4755   10317
    1863   17735   31194   23649   23969   15305   25562   27678    2578   16796
   35832    5643   24706    6559    4108   15254   16365    3395   23638   15836
   12860    2765   22889   33838   35810   35354   10334   17274    3614    4952
   32616   24607   17405   13574   10097   22501   21013   24178   10645   31787
   27730    5715   28791   30327   22901   34951   17764   34355   20461    1165
   36484   10881   12733    7547   34876   11278   31488   35533   20262   22702
   15557   23274   33978   23232    1373   22711    6499    1955   20510    8781
   35633   15827    4827   16480    9479   30222   30412   17583   33432   13011
    3254   17602    6715   30140   21340   32799    4542   13073   25555    2497
   36758   25715   11722   27957    4128   24248   33710   20386   25842   34829
    4791    5566   14280   35661   31686   34631   30790   23764   18443   20151
   25809    5802   36697   20677   25668   35016   29437   22647    3569   36559
    5161   15238   23760     730   22952   16803   34797   17928   18884   36446
    4654   25955   32648    4803   30655   10583   23648   15246   24871   23696
   22585   23100     782   11006   31224   29102    4339   10552     330   22572
   20771   20954    1175   17821   16512   15067   25958   26886   23882   11571
    3187   29124   18522   12493   18746   26513   26337   13582   35324   33643
   29984   14370    4834   36047   20376   15834   19535    8696   13007   20204
    5325   31341   12821   29068   17366    7841   25619   24660   36396    8302
   36090   10858   33184    8050   26382   14010    1009   21994   13856   21582
    6595   21962    3354   34340    4664    8586   11765   15626   16419    8955
   25187    6535   21814   18323    5085    8647   25978   23657   25098   11099
    1589    5717   28451   20105   25009   33973    3609    6360   34265   19445
   17185    8940   27804   35062   18627   18839   14511    6423   20360   16592
   10485   29547    9689   31715    8554   19223   18351     970    7265   12783
    9367    8832   30353   16114   33889    9223   22931    3863   13294    2076
   36405   29408     362   21513    9220   19935   10232    6854    3905   36504
   32684    8086   20448   25055   21369   19927   10091   16212   25291   11864
    7085   13014    4063   36774   19966    2304   20020    2391   19717   24721
    8071   32075   24121   13184   13713    8913   26214    9449   36958    3390
   21314   27452   13811   10683   13813   20787    8659   31403   33881     737
   19357    3244   16472   24345   26828   31827   16653    5423     525   28588
   31308   11066     955   30849   33883    9584     951   25607   31451   23544
   30458   29020   16319    8060   33503   25723     495   30012   19926   11574
   17966   29507   35405    7087   13196   12193   30284   32439   33340    4582
    9697   12055   23476   10169   11602   25266    2677   24109    6342   20989
    1137   30489    9699    4437      83   22145   27173   29030   23759    7398
   34559   13197   26461   22138    3655   26522    7972   32875   19774   30289
   19248    1830   22732   30556    6129   22385   26587   22686    4829    3152
   18751   26423   25983   21757    9570   24294   28744   27382   11368    9824
   13357   35670   20171    6797   33004   22872   17002   35417   16601   17332
   26946    1256   16988   30508   17107   20537   25132    1023   13624   20691
   30303   10021   25059   27519   11514   33623   13626   34733   35480    6698
    6112   32092    7528    5454   15244   17804   13008   24723    1010   16188
   35577   31078   36077   32001   22724   24341    2864   32535   18960   20626
   28578   28659   32817    5473   16024     371   20627    3869    1948   19000
   10654   31148   20221   20781   26190   30431   10272   28218   28631    8371
   17178    8764    5594   14585   18093   25969   16701   31738   25908   11786
    2974   18703   25304   10793    6268    5170   20996   12407    5359    1421
   36481   16867   22534   28633   35719   28008    3542   30602   31929   17323
   17898   35938   22345   11113   15228   23235    7501   24395   19033   11554
   15251   17050   25047   22408    4093   33201   18130    8278   20294   23605
    7292   14683   10207   34224    7739   23411   22262   14027   10019   28870
    2226   35653   12694    6329   25302   27603   26879    3423     396   13063
   32576   18694    3362    3276   16954   11715    5693   19085   30898   27348
   25982   18547   31920   35542    8653    8096   29218    4335   28252    9179
   28721   15738   19373   24199   36755    1033   36207   18271   26736   35293
    2885   16640    6667   21324    8550   33990     429   32443   26917    8794
   22593      50   22650   17514    6015    4468   16706   10916   20497   27868
   22434   35514   12832    6119   17062   34925   10506   21986    3401   30868
   25188   11534    8408   30104   15447   16574    5867    2513   13956   25861
   16919   25665   18392   31068   27426   29802   22893   28478   13561   19636
   30553   27961    9530   27555   26880   28279    8933   31305   27840   31736
   21677   18438   27351   21395    8305   27419   10032   18020   21351   11991
   13533   18511   29850   28690   18498   14850   31685   14587   18804    3108
    4152   12359   18646   21781    5367   31162     204   18961    9007   16099
   28857   29779   34657   34026     870    5225   36902   12587   11364   36211
   16066   25529   30545   30698   15924   29968    2431   18276   35332   10756
   22074   16360   27421   14284   23776   29963   11363   24350   16246    5700
   35877   22638   18513    5548   23282   36153   24339   34038    1268   28688
    5461   18521   17200   10387   26032     191   32907    7376    1901    2455
   34509   34765    5619    9474   35073   34238   23082   17524   23453   15690
    3821   20408    8447   10167    3344    9052   14952     280    5798   35029
   15132   15212   35487   24050   13005   22341   30229   14999   30689    2350
   32080   36163   15745    4037   15599   20732   36669   25814    6685   12326
    6884   12706    8718   19514   18005   12366   29604   33320   28274   33353
   35528   14796   24946   14926   13911   10498   28002   36021   21705     201
   20042   28753   16191    2213    8249   27296    7833   24194   28950   19520
   10263   14925   13244   21574   18583   17161    3403    4325   25142   16097
    4450    5103   32789    4748   24442   16555   29704    2182   33927    9696
    2908   28599    4278   19118   12397    8503   32360    9085   17347   17253
    4930   14665   29675   15597   18320   22598     747   25060    9069   15065
    9919   30416   19203   28527   25791   25245    2905   25329    6677   11007
    8677   27464    5852    7235   26635   33300   15951   28387   11872    8180
    1574   20799   27748   10061   20667    4513   15464   12824    2322   12770
    6551   19393   18516   30539    5250   13729   24030    4743    7516   26705
   34485    5356   13823   19494    6507   13620   32658   26775   12582   17349
   16091   20276   23982   15882   23490   10712   27539   30481   27440   18882
    7492   26207   12098    9785   18492   33112   22594   20943    9314   16224
   10385    9769    3834   33470   18298   31150    2096   17473   17362   10975
    6741    8527    9096    2688   29974    6348   14477    7213   26724   35962
    9878   19754   28810    7749   33616    6556   12606   35733    6998    1578
   26162   28717   23487   33386   12222   32504    7239   36269   14460   25989
   17653   23497   12508   18205    5818    6466   18406   35871    9671    2074
    5940   18018   36930    3170      73   27007    3739   25540   33979   12510
   10853   22236   12968   21601   24794   14261   35138   27823    3411    3557
   34245   19090    4531   27681   36883   35070    4628    5419   30536   33265
   17739    2146   35168   16453   31139   13888   25807   12924   10809   19895
   36572   16937   13613   29343   25378   21015   18283   17568   31039    3675
    5283   11148   14048   34787   35853   21124   13310   16753     853   24349
    7123    9903   20769   21551    2846   16784   17093   18775   34795    7521
    8828   32584    1349    5509   20884    7059   32995    3427   26698   30144
   34254    8853   27447   12350   26281   32111   36288   22736   25518   13656
   23713   33934    5049   18594    2281   33554   17291   22938   33551     777
   17605   20309   26842   11407    5670   15493   24500   33903   22243    8786
   22974   36431    7649   22119   31609   11857   35188   15419   24903   13091
   21643   19781    9643   34544   35040    9757   24542   12814    6166     693
    1034    8603   14735   16293     548   23434    9458   20793   27530   20032
   15184   24000   26456   26098    1934   36228   12142   11966   17697   11656
    8024   15751   31822   26383   33330   29853   34616   29699   23877   27160
    6593    8062   29088   26307   18262   25105   24692    9321   12961   20815
    8876   36387   16717    7665   13038   22977   16585   28868   18159   17828
   34734   13564   10324   19282   26526   16739   17334   20700    5386   13526
   17419    9589    5991   16930    6631   16267   17109    6624    3556   14785
    7257   33921   18244   26105   19512   22586   35248      86   30610    8983
   31868   24981   29315   21173   35827    9635    1536   10599    3525   33867
    2876   19143   23344   32897    8224   32621    7494    4271    7122   24413
    5873    9305   14323   25501    1697    8861   29064   34850    9149    6879
   26484    5649   32528   24970   11439     834   36029   18353   10686   15515
    4846   27692    6250   31258      74    9503   18935   31647   20950   32640
   36020   26675   27941     177   20071   26360   26168   23745   18698    4762
   27834   11784    3680   21428   23312   24875   24197   36316    6147   25754
   25217   10105   32910    1710    8236    5556   12209   21925   14854    9175
   27325   30573    2716    7447     399   22596   31082    3737   30676     453
   33594    8264   18404   25703   16628   26981   21387   34390   33790    6359
    9791   28818   35266   14302   14694   15214    8197    9379   11038   18401
    7870   36786    5980   16140   21046   19319   21482   20086   14682   16729
   28432   11287   30592   16411    5302   26559   33255   17038   26549   30810
   19861   20768   34678    4237    5573   21135   36373   11214   17751    4058
   19521   14413   12915    2122   19229   28136   30646    3365   36157     324
      92   21180   13660    2915   33608   22486   24453   18988   28076   14088
   27693    9604   31713    7978   32572   33371   20932   12534   14043   11420
   31813   27644   14245   14252   35619   27029   11379   31590   33048   22513
   18678   23736    5841   25259    5650   33031   26983   33232   23743   10815
    8358   33301   28945   31614    2542   11498   15388   34586   20021    3474
    9360   30267   16890   33955   17356   30155   36787   31114   18172   28156
   29521   12185    3325   17123   29143   27604   27208   32446    6459   34686
   24938   28257   21147   20962   22181    4055   28394   11370   31300   10182
    4416   32462   21715   28390   30139   10473   27938    9545   15069    1658
   20587   22472     315    1159    9898   24451   27014   21171   30188    7668
   12330   17329   26078   29904    5645   18459    7862    4923    7056    7338
   24013      88   22147   11090   22913   24523   11560   18536   35699    1718
    6107    9807   29224   12438   18387   29002   13131    1296    2963   31136
    9336   18037    2562    9081   28119   19853   21288   24728   22994   12069
   32200    7091   19330    3412    7240   21116   28214   29258   21426    9771
   10322   31244   22346   25499    5143    7192   35150   14987   26473    3319
    3077   30677    2528   24128   28708    9244   26652   12318    2073    6350
   21507   15838   31759    7612   32120    4472   36782   11053    2219   17684
     379   32255   11175   16180   21104    1609   14306   10469   31628    9990
   14922   15786   36009   22241    7093   13953   11161   32018   14595   19840
   28617   18355   28267   12037    2204    8629    8803    9586   36561   17113
   18142   14784    9875   28718   34540   34445   29304    3610   31820   27623
   33008   32545   21955   11350   35313    2072   22333   15301   17293   28275
    9505    7821    3669   16637    1395     913   12321   24720    6594    4470
   20296   14301      64   17661   14489    8761   36884    4778   18734   21960
   23824   10018   10301   27799   22808     347    1325   10204   20757   21684
   23718   21759    7238   28727    2831   29108   28046   26176   29493   24804
   25209   36427    8642   36915   23378   34653   15330   12704   24469    1006
   36710   29417   29472   24843    2269   11658   16964   33499   24301   10559
   22479   32803   18739    5490   36120   20104   21904   26378   10132    8022
   23277    2848   15468     886    8628    8286   24119    3214   15416   23587
    9830   16748   16648   32237   11652   10220   32124    9484   17988    1859
   23754   11310    6903   36429   32917   14108   32485    1988    7957   10228
    7181    9239   19450   24155   12601    3924   11568   36994   19411   27433
   15169    4841   10025    8446   32779   25030   13862   35782   28129    8200
    8187   12942    1958   25604   32020   15901   28938   14030   35000   14459
   22551   34714   35543   17483   19569   13587   31004   33521   17255   11639
   23505   15391   15077   32933    5709    9639   25400   21385   24012   24535
   10356   32152   23301   21767    3283   29231   25654    8463     161     529
   27213    7283   22370    5139   10596   35647   34545   32804   36628   22435
   24159   31897   30577   16012   26512    1143   20543   36325   22886   27177
   31675   20765   11445   21407   34439   17575   12413   11046    3598    8993
   25639   20679    5664   11361   31531   35865    3232   25610    6928   34597
   12709   22451   10894   15190    2415   15019   11030   15999   17461   29083
   20800   21484   28921    8635   35360    6209   31547   11141   18407   33401
   12898   15956   10874   18862   18377   12667   24708    2169    2484    4608
    9338   21179   22840    5267   30712    2126   17756    3883   11582    8986
   29235   32927   14072   22264   10483    5204    3468   23090   31793   28695
   17752   34074   36974    8663   15202   22249    4651     698   31996    6638
    9265   17142   29274    5438   35662   27306    2890    7177   25968    8331
   26112   25444   19959    7583   15398    9111    6779   36938   28598   13835
   10657   31941    9289   27698   28106   27602   29295    4956   10180   19983
    9121    9414      51    9855   26007   17645    1473   28313    5699    2144
    7043   30320   30499   24944   11897   10405   14209   20556   36875    1427
   22812   22326   30007   20695    7559   28412   25237   27780   14059    5855
    9817   22295   20392   30584    8910   27643   14524   20447   29855    5630
   15279   14434    5159   31867   34436   33886   20523   34125     208   13353
    1000   22019   23957   13306   35963    2286   26717   26915   11647   29612
   15576   27578   13575   12395    3589    1532   25579    9766   32811    2612
     228   13208   33154    4255   21923    6697    5764    8697    3332    2123
    3593   30533   18233   18344   21292   20849   21057   36248    4847   27956
    3711    2983   12074   20413    6328   25152    8443    5192   34883    9928
   18569   19838   22559   28371    9850   21149    1228   36640    4844   15674
    1206   29608    4105   10996   31903   13883   27021   34192   36952   19603
   29429   10048   31858   28569    4331   32842   22350    3574   24202    4223
   13790   23142   10285   16368   22924   16073   29008   25592   32449   33212
    7864   36417   22206   29452   18303    2703   31108    7876   22549    6091
   34471   20761   26477   32894    2309   16069    1364   12969   20416   34769
   19714   35066   21354   21559    6158   25146    3536   36826    7831   11039
   18302   34035   20747    5198   15451    7669   19866   14591   12603   31355
   35292   17987   16474   34573   27597    1604    3065   23475   18937   25122
    4084    4849   24464   19142    2474   36913   20966   24655   16333    4148
   36097   15826   24309    5444    8590   36764   18485   33880   17861    8996
   33933   26723   15643    5290   21150    8995    7092    9729   15507   11961
   36592   15341   11768   10074   17386   14721    3757   14014   26242   12263
   13145   14598    3287   32586   36867   19610   33120    2185   20364   17217
   15007   32198   18456   35756   14530    7183   14045   34689   30468   12434
   15207   26731    4317   30212   11683   33523   16986    1806   34827    2279
    6699    3055    8125   28535   19091   25574   23670   30106    4168   20864
   24203   14670   17296   32745   14560   29211   21938     612    8945   18112
    9124   34216    7879   34275    9410   12903   29717   21741    1460   14849
   30730    4247   34235   17208   28930   16347   34069   15617    2760   10393
    1805   24683   19059   32523   35304   36075   21661   17561   35270    8147
    4699   11094   16312   12765   20464   26195    5389    8488    7424   16310
    6094   23387    4353   24094    3147   35744   15521   20563    2778     277
   12665   25552   33485   36931    3527   28800   13544   24543   20963    2092
   17250   21874   35520    9959   19516   28471    5237   20906    8025   13296
   26469   32863   20515   26884   16042   20861   34124   12481   14311   12658
   22600    4179   10460   35716    2587    7473   17290    8971    5579    2529
    1149   10437   10971   35892   27601   34295   22361   15984   10115   32913
   31021   19011   29454    5788   26086   22898   29031   19891   29185    1846
   29213   28854    3550    9243   33238    4637   24075   10253     873   32040
    6041   31163    9368   35344   28896   10068   16918   34825    5430    5731
    3374   36706   14486   16606   34416   23333   12421   20125    2305   22261
   20618   20600   28605   19331   27226    6183   36473    7076    8965   14269
   30877    6517   20474   30964    8297   32335   15491   23669   14775     104
   30714    2164   36894   28041   23793   29975   11189   21333     508   16095
   16130   19913   32488      46   19986   33172    8144   34695   14056   31924
   26637    6089    4256    2932   18948   32911    5510   16388   10423    6389
   17331    4234   18399   18136   36751    1416   36051   10103    9266   30924
    7740   27352   14286    3786   12795   28919   10237    2404   21195   14162
    1797   22474   32098     552    5374   10743   10529   30601   16216   34107
    4777   30980   13433   18165   26021   28462   27758    8387   30543   25231
   21153   21017    4630   34910   23823   35883   24902    3172   14843   32368
   23700   11877   17572    8571   30558   28777   22449   26363    2546   27923
   24739   20629   24282   14326   25848   23016   28149   17901   11938   24990
   29174   32252   32101   35925   22254    6942    1686   23019   23092   30061
   22766    8756   29262    9712   12834   20773   31817   26175    9429    3587
   15584   20930   25062   16437   13483   26782   18665   13988   24388   34576
   14867   26375   28344   31392   34109   28145   20240   33569   17014    4289
   32180   16647    2028   19197   31477   18307   20785   14737    3730    6148
    6923   35767   15297   24254   13302   27277   28722   11728   33333    6952
    9143   14204   11484    1541    5900   25465   26409   32567   26187   28026
   16119   20430     966   22171     308   17773   28749   24516   35754   19772
   34096   34881   27040   22658   32457   30575   36218   32166   35478   16137
   13484   22718   32888    1785   24768    1431   17848   13464   14365   15105
   31025    2341   15010   13116   11506   19187   21981   21029   34580   32279
    4157   10086   33507   19844   32110   19057   28893   21036   11248   16764
   20078   22483   11718    4127   31876   34871   13725    5559   15928    1389
    9107   13206   31716   14848   28751    6218   23200    3304    2392   11644
    1179   23791    4909   23326    1281   20292   21422   16616    8979   24444
   25509   29790   34930   27082    1508   16274   28169   34642   16875    5808
   26108   14339   22900   31377    9201   35202    9466   22255   26677    2208
   16977   34839   29203   19294   30888   16982   11951    4293   11584   10774
   12437   21487    6313    7971   16049    2853    6849      28   24991    5412
    1898   20602   35337    4248   32311   25928   19945   18753    2911   22873
    3286     172    5327   26958   30649   14804   15946   21754   10704    8715
   34444    1404    4194   30255   19638   36271    7696   29648   17269    5719
   31744   31325   30900   24458    6444   30999   31408   17442   26043   25997
   26688   29611    2842   27322   19505   29359   27171   35362   12729   28508
    8984   24382   36547   22573   25913   18525    9237    5241   17961    3048
   22432   31921   24789   28616   21246   13168    8410    2543   12028   31001
    2296   35321   17370   22548   21347   16583   17677   10662   10607   26966
   33236    5036   19503   13651   35272    5629   22666    5448   10243   24610
    2673   32119   35059   16548   25212   32902   26004   27506   28236    9556
   11963   32100   36552   26509   20053     846    5255   31960    2334   17836
   16722   24654     625   29249   34040   11614   35909   26511   12971   23365
    1675    2211   19897   28653   24625   14546   29086   13649   36873   14112
   33577    6718   36657   23888    1490   21326   14724   20131   27026    6383
   32130   34880   12405   25479   26960    1807   22352   33761   30811   20726
   18451   30216   35186   17445   31777   15550   15985   34675   25392   29047
    4211   32599    7997    4570   17580    9300   10330    9417   23547   29978
   24520    3754   23171    2884   28869   35787   10946    4053    6102    7759
   29313    7410   15676   36425   23278   10453   33014   18745   28911   17091
   26699    8355    3347   15130   35975   26807   33308    6397   27727   27825
    3042    4159   11548    2130   21663    2398   19068    1407   10605   30191
    1633    8051   32771    1674    2359   35081    7415   19523   30981    3202
   34711   18578   26603    3072   17673   18599    9580   33819   15073   17934
   19382   25128   11561   18693   11904   19820   19313    4682   26903   23192
   17358   31092   21349    5577   31984   15074   14246   30846   22157   18478
   31262   25478   16387   13407    1069   27826    7220   15420    1066   24003
   22570   20354    8869   12428     122   33968   25670   23946   23043    8116
   34053     397   20270   18218   31968   22131   27856   10648    6075    4124
   25428   16104   18395   28831    1081   13960   27721   31475   27875   29244
   32338    6362   36081   26203   11152    5916    3305   30473   14940   12309
   15628     140    8292   31750   22807   19384   33473   25664    1685   24736
    7659    4752    8847   34142    1680    9272   32549    2152   13274    6315
   26769   26767   25351    3750   18768   31436    3351   19634    3177   23500
     670   23636   28384   30406   18304   16738    8079    9443   30224   21216
   16298    4358   29161   33435   20434   33741   31965   14023    2877   35721
   15083   22763   28875   27587    6058    3189   17090   15810   17267   24210
    7798   33425   19162   35741   31217   10275    1229    4958   31679   33245
     113   19621    4483   29579   22066   31110   14576     226   24334   25076
   35536    6921   16712   30299   33617   12937   17615   32308    9572   30879
    1688   26744   17630    1330    7538   25776    9526   33040   23380   28201
   27282   22029   28941   17908   20760   15806   18770   15680   31206   10241
   21103    2419   11535   27024    1195    7335   11132   23584   35893   31480
   30245   16687   36742    8228   21132   26235   20372   35840   32780   21069
   15004   10762   33021   28021   24223   31535   21891   35025   31338   22933
   13016   28641    3326   32442   34215    6249   34524   11743   13198   31514
   21101     992   17729    5406   20840   27948   17116   30340   30910    9516
    1547    8842   18428    1935   31632   32525   15505     931   19708    9333
   13462    7700   20267     615   32441    1279    7403    7755    3707    7487
    8674   18885   26374    4653   36642    7172    7054   17032   26273   21871
    1144     819   36847   16057   22032    9650   18588   12175   32444   24719
   14244   28963   25875    9083    3824   34512   36750   33634   18939   30332
    1605   33896    5792    9740    7502   15556   30945   16735   16385    5701
    8544   10562    4042   14557   19346   10775   26023   16833   10644    3902
     738   26929   31846   33024   24849    9032   26577   23609   20081   15608
   30365    2633   32181   27594   32546    9011    7242   11365   32013   23001
   34989   32224   30195    1904   24807   21465   10813   21424   23691   18864
    3700   27686    4066    5074    5287   21199   22722   35447   18481   31958
   13893   34602   34047   23028   35065   21788   30363   17953   11665    4957
   32604   31710   12262   29599   23980    4054   27625     194    7480   23616
   24014   12419   26876   35456    7926   20228   14478   20043   18931   31238
   26846    5007   14865    2869   21224   35063   19565   24889   29834   11600
   31901   19752   35021   21044   16081   15248    8837    8406   28429   34036
    3229   22761   22753    8811   18760   15650   36478   30309   16253   22905
   34221   34628   25779   35717    6153   29139   18857   34848     493   31581
   21266     431    1303   20083   32516   26510   19050   19149   36708    6447
   20638   34427    5505   32010   20779   24342   15941   19054     666    8608
   26095    3250     500   21984   36343   20707   30226   32757   24281   21233
   35068    8242   12609   30064   29465   19250   22026   14138   35191   18124
   24690   23086   22129   26994   31900   14159   21200    4871    1949   12422
    5551   12256   22949   22876    3251   15880    8426   33963   35584    9962
    4603   32868   28969   32276   27190   20743    2731   10154   25332   16004
   18732   14295    6649   20011   24776   18074   24379   32106    2615   17832
     144    4548   33734   22846    6392   17950   32394    3873    6650   14868
   18463   25898   27812   30978   15086   30747   26358   27467   24432    6778
   21268   17285    2940   21202   23087   36065    3963   32906    7476   28401
   11920    5723    6374   29820   15502   22215   24517   32191   24677   10885
    6282   23694    1592   15366   34600   18228   31099   35045   16910   18810
   18945   21397    3665   21110    7523   16127   22420    4810   26873   11314
   14218   18011   15717   13744    6100   24782    3230   16771   18092   28587
   15462   32939   15920   20281   15662   32558   23711   26056   29488    6538
   28595   30098   26948    7107   25254    7663    4097   31283   26101   24106
   11359   12958   32364   27085   32376    8212    8042   17818   35551   32880
   12010   15809   23172   29122    2280   30081   32026   13949   24077   34591
   28681   30769   31540   18111   26930   35724    8390    7397   10230   35501
    2635   32266   13836   10245   31084   17515   31296   35677    5880   23586
   18801   13148    5434   23072   13612    2968    4006   20196    1031   16128
    1199    4242   33520   22515   21415   26064    9849   33409    2470   21034
    7620   16525   15325   19924   22948   14340   29000   14397    7781   36319
    7688   26081   22291    4828   11520   16632   34635   25956   33807   29773
   20597   20883   19401   14143   12764   29232   17839   31064     163   22700
   25940   28342   16337   31439   28534   11242    5794    3847   22404   35275
     586   10696    5754   19958     641   15185    3827    7625   28444   35944
    5052   36543   23581   28332   36951   21107    3461   21396   17446   26169
   23250   10819   36687   20917   33950   29290   31159    9064   25404   27184
   24842   20832    7902   22866   12791    4176   19285   24280   16074    8389
   11984   15543   16655   35492   29300   31322   29877   24691   26397     296
   22816   34637    3388   10888   13815   34146   22039   16477    4496   13221
   36272   31936   16945    1338   25427   25930   31112    1245   36632   29296
   27068   24494   12849   23906   12622   17265   36922   25286    1305   34577
   17681   35002   32733    9292   19136   34364   33855    3279   22405   19321
   13747   27599    2506   33479   36981   29125   32725   35927   13006   10125
    5407   16607   14029   20047    2003   11059   14080   12737   14451   20481
    7354   10850   32735   33638   24424   17458   18722    3216   19623   14106
    3742    9144   35509   29348   21377   20112    9184   35726   17995   23767
   11347   23011    6605    8710   27921   12391   11259   20234   18058   22374
   25820    1219   24624   23656   17897    7874   25099   22062   10745   35004
   24103    4670    5986   18871   28625   33227   18046   32254    9730   12575
    3908   28691    5590   12336   20255    4332   28223   26993   35701     883
   35614    9918    8294    4503    2196    7310    6431   18135    1419   16868
   16749   15470   16228     499    1479    9921   24724   34201    9854   36779
   36296   20027   34298     934    6986   26805   15243   16882   12730   20792
    4617   15403   27252   13079   30108    8145   32410   24358   11825   29487
   35821   15713   23108   36936   24675   15963    2930   20891   21919   22237
   16060   28871   10446   11054   19822   22403   18940    1122   17644   22710
    8822    8928   12955   34887   36712   12078    8519   12050   36997   20381
   10705   13686    8038    3036   13599   16048   35571     354   19753   12529
   26541   23755    5371    6340    5921   35455   25284    6237    3709    3876
    8598   13117   34399   25139   36624   23141   16563   11936   34242   29619
   32755   27607    3748   24249   27642     863    2978   21873    1098    4546
   19259    8202   28851    9945   28735    6965   14590   24242   10911   30893
   27136   15287    7044   23650   19672   13728   14763    9451   18728   30808
   26114   19120   14818   14107   29334   13174   15319   35966    5511   16231
    1782   29564   16543    9389   33042   26465   27647   25482   12091   31015
   27321   34589   20215    7164   29217   19951   31184   35575    2039    2384
   30874   24443   25626    9369    3009   12884   33897     173   29242    5242
   11977   18921   25050    2430    7188   23527   10650    8591   22530   32788
   12227   25335    1020   11801   10680   12488    6989   16651    3642    5118
   14879   15679   23585   10694    3061   32644    3756   14526   25771    5310
    6865    1025   25312   27005   16793   22126    2191   31550   15123    4874
   19888   13481   26110   27937   36984   35284    8367   26106   11606   16611
     184   36591   11759   34342    5524   10836   10588   10376   21382   11286
   27207   26634   16107   10104   36470   24195    8017   12045   20801     509
   33887   33397   30843   29489   14054   19228   27369   16947   15830   32709
   25785   27198   30249    5191   19443   34451   18325   27128    3151    5010
    3193   35326   13839   22137     267    2345   19198   28723    7594    3999
    4520   15935   10834   35308    9073    6046   19073   23091   12935    1738
    9746    4671   36195   18024    1591    9311   13149   20911   13989   16196
    1142   18076   30063    2461   11472   33075   31346      60   28143   29298
    8877    6825     634   26874      65   28756   19979    1525     543    3056
   31687   31065   10723   11478    5480   13385   13488    9653   23361   24348
   13512    3464   11301   18780   28967   24547   30527   15109   12771   10943
   24631   24182    3919    4431   14093   10824   28604   19433    7311   35203
    2934   33724   36222   16382   23474   32167   32582    4091   34051   14718
   30073    7591   27237   35926   12639   14065    1906    3925    6978    9339
    8455   18480   35525   10046    3480   13248   16362    6599   17656    7483
    4464   34149   23992   36763   33818   27083   11511    1997   25242    8881
    8063   19910   11528   12916   29977   29933   10340   12096    4905   23343
   15589   31182   21908   25051   23218   26368   19140    4265   25269   27538
   27754   17228   34690    8422    1184   29129    2758   18464   26353   16587
   29707    8879    4802   20503    3002   20415    2975   17076   11959   30338
   11063   20139    8690   11424   30979     151    3476   25199    6636   23461
   27432   36810    8524    3856   16582   32610   30697   11397   21999    1678
   12400   27280    4990   15937   23103   35510   27650   20110    3450    8818
   27849    3497    7503    2544     449   27366   17690   12478   36189   15791
   14222   31371    1248   22127   20137    9823   16150   18929   23166    9296
   16854   33018    4467   12539   28308    2694   16916   21742   26638   35126
   21855   29150   15304   17061   23546   24436    1689   27662      33   12007
    8428   21877   24004   22282     800   11691   14316   10656   35632    9203
   20435   24331   28167   29601   27546   19351   19365    8048    4297   15897
   32031   10452    8886   25440    6824   20491     368   19441   25838   30411
   16286   20641    3204   34256   14517   13367   10779   30921   35576   23858
   21655   34487    7198   35399   17308    9731   13105   29961    4650   13603
    4842   22421    4005   35039    5887   13020   19034   14978    8465    8746
   24243   11279   10641   10789   20455    5388   25680   11451    8338    2574
   12081    5618    1024   29324   10807    4141   15367    1090   20419    1218
    6898     491    4125   33863   19113   35091   20759   34345   17672   30268
   15485   24066    4819   31061   17585   35243   22490    5177   28586   27935
   20440   34847   14537   15859   28515   33506   36351   14569    7426   28238
   30731   33414   10319   33536   28591   20590   18434   15712   12103   30734
   28624    5048   15021    7097   30418   28917    1700   36962    6987   26392
   17427   35993     920    7729   18372     667   35526   28434    4477   23101
   13731   27402   15715   14490   27054   16619   30038   18653   11045    5728
    3312   34682   32984   19383   35323   33859   13325   13822   21468    7002
    7315   24851    1890    8327     621   13159    8040   17743   34788    6821
   26179   16248   34083   18922    6064   32346   26962   17521   14381   22005
   35054   27943    5989    4376   16857   36822   27020   32679   14691    1036
   14521   24239   33873   10034   34410   11922   24211   28064   34999    1507
    7687    6575   14754    3239    6438   10033   26893   21760   28623    9725
     773   33338   26139    1724   35418   26435   29004   33695   32400    1441
   26598   36230   33465   16287   27766   29797   34253    9370    9551    6686
    1952   17882   33843   11044    1606   30909   18422    9337   34650   36036
    2504   16827    5481    2749    1459    3185   22114   27041   33176   28431
   11271   28597   22139   32351    8920   16576   26165    3855   27833   31656
   19821   35639   36856    4188   26961   14841   19111   33690   12472   25751
    8479   26695    6014    5025   15348    3352   22343   11533   16020    1554
     967   10786   27064   26539    8256   22110   10693    5698   19189     391
   18317    2153   34794   13654    5240   29338   10601    6519    9056   16325
    4447    5603   12954   35757   32643    8872    7052   28925    6135   31700
   27500    1944   35518   32049    7761   15869   26099   36911   31831   16697
   27722   20134   30955   19788   21949   32978   28793   26177   28560   31453
   29540    7063   26172   26227   19466   25091   32618    7090   36942    6907
    2035    1127      19    3656   12044   10572    3481   23810   25325     731
    2777   32039   14346   29745   16932   24085     448   25177   24844   23750
    7662   11072   26752   17125   13402     142   30291   16375   11536   33756
      12    3949    2244    4224    3284   17168   26034    2316   25972   13567
   18907   18727   28139   21350   26608   14133   14711   27473   13516    6479
   24369    1933    5725   11888   10459   24198   16009     837   33526   30827
   11531   11079   26157   34150   35133   18743    6508   17815   13664   34462
   16769    1771   13034   28755   30333    6880   15119   31218   31266    3293
   25712   12842   15051   10248   25758   27682   34644   27344   23910   19650
    3308   30109   17314     566   13256   16644   25710   14298   33091   30302
   35346    2723    9423   36033   17111    4461    5743   20504     981   35839
   26756   29097   26551   14220   12804    8481   26732   28174    5427   23786
   12841   12314   13881   11192   35511   13203   22954   32466   13590   28107
      20   36113    4230   18823   13987    4452   24042   31840    7975   11930
   28179   10688    5323   13652   32478    4232   20794   27581    5101    3990
   13111   13860   12978   36329   22050   17525   29875    2252   19872   27216
     574   21563   36094    4500    3772    2179   10805   11817    4122   18235
   16420   25836     581   26986    8432   25116   20961    9662    2349   25642
   11080   18007   18045   10524   30758   21336   23196    9163   33319    1579
   14462   10619    2029   34041   26430   15193    5791   28829   12815   34629
   13841    9680    9744   25125   34404    7509   34349   35314    2365   19465
   25230   12530   28570    7000   19027    7458   26569   32517   14139   35497
   23577   19580   30118    1893   14395   29490   11171   20975   35136   27038
    4035   20438    4616     758    9234   32566   10540   16473   12000    6468
   22184    6728   20049   18738   23445   10494   34446   28381    3844   18163
   11490    8962   26479    5271   16330    6061   13379   17981   25431   12471
   36126   16193   24540    6878    7930    7901   36955   31168    8267   22690
   25911   32404   25179    2941   22097    8722    9721   17937   21471   25023
   19952   16445   27959   18201     950   18061    8957    8619   24467   35949
   20890   22202   16276
