   11538   19767   26129   25258      52   25065   12136   25263   33901    1442
    4198     957   11979    4856   16505    1450   14985   32635    7205   34330
   35859   12509    1628    3612   19482   20624   27719   14657    1466    6911
    4264   26315   32767   21606   25039   23391   33511   25805   30918     212
   36567    3494    7607   16177   33453   17576   35802    6750    3262   21113
   17845   34172   26069   27820    2255    8685   21750   11252   14507   22099
   20095   13978   35804   24764   28333   22787   35988   26407   18487   27747
   16089   17664   36236   32521     809    2011     857   22928    1641   14823
   28329    3988   17894    6236   20055   12715    9758   28592   29200   12820
   10205   32985   12885   14889   33109    5565   22628    3793   17126   24847
    3031   23686   13709   12542   35468   20355   23740   33651   36213   32099
    1908   11688   11197   17993   10932    4175     346    6995   24680     174
   17971     250   28620     377   35057   33814   23402   14308   36916    6134
    5846   22814    8641     943   20038   21175   16862   16565    9814   28164
   31807   13904   21748    3368   23492   12943   30821   36749   17813   10206
   34542   21997   26555   18324   17626   26238   22320   29157   22491   23665
   21771   33438   22801    6590   20118   30875   15479   33730   15845   26082
    6682    8765   12779   24676   27905    4104    8419   13689    6841   10798
   31210   22828   25168   36524    6578   28910   24416   23446   22197    2640
   25614   15800   26332   10814    3638   15867   10289   19812   11709   27142
   24611   13746   28104    6316   11186   13653   21989    9745   19421   22798
   28520    6369    6130   13279   23753   19574   23698    5005   34902   20316
   34119    5498   20693   28102   19999   34105   27816   25553   20545    9989
   15431   28635   23613   26076   26466   23135   17501    5122   10651    9752
   11395   10602    8486   34325   36160   28221   27793   36812   24142   32798
   28005    3900   30863   15736    9568   13267    2970   16546   34396   36663
   23193    8246   19247   14044   34707   11249   30239   36690   24641   15168
   10907    7303   26400   24402   33627   11332   16289   32721    9154    8098
   29306    6222   28682   20319   19765     771    6048   18523    1936   10904
   33408   17310   19955   35573   29760    7482    9293   25892   23998   20017
   26354   32290   35629   21072   34352    5711    6049   35989   34955    6790
   22784   26957   11843   10627   17963    7374   22226   11870   24770   26401
   17163     146   29512   36872   10176    3722   23187   16160   33766   16970
    9899    3196   30464   14770   34811   15137   28511    3660      42   27400
   25720   34907    6150    8090   24948    2921    1694   16222   19121   20920
   13820   14170   14360   35753    2567    5956   32088    5751   14454    5651
   29396   34100   26204   32617   34960    8476   11385   20322   26920   30420
    3768   12647   12225    3571   10525   14583   19809   26324   32454   36121
   28385   24425   13871   18241   15709    7125   34398   25974   26535    6000
   17259    6583   15704   28973   14312    8762   29195   29703   27314   32936
   10214   14518   20546   12867    3805   15842   33190   30466    1550   19098
   18528    2485    6234     602   21733    1698   16760   30339   16948   36326
    1905   32033   28468    4904   16674   30300    9145   16869   23304   26404
   22936   14288   25238   36699   18268   33568    2900    3020   24364    3486
   32187   29635    3109    5722   28437   21469   19938   28937    7561   33782
    5181   28132   34903    8851   30408   28887   21588   32653    8150   31624
    2276   20751   20528   30852   18252   15299   12212   11852    5207   29176
   23504    3898     948   34832   30619   19857   31022   35164    3153    4273
   14570   36001   30620   33857   34017   34475   25102   21310   27454   19453
   35675   32104    6491    6460   27616    4243    2671   13096   25353   33555
   32967   18814    9375   18433    5220   32896   12272   30225   25104    4867
   34916   28584   26845    4492    9315   20730   25053   10832   13257   15275
   34409   16158   30670    2058   25296    2653   17769   23565   12101    7330
   34308   11076    9717   20665   16848    9951    8804   20013   31265    8950
   29826     210    9334   14047   33378   16841   11990   10611   12202    5889
    3201    4391   25880   27339   25887    2659    5631   14210   18925    6231
    1842    2745    3994   14510    4284   16007    9638   32250   10516     891
   34571   14934   21864    5469    1653   12892   21909   30512   16788   33035
   28606   15255   18941   27835    6953   22392   11510    4943   19863   17236
   11188   19191   22618   12184   33571    9363    9178   25221   23273   30402
   31057   25324   17210   21404    8350    6446   25922   14660   31369    4371
   23787    4011   32932   35392   15603    1804    7849    6233   16363   33658
   21366    2523    3796   25022    7287   24744      41   36109    1457   12111
    7086   16677   26266    9332   31405    3094   33862   17034    3123   12132
   16011   24052   18595    9695   15278   10157   13075   16805   33222   27792
   26025    1200    8287    4346   12392   27677   33928   35419   29390   36098
    5671   11015   23724   33003    8745   22170   25757    7113    1380   18424
   28300   25056   22013   33771   17460   19597   35469      37   34972    9826
   12874   30950   32770   28898    8791   36968    8436   27740   10222   34671
    6478   15012    3947    1072   14834   22899   26673   15729   13004     619
    6505   14121   25700   21283   34775   25216   25965   34159   18450   13688
   13400   27148   35862    5238   20566   21094   19608   17371   24649   22776
    9409   36301   16339   30968   19407   29580   30451    5636    8313   26132
   32287   25879   14892   10381    5097   13643    7260   30405    9446   34835
     815   19997   31902    6203   14297   14666    6606   35738   14211    8566
   30765   13443   21659   15835   35649   32363   24551   20175   28656   32421
    1855   13794     229   27663    3496   20786   15390   27770    6454   10790
   11355    3206    1567   17503   36227   15803    8323   11217   31699   25677
   15401     565   36353    2490   34511    8369   21461   32420   28622   25637
   13029    1751    1019   28455    8127   33332   10455   36469   17895   29111
   21826   22307   29220    3969    2027   34952   36575   12739   11183   21825
    3934   30766   21945   21819    1243   35960   32414   25683    2966   20018
   25449    9309   28268   23780   33578   26124   12363   29067   33372   25486
    6072   36246   13849   35936   11827   16029    2495   14253   31919   27991
    9977   11257   30050    1793    8787   25510   26859     322    3456   21242
   24927    3131   15887   31866   25612   33285   20247   19315   36201    6429
   20915   14390   30375    9467   21311    6687    3095    2295   11526   13078
   35348   32660    9238   13525    1597   17637   20339    7405   15664   35381
   30773   36324    1511   28239   14596   21090   31725   30192   28354   11222
   28350    3989   33849   34738    5368   16710   19771   10328   22946    9800
   11907   23501   25874   29649   35434   32876    4757   27881   14584   24550
   31964   26419   12365   13408   35182   31987   12731   11001   15844   35050
    8751   14986   35424   35425    2372   15815   29381   22635   17400   15240
   20220   15035   10863   10156   10278    7216   26912   36842   27773    8068
   29824    2178   33763    4397   32479    4890   26453   23814   19806   35895
    6055   36516   30952   36312   16664   23973   26020    4355   33449   23477
   10672    6531    9590   28379    1539   34456   11997   27013   30861    5779
   28075   33302    8078    1598   33632   34163   10676    1102    4428   15997
   11408   26244   12042   31138   18421   22773   15342   24892    6284   36127
   34830   23251   14412   24830   21470   20724   22410    7228    2019   15903
   10717    5449   30145   17635   10741   29762   33158   10178    9871   16364
   11714   25523   23133   10181   24389   35141     918    9552   26196    8605
   36891    3943   20004   30873   21151    1744   10429    1683   22520    9224
    3258   17727   22624    5678    9822   29996   23307   20925    4620    9049
   16898     668   20872   13040   19627   15777    4377   22134   18145   22522
     848   17913   13487   24532    5176    2757   31463   32637   36569   29517
    9357    8493   31066   31691   36074     125   21234   13212   27383   20303
   27363   19670   22300    9905    4987   30114   27614   25954    8513   34211
   19400   26938   20063   29844   13573   11918   17537   28677    4645   17695
    3433     704   21235   27137   11304   22247   33220    4563    5494   11730
   18287   19994   33789   21730   18315   14152   24681    2189   33160   35353
   27379    1953   29832    3164    4495   31145   13177   36816    2161   36155
    1079   21520   22306   23219    9954   11900   33858   13453   18467   33882
   26274   21706    6488   22805   16610   34915   13809   21411   32968   20826
    5472    5495   33768   10028    1708   25697   29969    9591    2939   11491
   25278    7392   20264   15657   34641   27262   11400   31464   31007   27204
    3161   19427   12561   12099   24314   34318   32538   35498   26818   13151
    6710    2458   11218    5905   24162    2771   17868   10346   14578   15565
   16494    8284   30150    5969   24456    7333   28141   21026    6772   20635
   30043   31118    1833   22991    7234   15622   13557   24856   24289   10271
   35530   12769    2933   17164   36947   16490   20960   23777   26933   21010
   30675    4446    3662    6977   15722    9557   28710   25264   14411    5276
   27476    4410   20006   30486   19041   17614   26863   32923   27675   36493
   21392   13411   29791   28895   28493   13934   10149    3173   28671   25844
   12917   35596   21111   35836   18427   29391   35139    3718   28452    5606
   36811   20444     796   11591   17257   21338   35005    2249   21353     675
    6286   10007   25730   24890   14690   10055    7807   35310    1576   22853
   10621   15509   20485   11758   32085   21052   34284   13702    7106   26523
   27323   18649   21943   25672   16499   22682   10368    6306   32856   14704
   17382   30680    4624   19125   27088    1930   13275   33407   10830   18026
   34869    1240   30282    2785   29918   20393   30777   36645   14493   30779
   14781    4799   12946   32076   34593   23397   21660    6829   27762   26558
   12985     555   33825   25399   24311   27043    7357   36898   25981   31228
    1410    3314   32825   31175   31203   30616   19702   10126    3741    8293
   31140    1095   16689    3507   36150   35781    9147   29024   18223    1845
   29416   29997   27867   31271    5774   13009   31420   31419    9819     756
   35512   16891   29243   36447   20257   11923   31844   15450     722   11794
   14091    8344   26787   26130    2585   29165   21954   18158   20588   32015
   21084   33515   23377   34260   10395    8263   24330    9641   11291   23409
   31895   20263   18755   11268    8009   20561   29586    1314    4180    2277
     257    8555   17195     332   19978    6711   18720   30908   13972   12909
    9488   28417   15179     679    2143   12837   14082   14764   26809    3880
   17478   33587    2608    2947   21822   23013   22817   35122   11869   11342
    2657   24100   32510   27994   22281    6827   24834   32496   28216   29346
   32511    1777   20686   28798   17015    7855   27001   16627   12830     286
    7709   27672   17674   19219   13714   13271   12558   13330   25520    1941
    7907   20248    4478    1691   16165    4657   22550    9780   32220   12194
   11551    3323   17017    2952   25468   32012    4745    3006   18674   11345
   25300   30783   35179   19777   19440   23628   11035   17679   31520   25755
   30441   28504    7959   18051   22482   34240   15604     288   23666   13869
    1969   10435   28553    4826   21001   10906   34341    8101    1220    3021
   33074   16612    6422   32474   35844   19261   16515   13106   27653   33367
   33891   12940   35361    3482   29475   20496   25356    5222   36733   26225
    8532   21255    4893    6441   36854   22947   16608   12520    9172   23784
   25782   16485   25834   32281    3659   30595   16554     186   24412   28055
    3111   19129   19649    4287    1369   30335   15610   19827   17940   19739
   24818    3981   12579   31241   14750    2819   36772    2364    5831   21327
    7150   13386   23677   20409    9569    7146   14815   25369   14201    7486
   14394   24775    2721   30708   28853    5768   11815   21203   23536   16510
    4426   33305     334   34721    1912   11093   27295   27859   24320    3070
    6795   24585   30605    8014    9119   26739   29641    6784   18194   16199
    4476   29449   35325   18068   27783   21011    1274    6883    5353   30919
   16484   25850   31120    5456    4342   35014   33652   10758   18361   21623
   22172   29920   33726   35730   35544   20178    3331    1745   32845    2038
   29940   18231   12230    4982   33141   13375   33094   18796   22068     153
   23807     269   16593   25528    3265   10277   17495   24668   28501   22339
   31496   27456   15328    5234   10753    1821   21189   34189   31481   34725
   13938   22752   27528   20158   15315   18476    7650   13648   29755   35947
   17578   13801   17621    5611   22748   31533    3117   24112    6448    3112
   13594    2655   13215   17745   20402   14142    6934    4974   22275   27699
   27971    3471   35174   17797   35521   10517    3781   36766   33800    9188
   16487    8394    8456   36820    9980   14492    5288     563   29806   33097
   30330   27929   33251   26216   19764   24391    8405   17392    8384   28907
   16532   12112     192    7454   18294   34473   23573      21    1929   15598
   11303   11156   11413   10960   30752   17011    6364   19902   36433   25072
   21792   27576   33197     459   27588   25281   19182   24827    7289   18754
   22867   22960   25781   23699   14304   25582    4790   29624    4788   11529
   12206   23114   22847   17761   27946    3121   19095   23828    4240   18458
   21765   33254   22671    7505   23176   14582   15785   11194   11807   25611
   33450   29297    3096   23579      66   24897   24731   21636    1280   10428
   19262   21139   11745    7246   35854   33559    7070   30913   20916    8396
    1750    4722   22990   17433   18765   35187   15320   24701   31635   13133
    1198     393   28589   19040   14067     564   27894   11052   10399   32340
   32262    3051   13192   34698    6982   13630   18661   17555   36237   30537
   19271   13210   14115    2017   26968   31213   22759   34824    5625   25276
   23513   13438    8070   25079    7628    7699   19793   30008   11496   27434
   15548    6382   17045   32706   29553    5381    2216   25865      13    4615
   33029   26059   16877    8572   30042   14487   10545   24060   29889     596
   16742     568    3776    3149   21693   26083    1455   22047   32006   13251
    3295    2041   15980   35446    2502    7878   33537    9690    5776   24689
    9828   23362   36527   26270    2291    5535   12755    9264   30461   31375
   13431   20224   28559    3098   33430    7008   28706   10685   32571   15008
   19196    9627   19208   26000   12610   13957   24826    6642   32994   32458
    7017   32008   16263    8013   31749   34820   15734   11589   32988   32777
   28795   33767    8658    4756    4369   32437   30087   29034    2081   18094
   22862   14534   10800   21947   14993   36582   23170   11181     544    8295
   34928    3364   27628    7488   36835   17791    3252   22092    9987    8502
   33748   28916   23494    5040   33870    7060   19556   29135    3842   31782
    2242   13405   12109   18453   31917   36885   10489   26601    4675   29839
   10649   13787   33027   28689   13509   18277   31215   34858   10072   11836
   29023    8075   25118    1824   33869   28743   27549   16623   25646   28161
    2991   24302   33775   24187   16496   36990   35758   27569   16702   21900
   20170    5108   12149   27548    9623   36152   18296   30804   31983   13586
   14250   30410    5829   35110     974   13328   33436   18349    7995    7546
   35581   36472   23678   24310   31954   19916   30496   20934   23630   30381
   32776   34090   33310   14567    9636   19801   12766   36449   36893   28748
   13013   13320    6045   15952   30074   19460   32786    4532   14566   21450
   13920   26507   11224   34226    3299    1435   24158    7200   23765    1559
   18752   18655   20060   29082   10059     496   14192   31152    3083   19759
   29821    6481   27333    1236    3355   26496     991   31153   17379     481
   12736    8007   21154   25270   25519   31233   17704    9806   27102    6526
    2722   22460   33784    3255    7648   22380   29804   14983   23039   27524
   33025   36124   14471   23485   29045   28881   28567   10400   34891   13854
    9534   26565   24998   29426   29069    4708    4878   20899   26482   17500
   15126   29640    3393   10062   33965   10958     733   16492   30936    1317
   21523   29256   25803    1223   10224   16346    9250   35166   36200   23861
    1742   36392   35547    3747    4853   12941   18541    1813    7602   15041
   15794   36404   17511   27853   23457   16657    9992   22839    9355   12812
    6125   24093     420    6458   18486   11957   11837   12460   33618   34054
     304   28255     900   25015   36197   34605   27705    2481   12002    3811
   25894   28068    2696   28380   16983   21990   14514    3236    1176   34385
   25147   19066   21840   13395   14837   18691   15477   19547   30878   32207
   34516   24761   32301   19616   27101   10114   30987   22133    2948    4070
    8304    8041   24040   19780   15714   24917   18367    5390    5570    7100
   16030    1711   25068   31577   29688   12151   23389   12270   24590   32914
   32204    7394   14669   22376   30078    8574   10358   16489    7453   19435
   29786    3979   17707    4144    2558   16229     266    5009   22086   11543
   33736   20298   23450   16713    8141   34684   30667    3509   28519   34062
     901   23971   14637    6515   27917   14988   10864   11850   33491   33998
   32011   34826   26934    7888    9804   22793    1832   21488    8592   29725
   21042   15787    4312    5153    2267   33776   16237    5137   17216    4754
   14603    6235   35597   15165   33592    5382   36888    1135   10339   20076
   36571   12659    6848   11325    5584   19188   10828   23528      11   36346
   13800   16630    9169   10593   32109   27566   12569    5200   14200   36499
   35797   11241   24957     876   31703   21848   15145   14094   15377   10548
   36668   19706   34774    3285    3426   19309   29734   32305   19292   23614
    4145   26470    7131   22778   17457   26641   24756   13690   36824   13287
   12839   26820   16303   23104    4458   27069     507   15117    4381   21208
   12747   18878   32179   13110   31098   12566    7448    1860   33286    3799
     482   15313   31315   20678   22487    2897   20564   26702   12338   35320
    4622   21201    4200   26294    5507   13933   10136   25074      91   21462
     806   19686    5848   24433   15939   18261    7938    7842   21402    1247
   20835    6338   32966    9042   23359    2138   37000    8880   23856    7673
   12578    7145   16211    3717   36553   28067    5512   12537    2328   30865
   12022    8713   29019   22446    9762   10383   15766    7430   25794   16666
   28461   34123   17584    8597    1235   15915    9790   29255    8412    8155
   33082    5350    3791   12452   21223   32242   31000    5437    2342    4260
   24702   33534    2630   35375   20810   24073   13272   22433   21698    2695
   16794   24459   10935   16795   10993   35479   32697   23842   18991   19836
    3715   26403   15349   18059   19153   14168    9205    4347   24912    7418
   12043   13183     994   26087   32941   31394   26741   35537    2442   24544
   17221    2420   14264    4372   10655    7990   10377   21174   15180   34164
    9045    2440   24171   25810   10818    9475   34950    4544   24488   20615
   21719   29201   18184   33487   19215    7291     464   34735   15360   36148
   32596   23281   12275   21534   19559   21718    9323    4473    9968    4309
    2637   19525   34152    6691   35286   16285   28430    5138   25164   25155
    1822   13371     382    1393   31578   35470   23482   17831    3436   14821
   26193   12732   32265   18852   26102   23862   10380   32096   26425   19156
    3602   27469    3535    9768   25385   10163   23921   16744   21536   25422
   24594   19210   17105   10899   29096   29956    6399   24833   24637   16457
     234   11993   25591   10417     852   35624    7313   20684    8311    4239
    9340   12680   31226     407    4427   17929    5816   27657    2055   11840
    2433   21066   17292    5078   22981    4004   17000   27230   32491   22040
    8773   23370     576     213    6922    3281   24583    9533   14083   28157
     111   23021    9783   12093   20412   18239    8782   23662   31221   13169
   34160    8779   15817   10625   11509    4294   36995   33445      30    6762
    9491   33610   16960   32816   34314   18234   31409    2346    6671   13578
   15645    6742   25688   15831   33281    3394   17472   21583   32717   30691
   32707   12663   21049    8887    4656   20788   29702   15481   14525    9120
   23523    3922   32440   28318    2701   11763    8184    6988   27626    2836
     919   16856    7425   26609    2184   31652   20777   20384   18824   13852
    3491   11971   25511   17152    7555   13671   26428   34897   18711   29714
     328   28357    9170   30165   15262    4690   23747   31664    4191   17785
   13428   35656   29285    8528   36972   18439   25934   34870   21591   19013
   25618    8059    3881   20655   18778   27836    1841     550   22683   15259
   30495    1717   20796    5418   36848   34924   10357   11635   34081   22302
   30699   24235   27931   32271   15636   11378   24130     810   32194   11055
   28540    3199   22429   16643   30056   22555   33599    5749   17565    5692
   25935   33620   34828   24778   21457    3671   19037   14847    7142   36107
    1478    8522   19201   24530   11235   29916   30197   20715   16164   10587
    6118   33195   23071    4034    9403    1084    7584   17194   34268    7787
   30013   33852    3473    4275   28729    2607   22000    3710   14146   23900
    5119    5392   35097   14645   19960   22934   32874   15921   15124    6724
   15812   32112   34271    9047   10177    5879    1735     840    3784    3310
   25736   15879   20226   26950   29697   34873   17436   11603   28489    4193
   24437    9531   29944   23920   28960   16334    4285    3139   14474   22507
   16247   31740   12076   16359    4836   16113    1242    4944   12570   31054
   30278   30796    4880   24027    4059   31248   16402    8252    2830    9723
    1120     844   17435   36365     424    7702   26278   10513     214   25018
   33358   27775   25069   30994   27654    3826   26615   23685   20643    9537
    2283    4016   17372   32402   12386     247   17115   30494      93    3723
   17283   33123    4351   24471    7504   12549   19470   10852   36961    1695
   34418   14911   14654   19170   34719    5502   17198   30082   28003   19681
   30348    9931   18581   11775   25480    3818   11479   30462    4019   21228
   30306   18308   35793   17028    1070   10546   18802   10442   22108   15883
   30995   13461   34722   11781    4408   14503   31842    6165   12745    4806
    9160   27533   35818   30812    8777   15876   36648    1352   27697   20827
   26683   13756    4158   12250   13556    7744   35246   32467   31048   28423
   33656   12752   28797   29686   31653    1792   21963   10364   14756   10083
   29987   31301   31360    2301   30566   16813    2382   29276   26633   10764
    1075   16175   19015   26924    6106   11438   18040   34968   25722   15661
   20480   15520    8472     171   33067   16620   35855    9425   23594   11504
   29846    5804   18557   24900    9550   14052   28924    6244   14573   17394
   29870   25414   26611   36987    8981   20717    8421    1854   26521   16996
   10351   32814   11460   12371   17590   24387   35415   35607   10186    4012
   34354    1644   24079   14003    6096   10678   11412    7697   15098   29970
   15100    9518    8731   36956   27962   21878   14028   30131    1337   22756
    3249   26919   24222   10883   29063   35100   16133   26910   11243   25860
   32930   29447   22540   30028   10099   11140    8567   28359   20097   26365
    1992    4545    4960   19680    8494    3014    9029   18473   29127    9037
   32494    9041   31459   20709    5513   33505    5998   16455   35228   15955
     387   26773   19552    7802   28931   14396    6168   36672   21853    5184
   23374   27059   17925   36539   18913   32928   12020   36242    7173   35181
   27771   19088   24619   36162   27809   16272   33493   11525    6589   20640
     293   17784    2078   31859   14541     182   35146    2867    7018    4700
   25200   32916   25358   25434   12029   36587   27287   32133    1663    1662
   26684   28933   30666    3745   16915    2704   14219   20582    5111   16617
   33700   19713   30257   15742   12038   34091   36439   31857   11909   29394
   35567   15406   23907    6869   10256   32450   25354    4937   21807   34020
   23870   34228   24397   13536     629   27514   20216   30693    6467   32891
   33535   24232   13589   23627    9087   11168   27308   21423   32654    7695
   22605    2925   28568   16843    5555   18065   13644   21546   28217   17418
   11336   29722   26738   30780   33531    3282   10695   36655    6905   27431
   15885    4308   22391   28063   29681   22707   16866   13754   16440    4139
   18019   30088   10043   13864   21784   35548    7835   17881   35829   24002
   32756   22648   23934    4805    3146    3472   18985   24371   24884    6028
   15134   27996    1203   29931   24253    9373   30484   21527    2516    7519
   27806    9048   16953    3809   19592   20299   25233   21133   25481    1748
   29370   36101   24797   16442   35705   29669   27990    5996   18946   34931
   27742    4571   18129   14765   22152   15032   25299   35604   29210   26402
   24427   14555     723   18052   23015    2238   17078   35101   34866   32759
   28697   13492   34549   13390   35262   31952    6052   27521    1964   34792
   14012   23667    7306    5105   29017    7438   30548   31526   15394   32267
    6492   29226   23897   10490   18371   27240    1119    9050   12910   23308
   20468   29302   33032   17530   14392   18797   32241    1146   34541   32227
    3438   29329   18806    2224   18706   36330   13645    3483   10667   11650
    2323   19487    2438   28940   10507   24054   13571    2048   12574   24511
   18182   24329    9459   29128   16615   12546   17944   30002   14744   23835
   10528   25277   19459   28725   28176   30871    9688   19296   22477   18190
   36250   16580   28953    2813    3849   28872    4550   19950    4934   16190
   19816   36443   25002   22210   27573   31257   21629   34570   31479   18085
   18008   29715   14418   10615   35682    3041   33603   11941   12001   19193
   31174     358   17598   10579      85   21744    2084    6766    1545   33890
   35908   20320   32343   33482   36420    3324    6077    3789   19183    4095
   34896   30111     375    1596   26438   32670   14882   28518   35876   36067
   30367   17880   18934   20476   18299   17979   30119   28882   13165    2428
   15161   27127   23561   34401    5540    5403   15574   12758    1333   35074
   16968   14509   36452    4382   13476   22107   32840   12083   26498    4430
   29378   29754   13662   14402   17843   20090   10296    4852   12085   30749
    1780   14184   30870    7830   31886   22652   24163    9088   13596   29144
     179   18533   24640    4336   19582   26604   34307   26761   13312   16721
    2824   34397   14771   18955   11983   16486    5168   35426   26077   26974
   29153   27673   36243   13392   18411   25370    4793   12886   13232    1151
    7754   25293   25993   28048   13260   33583   31187    4088   13317   25846
    2572   23626   36696   31546    2167    6017   11992   25043   34073   20903
   27715   14894    5284   20189   17516   35471   21031   10531   34237   11806
   29632   34566   35919   35218   14429    7393   20370   34663   26792   34994
   33598    3441   35764    2505   15427    9832    4061    9937   11816   12454
    1706    8012   13865   27553   27097    5975   22288   23800   34956    4687
   31503   26208   11826   32613   27162   35421   19555    6680   13061   11147
   19238    1709   17770   29545   18909   28968   34479   36988    1537    5635
   14131    1064   16335   25225    6449    7991    6320   15496   15080   16500
   32354   33739   34199    8681   13727   35178   21729   21625   34204    4824
   27377   19527   34468   31890    7860   22695   20186   22511   27583   17905
   32172   12523   22656   30161   30436   35210   20235    9140    9736    7325
   12251   32059   26359   34296    7848   20552   30084   35934   22353    7576
   21420   22265    9687    7518   15561   34394    8134   16374   31018   31297
   10823   20177   17171    1753   17947   13661   22739    4764   13771   11742
   17858   28684   31010   24924    7577   33010   16589   15049   30447   18876
    5962    8137    1447   15594    4684   23948   34246   16147   18412    4311
   20659   18813    5937    2215    2575   33584   21170   27166   33582   16972
   18686   28195   33262   16791   29186   22694   20103   36813   22417   24626
   18836   34507   19254   16139   13439   21631   25696    2556    2628   19147
   34560   20888   26547    2034   19762   18980   34305   15213    1130   21637
   32170   32986   34961   19122   14760    5762   15856    8783    6719   18097
   19472   11623   12052   27728    1816   26889    4310   25578   16680   13489
   19704    4783   13735   19408   32556   18971   29187   12417    4691   18849
    7120    8484   30395     897    9583    3381   17482   23427   25273    8923
   33207   25195   18772    5652     272   24574   25959   36203   26755   12816
   20526   28428    8057   20945    7777   16714    7982   21080   25475   21850
   25239   20238   32752   28418   20519   31505    4048   34180   18409   36740
   15621   25182   26314   29222    4045   28576   15107   22168   21720   15064
    1839   25784    9400    5589   20268   27738    1017    3706   18601    1286
   29208   32498    1587   31426   35529    3640   36335   10664   32069   35175
   21896   25660    6146   27401   19846   16818   30887    1835   33170   27981
   36415   23729   15630    4566    8028   26669   32068   36973   33105   11811
    2990   22818    5824   17662   16801   19288   36114   25435   15780   21515
    5268     423    3825   27292    8273    2533   21512    1677   33089   27671
    3023   10851   20818   30368     635    8471   14296   17328   27702   24878
   31959   13535   23488    4776    1869    9493   22223    1109   33847    2711
   21495   28427   14885   34822   21032    8362   35351   19418    4099   36830
   30059   36564   23230    4295   29236   20219   20718   15022   25494   23812
    5957   16209    6602    8564    5301   12993   35651    7531    3620    2809
   14953   30391   14800   29330   35849   20609    2459   36566    6630   36264
   31865    6920   10767   31884   15356    4686   32893   28099   20871     512
   30417   20521   26305    1444   26431   17798   32042   30513   26969   29959
   10777   16149   10893   15412    6426    8490   13684    6255   14070   35603
     790   11689   20141   18321   19284   30820    1365   25474   16157   28994
   35010   24881   27889   12547   31521    1728   17287    7671   18213    8234
   35916   32843   14842   17932   34503    1585    3498   19087    8124    4463
   29891   19741   36154   23437   13522   16342   17261   25460   32676   35950
   18532   24716   21379    8193   29654   20520    7134   13549   14783   26313
   17776   25420    2151   35816   30105     797   32865     123    3676   25705
    9462   13542   11394   13784    9885    2730   17218   14426    9384    5575
   17600   32350   33059   34587    2145    9727   20851   13580    8336    2660
    3366   14714   19419   20995   36538   16273   19631    7014   16015      57
    1939   14634   17986    6288   22419    6253    5376   10069   14465   28580
   32507   30651    7116   36436   18861   28353   11607   27501    2418    1449
   29038   28883   18613   24087   23924   24313    1865   23127   19967   19112
   22525   19353   36769   30032   13175   16966    2499    6843     215   20924
   14652   13880   28987    8602   11754   13449     302   14221   12046   36869
    4648    5067   18333    8579   12139   36115   26721    9685    2691   10433
    9920   25095   10415   10408   36040   36139   29951   28187   17967   18180
   29081   21712   23460    5675    4023    5727   32280   21704   36028   34697
   11675   28420   22260   23338    8156   16950   24084   19422   12686   25957
    5780   19290    4049   25589   33636   36057   29066   24251    6807   19234
   33641   24710   31881   35465    7551   10264   24839    6462   31549   24124
   24746   26679   11179   10060   28492   33809   20594   32222   32818   18591
   14496    5354   35602   20697    8670    3097     701    5876   25093    2201
   23341    6916    5482    2591   29173   22344   25387    7377   17110   12143
   20570    3345   12948   14685    5076   14681    7774    1619   11446   13093
   20368   16184    9972    7038   22558   14629   35333   35003   14650   33292
    1819    9469   15619   10713   17083    5893   16782   34672   33833    2801
     279   35907   24475   24191   17536    9022   11351   32624   25395   35945
   33612   15959    9046   27232    7839   32809   26911   36125   31832   15062
   20586   30661   23999   31032   17306   34089   23346   12688   14928   19989
   15354    7996   28549   19341    3533   22369    4873   26867   17566   21837
    5923   22409   30685   18269   31081   25477   24956   32182   18784      31
   19699   31783   13467    1959    9371    9575    9897    2293    4785    2632
   11641   20652   13205   10922    4402   31083   21894   22786   26872   20311
    3453   30656   29945    2253   24378    7544   24906   18701   35247   21023
   25766   25314     716   17749   35552    1673   26212     877    3773   23320
    3219   23533    8211    7693   15055    7459   32553   17153     126    2397
   22372   32460   14571   25017   33525   21070   15384    4171   16290    7747
   34382   22205   13043    6861    4663   17422    4688   26432   24922   10666
    6418   15698   15241   30837   13154   35580    6668    8312   12638   36746
   20486    4660   25651    2829   13991   12996   17448    6617   24321    1397
   24092   23830   28741   13347    4027   19280    3028   14676   25707   26804
   20082   30040    1752    2324   23454   32908   31818   15539   15436   12512
   21312   35958   14046   34206   33405   27317   14891   24895   28272   10152
   17883   26833   19244   28981   22597    4103   25222   25229    3141    4644
   30132    9887   15646   11937    7066   27492   21197   25919   34101    6726
   19308   21647   33517   35035    5859   29098   20524    9034   20449   27078
   14104   25144   14984   18612   13024   14182   17636   28648   11670    7481
   32264   33047     717    8750   11392   22925   31047   31090   31465    3160
   22592   35075   14035   31313   15753   35555    9839    5655   36083   12483
    6386   25525     536   28496   17070   20592    1665   19007   13545    5372
   29947    7033   22962   32005   29269   17316   35984   17683    8451   18345
   33639   34474   27743   16383     984   30250    4423   35516   32996   36192
   15013   28289    1945   33556   32683   36625   30083    3526   13485   27413
   18238   26027    5809   23340   25247    9961    4432   36204   33697   36317
   10031   18793   15355   11191   26486   24880   16323   24599   23027   18863
   25936   15139   34743     463   32274   22412   12813    8835   22303   36536
   30761   26263   22712   24929   28309   13261   21711    6415   12912    7595
    3622   25598   32145    4345   21524   13723   26366   21328    3978   12835
   15829   23526    3181      26   33738   25659   31474    8052   34443   23498
   27245    6445   15506   28491   10961   22999   17607   17376     120   15343
   21249    4253   32871   13701    9275   31792    4565    4412    1829   30491
   21618   14476   17421   12018   11255   35283   22418   34373   10608   25644
   16305   26288   16153    7603   34182   34239   11146   13908   12655   33729
   21787   26977    3920   35185   15618   35679   14134   34466   17302    6669
   31470   24454    5157     416   20951    2101   20122   23826    4970   35199
   14161   18647   13817   10094   23382   28446   28847   28856    6196    7981
   21453   34905   34640   25492   22894    7553   21575   21612   22271    4398
   15592    1669    4020   33185   36103   27562   19532    5432   32223    3840
   13523   36839    6298    4356   20748    9538    1746   20750   25365     715
      77    8640   27714   28015   35812   27540   16217   11250   26286   21466
   14432    9431   10168   10102   20687   22072    7437   32283   28034   19174
   18154   11760   16350   21844   17053   29099    3242     149   14171   28111
   32159   36304   11928   21899   31095    8692   12245    5726   24038   36780
   14625    3802   30510    4641   33124   31390   18251   31512   15602   26097
   33312   28361   32972    4444   32849   18211   24978    7391   27122   31633
   32021   18250   36131    2936   28848   28484   27116   28683     881    5552
   18125   15798   23396   12367    3932   12040   15048    1722   13069   21658
    1077    4918   28516   26290   12502    1894   27541   35339   10146   34553
   17396   13846   24336   16116    2956   36458   22002    6043   33735   25470
   34805    9906   17713   15081   22294   15586    5428   27251   25620   15957
   27410   12811   11346   34772   16892    1038    5984    6786   27723   31410
   10344    8216   16770   34914   16965   28415   18203    6281    5501    9122
   35008   29477    8708   11524    3725   19676   16467   17385   21098   31199
   21240   13018   17569   15904    5772   24503   19833   17401   22106   23918
   26322   27414   23149   13440    1981    3617    9245   28311   34834   35222
   10362   19194   19930    3738    6296    1267    9383    1983   27735   31385
   25246   31529   18575   23679    3039    8046   33137   23878   20675   32518
   35462    6809   13826   26795   25661   10131   28402   13187     394   30970
   16378   13053   23211   34280    8563   15467   22158    9982   21087    8918
   12431   28246   12324   29275   18160    3168   14342    5680   29444    9907
    5637    1873   19750   29858   18488     260   35828   20867   20509   29748
   25373   29474    6472   32497   18509    2434   16311   15014   30687    9914
    1504   20108   32879    2343   19486     395   25714    5257   33489   23025
   15558   34186    8795   31978   29653   17777   10492    1518   29671   32592
   14869   31062    6370   22277   16974   22439   36291   20373   21146   21374
   10947   15289   28125   26488   23519   29214      16   19320   19575   24888
   21959   13012    2631   29029   23328   24291   29336    2429    4839    4489
   30256   34882    2393   18391   29291    8401   15560   28315   15743    3084
   16441   24669   12113   22499   35052   27543   34010    6197   21225   20927
    9054   35606    5196   34543    2698   13867    9441   12789   26853   36586
   32560   22235   11863   32185   13741   29998    7785   22070   14715   23051
    4984    1147   17321   11661   30322   11300   26630   29637   21083   24482
   11913   10297   29065   22630   21635   26892    8102   28032   16225    6308
   26234   15418   16820    7440   31883    6580    9896    8306    4270   12211
    9773   30745   21667   20797    6896    4072   26868    1972   20813   14779
    7317   21260     726   20551   19065   31041   34974   19599   16700   16851
   14464   22987    8372   24647   26740   32392    7046   35245   33661   14717
   33954     199   26901   30326   11690   15917   26297   25214   19277   22248
   14653    7064   10216   27002   36179   35669    5186   14935    4202   15763
    7429    2589   16331    1141   35398   30518   30471    3475    1246   23941
   26595   16391   10120    5607   29867   36414   23117   27970   10434   27940
   19654     365   36950   24422     587    7568    1649   26418   12157   27907
   13356   14087   35843   35903   22468   25421   16096    4514    1919   13220
    1340    3198   35878   12823   34229   18232   32147    5346   29898   18689
   11353   35056   31006    7151   18131   15016    7411   26370    9492   33749
   27964   11167   14673   15264    9756     944   29183   13311   20452   18017
   20617   27508   25193   34218   29946   24164   10166    8683   15750    7689
   20690   33626    9675   24496   29936   11102     107   11513   12034   17048
    5756   27729    8829   12711   11799    8799   16609   28982    5901    4370
   11828   18426   14145   12373   21007   27028     539   20067   17166   22794
    8906      54     851   19932   23430    3580   11150   17120   14695    2150
   22367    3384   36658   33476   29583    8442   10495   12857    6164    2118
   14778   10466   24415   11427   33668   11246   28266   23758   25240   31516
   16761   12150    9116    5179   19046   27139   29316   33102   28375   26316
   16239   32019    4817   25931   14766     112   20113   25268   20969   13857
   26026   24976    2313   27605    3560   11326   11095   20341   11017   14731
   32744   24845    3872   22958   20329   36398   19263    3600   18718   36485
    6705   10006   33686    3537   16389   31471   31031   13788   30009   18683
   34207   33410    7818   18563   16836   17801   21818    1512   23074   20784
    1520   13521   34019   33412   14943    4136     390   20804   18987    9788
    6259   33373   29527   29061   22613   13193   26377    4338   30681     583
   15907   33806   33336   13963   11637   32258   16874    5415   34868   14208
   32303   24059   10309   23619   10729   18906   16705    3539    3322   19878
   14378    7921    7999   32046   19417   36788   20385   27215   36855   33834
   22358   12536   15484   34336   32235   22640   35982   23473   13781   16978
   33231   35438    2202   25905   11158   20650   11616   11315   27661   22400
   26113   30565   18202    5979   28306   28040   10291   10582   34815    8343
   10276   30479   27600    8739    4795   21051   15527   19786   36356    6082
    8077   31104   36411   28324   16405   36410   20657   19894    5015   26753
   31435    2376   10209   13228   18735   16661   36331   26733    3399   19345
   23860   22470   21437   33221   29440   29268   16296   13089   10780   15552
    7168   12642   18479   20147   31169   36025   21059   31525    6140   33334
   10496   27065    9672   32038   35305    3508    6960   20426   32320     579
   21343   33957   23105   28248   11335   31122    4583   20575    7207   35874
   18139   18440   31837    1704   34056    2611   36011    8763   11767   29535
   31101   22199   36841   25885   22014   11184   20051   22611     148   24635
   27315   13733   24452   19163   19114   33177   33509     989    1681   10410
   18917   12158   10980   12833   12008   27717   24883    5213     753   14318
   24167    8888    9818   36711    7784   21460   21300     817   30301    9382
   25220   15950    9168   16422   16215    7378   19166   25716    7254   22588
   23052   28182   10665   32620   20859   19829   35870    2127   15441   36937
   11544   26696   13201   28454    5383   33987   13334    4511   35638   31247
   28378    9815   35820    9548    6968   25160    3049   28100   27342    4736
   10075   16288   21137    7419    9335   35589   13816   14897    2206   34493
   17180   25322   15411   17268   17184   23608    2795   27590   22365   28649
   27242    6254   25926   13070   32665   13333    8596   36928    6834    8843
   18969   14446   23620   12435    4647   32520   29567   16600   11830   25542
   12913   30164   29025    3927   27709    4425    8266    8325   28866   34173
   16459     417   24809    3088   34536   11700   14025     303   11976   28811
    9910    3779   13423   10898   35959    5849    6510    4716    9003   35700
    8929   10647   16799   27033    5832    4521    4539   16271    6763   35618
   25140   28060   16665   22685   14441   29573   22503   23098   25985   24648
   22088   26988   18006    2539    6162   14386   32132    1104   15492    3967
    2248   25054    7460    1843   17657   10427    6618    3591   24257   21743
   35774    1667    6450   36512   18777   29028   17931   26519   34708   14688
   32373   31808   21375   24603   19733   25792   20722   36172   31631   18604
    5218     757    9588    5973   11813   19461    2852   28054   16125   35161
   29796   31361   29650   27481    2071    5203   13693   17167   28665    3674
   20232   21893     607   29805    4596   29085   23448   24852   25389   23821
   28720   35322    3019    7074   19751   24499   27149    5658   28047   11127
   34874   29999     108   18503   22151    9673   10049    5536    1889   22730
   24189   32475    8987   33394   29718   19985   19695    1108    5316   28661
   14527   17280   13923   36641   27786   18923   19480   29491   19707   19923
    2944    3751   33640   10857   14809   33216    9399     996   30753   16200
   25827    3973   20304   36019    2511    5554   23734   28457   30700   27438
   11344   11679   22617   15642   22094   32175    7218   28259   19062    6229
    7305   25461   16161   25384   32979   15499   16223   22377   16633   32331
   18958   26093   10801   24045    6484   22951   24380    4493   34699    3704
   20478   17489   12302   32812   11021    6812   20968   11211   14855   15461
    6190   25907   25326   12349   24048   35359    6071   28803   19884   20729
    3059   15825   36833   35301   31121   11417    1773   15587    8954    9080
    2100   30540   22430   15672    4218   34018   17855    2875   30143   27090
   22856    6930   36623   27978   26060    7253   30246   24729     700   16731
   30615    7154   33072   28654   10821   19892   21892   34736   25840   32541
   33026    2447   25995   32813    3457   32050    7423    7007    5770   20837
   18648   26326   29289   35779   14472   12240   17507   24481    2909   17272
   15456    8083   11645   15932    4627   27457    6487   21456    1638   13546
   10992   26687    5746   26991   25219    4401    7281   26118   29003   10926
   33842    2154   14202   34638   29227    1647    5127   26436   15285   29885
   35231   29719   21276    3274     646    8810    2290   27159    5972   20994
   18656   17790   24423   10799   12319    2693    9535   14745    6239   24678
   24973   33985    2789   15694   27311     150   23085   29636     419    9856
   28392   27429   20291   27145   21269    3997   12441   19035    4203    3890
   31406    8111   27004   19306   10195    8542   23610   18707   24338   20702
     348   11425   17104    9028    4366   10467   17763   33840   30692   36026
    1692   13640    3517   15372   25167    7733   20454    7599   20420   22760
    2282   11798    4895   29492   29742    2094   32729   24733   18470   24886
    4971    3733   32072    4400   30449    3604    9174   21736   27655   26831
   13396    9477   30178   25534    4379   13568   25558    3657   34166   20115
    8272   34319   12717    2402     101    3008   28405   11282   25533    1610
   11236   11834   35412    5072    1809    5729   23331   19909    6357   13486
   26001   31780   13313   29092   36533    2099   19641     335   23436   35403
   30755    8321   21445   15612   14728   35868   16242    2620   32782   14431
   18301   14383   12129   19678   13382   32726   33552   34831   19747   34565
   22123    4393    8349   35219   24771    5416   35458   18365   30325   18002
   29829   28441    5765   17859   22426   24170    5471   35195   18526   10771
   31912   13968   34212   30831    8251   32614     458   35249    5266    1899
   27866   33322   19728   26672   17819   26973   28443   33268   30204   30902
    6609   31573   25192   34639   36693   11949   21089   21902   34338   19115
    6176   32409   31734   16688   24695   19176   21009   27338    9019   34911
    6024    4262    4784   14924   33148   10023   19492    2129   21913   33540
   23617   10139   30823   27551    8553   10474   27782    9424    5736   32113
   29768   22536   33291   17365   17973   27201   33387   14907   36441   13964
   26529   27343   30737    5485   23806   25852   26650    6059   12357    9883
   30639   11659   36198   27318   19688    8925   10532    8937   11707   16086
   16322   24317    8559   17455   34981   34031   24563    9195    9827   31600
   34782   24147    2186   36345   10392   24259   11421   34702   23290    8813
    4071    7314   19540    6516   15111    1926   19171   22228   17127    5574
   29793   35378   11058    9975    7738   35636    2623    6173   27462   36977
   13615   33854   22984   22823   34890   32379   10337   12571    4362   24116
   11253    2642   10831   27289   15489   24233   25507   33512   23375    3964
   20321   22006    6729   26240   10020   27765    1201   32231   27746     642
    2284   12725   36165    8770    9973   23817    2756   33961   14480   25166
   30726    5107     444    7718   10306   16743   26089   23769   16506   36944
   34129   10626    5686   14076   34283   24104   13829    7128   29439   13997
   33451   18529   24476   15192   29401   12414   29373    7163   23243   34210
   24601   18449     871   22298   27896    5799   18577    3290    4231   16031
    6230   33728    1787     652   21830   25859   34313    1304   21063   21444
    2187   16010   30817   15517    4443   34162   32915   35280     168   33166
   18454   13380   20517   30833    9246    8816    2174   14349    2638   10658
    1895    5925   32600    8105   14793   18383   34780   10488   22723   22904
   26070   33805   14371   36295   19689   24989   36556   28031   30361   28053
   26220    5750   26904     727   17725   24735   30899    7681   26267   34844
   12313   20548   34979   30859   11934   34258    3024     271   15256   33699
   18870   29893   20371    8823   20162   23421   30170   20547    6657    6172
   13281   17689   33224   22461    1880   22279   35260   11501   25410    3119
   16834    3630    8556    2981     551   31336    2988    3734   17342    1902
    7312   14079   34987   11382   18830   19701   27115   35727    2379   19067
   20192    2858   29589   33812   14407    8018   27979    8244    2654   31219
   13898   27494   35253   27450   14686    2155   20814   29278     868   26119
   16080   29005   24115     341   35704   17339    3105   23137   32139   24864
    9372    4573    9509   23265   14839   21322    3658   19138   31711    7139
   32232   22687   25893     523    5950    6008   36257   13832   10000   21449
   25597    6899   15000    1087   32268   31608   18994    2149    3300    3081
    7078   19763   29013    4085   12757   27248   13903    2621   14803   10720
   12169   28806   26667   35453   33786   22036     355    9434   11121   31273
    8201   26045    1192    9862   13877     219    7068   22616   26860   19828
   27300   16691   17705   15112   21185   32077   26525    8898   22643    2400
    6543    6319   32378   17714   18554   17426     117   25521   23094   30342
   24817   10877   15881   14061   23420   12456    2592   12938   22041   22175
   16370      80   13463   13202    9285   30243   17667   28809    6005   18798
    6727   22838     230   20723   22136   25713   19337   22221   28304   14090
   21831    8893    2075    4744   12677   22195   21118   30470   18259   25092
    7968    6902    9600   22857   20901   26389   26745     759   33455   36643
   36525   25999   29091   10273    3129   28207   32991   10082   26013    4950
    1757   33210    1796   20489   23379   13227   15884    6395   29683    6588
    2718      70   26231   13127   23578   28615   15644   14319   35599   23003
   34564   29123   15094   10235   30356   32333   17201    8386   30162   11654
   15962   16025   10739   25870   27365    6069    6211    4100    5045   19398
   31106   22234   11757    3647   27448   14563   24714   30467   32107    4881
   15099    9765   33563      87   11805   24298   21413   28319   29279   24023
   26223     492   13135   33884    1515    6171   34554    4498    5341   27276
   18403   10484    9182    2967   33659   30058   16132    4318   22278   30236
    9605   34898   12810   36563   26054   25126   11943   32619    2223    1668
   36514   31205   20852   28715   14187   20953   17685   16849    7950   24853
   27837   20379   14819   21868    7152    8607   23838   20508    8890    5037
    6029     241   30905     685   13776   36205   10432   29582   34838   30185
    4505   30763   23502   11356    8562   17907    4488   34718   33106   18534
   36002    1252    1540    7582    9021    3015   11642   27264   22178    1938
   32947   19830   11398   12137   24752    5014    1420   33279    9055    6810
    1911   15516   28360   17284   10293   35778   29121   26560   21043   30492
   26989   25046   17241   29921   20965   32515   10796   17627   21852   27523
   27811   19145   30579    8081    4334   27651   35569    7960   18995   14439
    2056   11372   19047   16328   26031   16967   31668   32574   15458   28736
   27510   25021   36043    8504   34962   12793    7077   30992   33606    4292
    7556   33131   14458   10371   23857    7293    6689   10918    6022   13002
   22132     794   31654   14874   11945   23688   18831    5778    2247   20557
   18014   12528   32278   22562   30806   16591   25189   16956     130   30801
   12691   27482   28479   15940   26142    4435   30855    7075   32819   13647
   25967   27915   31038    3224   36939     285   20776   10409   31704     263
   10493   15571    1626   20554   18883   11878   22471   10867   35872    4992
   36354   24375   23676    8142    3073   19563   14777   33246   16778   21995
    5687   20206   21434    4137   19082   34128    6023   31913    1362   26173
    3466   28774   27575   27151   28863   15692    8376   14438   23723   36194
   22413   28626   26163   18274   10537    3212   11399   17716   35720   11142
   29729   30688   25485    8391   15623   22803   10081   19132   14481    1720
   22762    4911   28397    3860   36024   15774   14739   30189   26945   14975
   20062   14240   21687   16141   27310    4577    3714   17923   11493    1599
   18326    9472   17800     665   11274   34603   15781    2791    9313   26493
    4375   29148   24767    8148    5714   33235    2411    3369   22116   30071
    8672   24780   14141    3127   20706   11180   20998   19130    8643   17964
    8858    3871   30265    5479   18963   17476   36879   25110   22669   14729
    4026    4966   12119    3270     454    7844   18519   18951   18143   31926
   13432    4233   26658   18448   14619   31294   25107   23741    1652    6938
   12426   13500   19656   10822    2844   27621    3879    2183    9645   12068
   29546   22330   12975   32929   10407    8927   17917   16557   10321    4516
    7057   22906   19718   17124   17357   14101    7129   36609    9189   28526
   30546   25513   19903   26817    6261   10005   10159    2782   18659   12845
   30696    2649   31052   32151   34497   14830   23937   21721   34428   14040
    1925    2139   32381    9398   25394   23590    5580   28815   26491    7348
   34214   11028   36678   32427   35646   23763    4723   22258   27191   25539
    8589   26318   22626   10295   19048    7047    5627   13503    8276   23737
   14872    2083   31655   27144    2229   35605   13003   36797   27106   32881
    5742   14103    7041   12580   13358   12276   35291   16895    1154   28562
   22024   30850    5845   17545    7416   35441   31651    9874   29782   21077
   21492   25694   16386   26044   10106   19720    4120   17415   27435    2501
   31991   17438   31235   31211    4305   12869   30092   36045    3137   22637
   28666   12059   33926    5148   27368   12154   22746   18425   15819   19817
   36662    9802    5588   18933   27428   28226   24693   17686   16529   19379
   33417   24933   22399   11947   32764   28834   23833   27256    6806   27974
   31193   34652   30281   28832   15234   13094   32403    7343   15993   10444
   24831    3076    6805   15298    2235   35483   21739     537   30906   27425
   18249    5305   29169   30963   26666   36914   36322   21956   11732   29104
   19848   33136   18645   32954   28202   22541   19273   19216   35834   19769
   20886    1225    6614      27   36570    3026   23062   32765   30138   35823
    6637   29788   19600   29603    7507    1359   29795   33005     494     680
   28144    7296   24176    2273   10422   34501    1812   12177   11865    3820
   15878    5055   14616   17312   30739   10784   23552   24344   15471   16320
   18957    8160    5724    1551   16564   19496    3328   11713   11122   32925
   16361   18769   30853   13045   31973   29848   16503   36652    3171   36501
   33191    5586   12023   28581    4380   18972   15236   11354   17779   30623
   15135    4324   22922     902    3386   27480   25962    8288   22082    4626
   21633   15684   22457    8673   18225   29464   32944    8378   17962   14523
   18102    1765   14084     628   25376   20410    7656   26849   36542   21391
   31461   19270   29328   12287    7748    6776   27986   11739   28261   17219
    8238   26762    4580    9529   20539   30614   32720   33419   34747    5463
    8882   10714   16814   17892    1181   28253   30370   20260    4039   20273
   36701    4499    3490   34648    3801   17924     769   30421   25652   12110
   22744   17160   24316   28058   16905   19856   20405   34823   36170     180
    4808    5474   26146    6206   36996   17025   24256   35251    2004   32219
   31937    7792    1232   11731   15947   31969   22495    2945    2979   26793
   11309   29175   31681   34763   32737   32216   23722   32629   28961    1975
   30551   25235   31939   15744   22842   23719   32662    3727   18702   26542
    2856   28001   36266   32987   10310   31530    8535   26907   32000   20056
   14916   16085   29251   23288   27499    1974    4969    4067    8480   22891
    6961    2787   32652    4747   13691   15730   10022    9089   15846   17573
    4774   23183    9075   24455   28038   20532    1607    4046   19864   29634
   25920   30117   14912   30288   13919   27104   23109   35749   30123   34405
   36946    7791   28959   24941   27898   12155   11145   12505   18747   21425
    3547   23404   31519   25211   21248    5527   28240   25011   23432   27817
   36688     812    2332    2331   22118    2197   35172   32257   20913    6870
   12598    9820   15317   14058   24125    6363   12467   31646   31714   33447
   14416   10009   24041   33966   25566     839   28767   13807   10288   11883
   15473   35163   14363     971   12934   10147   30809   29479   25274    4804
    5640   21016   28298   10318   15235   13315    8831    6493   28784   36611
   31565   32810   19024   15423   10997   30724   13019   20671   27639    3645
    6633   13424   17282    3197   17554   18170    3504   22402   23975   31826
    7722   10326   11437   18617   10977    2177   10515   15472   18370   14214
     323   33390   16232   29369   29658   27680   13761   16152   29473   15564
   15926   11717   29815   12282   23152   29277   36907   27283    3448     340
   18310   21227   24732    7359   10079    9683    4830    9077   31255   35640
   11822   34007    7514   26186   19463   15292    5557    8064   34936    4185
    4985    5164   31333   11552   26913   27301    2902   30914   16297   16626
   31702   19204   12160    2792    1092   24064    8360    7185   27200   27732
   13479    8339   20040   17783   15233    7479     518    4863   22305   30273
   19355   20046   32477   14135   19032   14473   29410    9392    4862    5609
   17007   36534    3379    7208    4555   30686   13058   15975   14294   17069
   31231   29781   10629   24553     592   30453   17642   17726   25544   11539
     470   17361   28991   34647    7903   22645   17799   16395   15601   22937
   20069   10401   16245   16993   26309   31896   22830   14126   25377   29014
     910   28675   14641   28254   11593   12932   24098   23321    8565   13986
   26447   34356   11221    6661   16553   35847   10702   17919   11611   20987
   11540     115   25804    4715   30427   32605    9033   11698    1291    5047
   14186   23162    8841    7422   34134   21594   14648     164     434     649
    1059   12973   24738   28124   11703    1270   19898   34085   32946   28197
    6331   25815   18081   24208   35981   16642    3875    1354   17213   18442
    3422   17559   24228   18764   15788   28369   17497   33346   35534   28768
   34704   19104    1211    5361   10624   25929    7307   11436   31056   26918
   25453   19972   27214   20325   14827   35991   19150    5001   35152   35819
   33980   31133   18585   26218     305   21432   28018   12556    6073   20705
   22043   26735   12734    1879   31036   21528   19568   26296   19467   25608
   28920    4932   11599    8850     400   22028   34034   15220    3937    1413
    5703   13277    6401   19570   29140    6714   36775   27777   10669   23955
   31386   36932   24936   28185   33311   18337   21779    2033    2425   21280
   19899   18151   14949   34071   33877   33382   34854   18947     713   27120
   35379   18639   29163   14542   22414   22972   27912   34492   25623    2258
   35169   36245   16741   26107   10511   19914   17159   22208   23433   23803
   13779   33134    9606   33755   24337   28066   12436   33560   12396   11153
   33400   14773   19128   36754   22441   29321    8630   31688   21758    7119
   13840   24185    9284    9221   21122   24568   31839   19682   33355    4590
    8026   31938   29101   35318   14468   33629   32374    5713   33051   10188
   18651   35627     894    8809   29413   31756   33139   21068    6917    5221
   21665    3501   17202   16740    6388    2522   33399    9684   29605    5571
   17295   14077    4359   22543   11770   20821   33111   33663   31720   28563
   13958    6373   13971    7217   12404   28150   13301   28085   11810   23065
   11915    1271   30770   19469   20249   21797   12852    4695    3562    5787
   19110   15144   34527   33701   30597    4316   16675    4029   36945   27138
   34188   12228   35382   34077   33893   24869   30819   30668    7381    1762
   25526   21408    8824   21592    3888   21306   28101   23917    6993   20698
    1292   30396    6744   24091   26791   29836   32035   36868   21162   14066
    1080    9502   32769   13541   14550   19522   22929   29402   14780   10701
   32082   27060   21095    9872   31425   11009   29924    5542   27790   22908
   17227   27234    4378   14844   32291   16594    9494   20897   25793    2426
    9996   33924   23926   36140   19025   17225    2675    2517   27233   21196
   29659   20052   29164    9708   36393   17959   34419    3233   31467   19862
   18710   17251   16163   26495   13505   28071    2387   35912   13217    1875
    7645   12388   13806    2292   28512   25769    3241   34899    1041   15606
    1885   29709   21576   35734   32202   28867   20696   20704   11580    9743
   26648   31311   12030    6623   15566   27313    6647   19869    8648   11613
     251   15762    3915   36578   21321   29311   18248   36934   20782   33456
    4512   31993   25858    4501    3971   36897   30635    8507   33670   32074
   13299   36015    3959   29808   14278   19361   14651   10908    8388   28621
   29250   11333    7654   20758   31626    8666   36039   24564    5362   32388
   16120   16835   11077   16082   20342   21570    9072   32419   16924   26380
   21169   21193    9020   26028   14680    8106   36721    8518   22970   12239
   26990     898    7746    1556   32698   24044    3273   11037   27174   19211
   24123   17596   14172   36717   19477   15686    5426   12635   12094   31131
    7400    3114    5839    4993   24651    1603      40   34954   18215   12063
   30052   14806   12203   21142    6267   23392   28227   25279    7793   24151
    1664   24557    6142   29363   31132   18186   13619    9596   32667   11376
   24132    6012   14742   34014   10763    3885   18342   15326   15913    3531
   31026   19249    7368    4991   26057   30973   20977   18253   30582   13276
    4812    6223   11334   29909   25181   16078   18227    1729   14113   13962
   14622   11518   25609   10504    3145   35762    6796     861   34626    7837
   26826   21086   25497   16727   10378   21287    9598   21000   25734   27017
    8067    6400    5538    8698   36647   26664   17477   21123   33469   28880
   33794   23293   25530   32326    6270   35615   24240   20642   33313    3264
    4674   14248    4384    1803   14579   13786   26799   31429   15605   21232
   29089   34803   22290    8277   13162   30723   19722   21973   36804   27844
   16952   15399   10782   10613   35215   12145   30093    2820   35319    9957
    9884   21617   15152   11465   28865   23083    3907   25719   29446   12492
    2157   21006   25801   10036   12344   18927   11328   29466   31269    6866
    4717   27073    6080   24148   15772   24959    8045   22190   20536   30232
   16641   19698   34764   23799    8167    5882   33045   18854    7258   13259
   33947   28110   31799   25333   23516   11911   35154   33665   34093   30784
     987   26463   36805   36551   29894   27483   23642   26022   11680   22186
     645    7858     445   23864   27615   20225    9320   15983   26573   23730
   23260   31541   33015   32256   22009    8917    2380   23967    5075   14700
   10478   34741   10403   15480   23859     312   34460   18548    7597   13364
    5091   20948    1564   24431    8158   15118    1583   11453   15211   24971
   36498   28194   29283   34205   15415   15430    7082   20300   36340   33179
    7868   19137    4820    3816   16118    4677    1561   29026   19155   26530
   19168   21927     847    1182   23876   15393   14828   14401   20188   11318
   12463   25721   36865   27491   30975   19415   27229    4261   26730   12998
    1645   27951   36540    8902   17137   19625     320   18079     235   27099
   24947    3836   17297    4772    8247   35491    7541   24995   36497   15250
   11013    1535   35506   13610   27332    1560   17825    3677    1766   22609
    8946   17816   17103    7214   31493    9252     138   28200   22836   20862
   34977    5044   13912   11804   28859   13495    8195   22445   29886    2557
     755    2315   29948   34000   19493   10258   24043   12705   33036   30163
   12682   11910   34076    4484   21145   14575   19735    2333   28373   28328
   24604   33297   22574    3235   36511     401   24644   19478   14422    4613
    7677   36256   12246   28062    5800   11998   32557   12163   32115   12291
    3045    4154   30193    3996   12506    8326   10755    1056   34958   15593
   31345   32029   23195   13337   33006    9837     198   32336    5503    1399
   22809   29682    6571    2980   25280   21427    3428   35387   19584   27095
   18447    5231    7536   19877   34746   21053    3047    1800    1928   24518
    4549     132     359   35499   22280     567   29930    5175   20477   23164
   32973   28037   19447    8780   10568    4254    2800   29204   23163    4994
   16989     559   17978   27872    5489    1986   28737   32543   15655    3691
   20789    3864   18099   19975   14156   21972    3938   35131    2399   22347
   31462   23525   34855   15894   21889     139   35376   24700   35217    3977
   33247   21022    7520   28301   22578   30001   19893   13687   29854   22604
   22743   27854   32645   23735   28673   26396    5151   28273    3833     549
    2451   28509     489    9460   20155   22767    2583   11655   20015   26160
   20636   23061   21816   16863   27047   30638   26331    2062   13631   26444
   19020    5202   31116   33133   36337   13195    6678   14856   25938   34311
   22713   35852   19963   33144   29907   17246   34391   24361   15413   16054
    2327   30663   32384   33481   31981   12633   12014   18785   30531   20195
   18133   23213    4221   15223   29626   12562    3765    9851   21681    5674
   11821     366   11461   33415    5330    6506   28234   29822   15204   21254
   26786    5761   19072    6855    7004   23324   15200    9782   11891   34992
    5262   12016    4709   19269   28554   32395   11396   19810   32695   34455
   32137   34261    8688   27176   18537   26306   13028   12666   12187   21584
    5493   12301    3629   14640   26243    1346     425   22111   32838    6204
   18357   12676    7245   17759   21055   25232   19348   36590   21211   19572
    3010      47   16559   12429   30366   14946    6555   19301    3378    9025
   28552   19495   11697   29353   16417   26602   36825   20399    2780   17523
   22073    4126   27123    8243     808   17279   13185   15511     728   14324
   23623    2735    8170   22192   17237   11057   25249   13699    9017   10589
   34195   24021   29393   29758   20275   26922   23146   15300   19594   24373
    7653   17393     643   18272   22824   12293   29892   13083   11563   36313
   17174   34156   32189   33068   26201   25649    2241   34257   26518    2950
   36773    5365   11819   11144   13998    3417   23668   30532   12612   26693
   30511    7478    3962   12123   26794   24237   35475    4030   34110   27274
   19051   16747   17943    1784   23220     487   25346   20466   15389    2770
   15893   26024   24434    1932   33764   26651   26532    1241    2173   27985
    6037    8423   16808   27683   21540   12524   18060   19342   32864   33579
   16478   12928   36892   11134   29481   35660   24318    1266   35087    8189
   12446   21128    6683     776   14175   18471   17102   30280   11162    8168
    7467   30612    2450   11962    8466    5553   14895   34045   13551    9018
   23646   14786   14213   13035   29508   25472    3294   12894    7366    9581
   20630    3001   22297   16572   21793   19064   23352    8190     804     775
    7104   29732    1308    8139   12710   27942    1044   30690   11968   27285
   15988   14605   16693    3339   19436   18643     276    8005    2560   29145
   12936    8974   19710   25914   33446    5063   10954   13621   35517   11454
   26140   14820   29562   32886    9908    8033    9283    7162    7927   31397
   21316   11569   18312   30379   17140   10952   17077   19732   24244   16887
   30203   22357    6549    4409   12135   12072   13190    7658   21932    3321
   14008   22415   11216   24200    6326    5154   13967   27048   26344     904
   15402   26287    8901    4286   23121   18204    6716   32585   26211   12273
   29071   18880   25545     623   11694   11499   17632   24033   28571     411
   36381   22827   33624   27557   24529   30425   21824   34478    4599   11791
   32602   18668     988   36679   33601   28009    2850    7764    6853   33682
   23349   15965   21463   33635     484   36845   36314   19789   27340   18730
   26050    3744   22528   31309   16040   30456   25066   23785   11559   14069
   30816   17179   24609   34998   22436   30387   26237   24411   10323   19093
   25227   18676   12868    2549   16631    9966    8577   30860    2769    9848
   22544   32034    5906   29701   15652   17206   33712    7644    5441   33813
   25048   24154   20245   25687   17463   23194   29386   31337   13719   31898
    5275   13099   32801    6872   30885   36633   12695    2563    8464   11884
    6509     644   11471   26460   28320    7964   16943   27066   32958   11215
   32178   21298    1523    3616   35276      23    6257    5375   28276   24420
   28322   22930   34759   25061   23532   28545   21429   12375    7331    1924
   17786    3500   34300   32688   25012   23096   15307   34983   20955    2486
   15495   30345   31450   28127    5163   35752    5113   10547   15344   19344
    8030    7088   33770   10835   11953    1741   23632   20080   27399    8721
   27324   16516   17338   31638   23047   25379   17793   26953    5369   13071
   11233   10045   34435    8512   18970   20259    7840    3926   34784   25194
   11374   13828    3862   26143   19723    2759   22023   15540    1039   27000
   31746   19543   25458   33181   33646   17049   33248   15549    5679   18043
   21050   10995   13046   12361    7869   11820    1100   14102   32998   15271
   25407    2995   29569   21191    5243    3192   24704   22386   32568   11876
    3318   16671     193   29022   35929    8395    1770   26065    4796    5022
   24183    7159   20866   12416    5496   36617   33851   28939   10699    3541
   11989   31080   30075   23261   21498    9279   19473   21562   22995    8489
   10219   27741    9956    6198   23944    8182    6376   13543    9117   34750
   13866   20237   16329   22623   28750    7229    1353   27415   31395   11201
    6847     865   33875    2294   25386   24816   30080     321    3116    7810
    8418   11473   26411    4364   10505   25198    4494   22447   21568    1335
   23097   27560   14274    5745   29952   12786   28069   23180    9617   27398
   20895   31955    9971   25984    6567    3402   17375    1737   34623   22601
    2893   35416   21884   16992    7552   21281    2022   32687   28975   23782
   31551    2826   24136   19755     511    3893   29625    7360    9084    9447
   29660   13830    1063   33099    2128   23645   16050    4129   10128   20394
    4629   32608    4706   21860   16765    7977   14016    1166    2906    9649
    5162   27380   24934    3758    5823   29389   10047   36963   17222    2833
    5598    6475
