   35667   19387   36302   14347   34530   18890   31515   31393   24754     325
    7389   14743    8991    4326   21992    1140   16855    2108     764   33365
   32606   15508   31775   11082   32272    2953    2446    3155   32055   19629
   28395    3767    6103   17099   16176   32158   26857   27335    2217    2616
   32589   33844    4337    6495   21178   18379   28092   24323   30167   33458
    1257   21843   30337    2487   29403    1173   26153   32316   25037   21921
    9735   35352   23239   30328    2669   21323   27532    1424   21773    4869
   19298   23726    6756   30116   36549    7895   29775   20673    1530   20353
   32625    8087   20885   14956   33440   26213   33787   12064   19103   26671
   10827   17922   32642   32157    3810   27185   26030   21628   33273   18886
   14974    7758   26772   32273    2808   28860    6410   14553   14461   20754
   32889   36003    7613   27967   23174   19499   28776   20605    7655    8213
    6273   10479   12527   15045   29723   12889    1132   12496   14125    9517
    1383    5208   14062    3043    2840   31670    7435   21674   13399   26967
   12651    4759   19180   19376   22467   22986   14467    5394   32689   21479
    7614    2601   32632   17543    7034    4462   29691    1226   20439   30781
   10266   10979    9113   12051    3205   10130   33392   17886   19783    2318
   18582    4044   14197    3367   22829   21341    6619   13842     413    4421
   16837   35302    1620   33073   10833   34095   19175    7382   32858   31722
   11598    2976    1961    8985   13044   26091   15438   35338   12735    4504
   28074   15573   25089   21809   23922   13098   19873   10424   35666   22323
   33364   30629   33865   24810   12183   28256    5476   19911   25402    3735
   31492    8056    3720    2010    9707   20012    3763   22608   16929    1224
   26232   27268   35093   36088    4949   28544    8873    8175   30068   25961
    8904   30607   25416   26771   35368   21726    6375   29192    1790   15613
    7525     370    8100   24687   31726   24940    5886    4518    9877   13708
   19651   16062    7510   23267   25897   32041   22462   33683   30011   12011
   23564   27516    4033    6246   23915    1114   36661   14337   13074   17470
   35822    1213   32369   31340   14007     741   23160   10631   31764   21258
   28914    1580   11550   36224   18989   11322   18166    3892   20390    6737
   36403    4062   23394   25341   16567    7712    3231    2163    3743   17888
   30759    8529    8085   18352    5144   25902    1676   36608    7221   25005
    5976   20676   26700    7710   28025   25260   34841   22672    5624   10029
    1794    6114   33760   24759   28957    9395   23080   12641   24072    9374
   15705    4022    3415   23977   24986    7605     238    9528    9210    2436
   13413   22251   10742   11003   32766   28778   36704   19336   34291    3452
   10284    6076    9342   28108   32559   35007   11497   21299   29247   12335
   29897   11485    1801   33561   33497   14543   16703   25442   26311    1150
    5707    8450   18297   17449   24015   27873   26690   21329   18362   27228
   23269   28184   36277   22771   20919    6537   11545    8863   11985   32036
   28685   28807    6248   19901    1517   35226   20733   18558    5926   34888
   13425   16622   22998   31381    9226   30727   10740   14791   34012   28655
   25490   33562   23912   21184   13891    6317    9051   35885   18748   15368
   19948   36421   24037   11023    4352   18418    2388   31320    1954   34363
   33228   17039   28338   18942    5615   28980   21952   14198     973   22010
   26998    1878   36828   29470   24684    7058   30971   25743   24193    7910
   21448    1858    6570   12649   30173   14565    3870   29404   23756     720
   29383   17595   25571   24250   22741     531   20180    3579   29016    4165
   28386   24477   25745   31157    1002     734   18502    6634    7385   11008
   16816   30534   32950    2330   20229    3686    5317    2510   28672   11634
   29341   14929   11311    1646   28964   16321    8848     426   18316   11338
   34980   14710   31709   16408   16860   11474   27656   13518    2861   21694
    3243   25568   32385   35423   11352   20941    6179   21134   35583    3272
    2360   11403    5515   22892   22553    9132    3180    7071    1726   29693
   30186   18566    3089   23871    9739   29528   12881   27641   18999   17567
   22800   14122   20152   29884   24628    7720    9485   16465    9386   17451
   15726   29563   11882   13639    7682   11818   28877   15639   35634   26451
   13665     803    1534   21024   33878   33970   29585   27110   13591    5081
    7032   29229   35067     427   29914   29593   30768   25119   20494   16092
   25857    8177   28148   29040   18553    5335   32294    9343     841   36276
   35549   16913   28679   32090   21371    2477   17742    6860   24275   31011
   18808   27018    4281    7539   13937   21723   22351   29354   32805   13900
    1461    7193    1851   19795   32073   17189   32244   35572   27674   19080
   17404   14662    1947   27192    9352    5567    6299    3248   25986   33468
   10690    9158   21505   23234   34522   12300   32506   12229   13273   22480
   25020   25883    4584   13255   29711   34113    6717   19052   30644   16456
   19987   22316   18817   28603   26561   26726   30896    9228   15102   16524
   16189    5088   22907   31588    2816   10053   28476   24258   11803   11842
   32700   31752   11708   12713   21838   35826     624   36180     409   11151
   13455    7489   24068    1124   13130   14150   15629    7643    3795   26271
    1896   20269   36744   27695   36899   28988     441    2973   16143    5783
   11950    5697   10121   29109   19581   12499    6436    1111   23959   18257
    9256   27392   28506    2599    6021   35071   16431   33894    3130   21650
   27756    7108   12780    6935   14136   28370    2377    5414    1110     562
   10928   19539   33061   24296   15864   17757   14448   10640   26906   18717
   15534   20857   18289   31967   19241   30310   23887    2586   32342    2708
   26158   26285    9927   18246    3459   35841     338   17558   33194   31604
   11858   30838   23143   30641   31412    5613   30266   10663   23356   25828
    9808   36490    7640    6780    4395   23563   33341   18700   25812   15553
   13103    5187   28159   18388    9404    9991   27515   10970   36700      36
    1186   26348    1776   22384   28922    5348   31347   32953   16533    3951
   17411   33678   24925   14018   35622   13451   35176    9701   11295     922
   21510    1727   13143   10698   20077   17440    4763   35331    7770   22802
   18084   11238   34324    9801   18462    9555   21294    6701   29972   32853
   33548    5819   35995   36182   24536   30544   22267   35103   31963    2089
   34680    1486    8854   23189   17351    6004   17687   27304   29847   28796
    8595    9846   20877    1310   12286   33772    7361   27112   23345   26788
    4749   18975   25973   25303   10569   32138    3804   15771   26427   25364
   25797   19593   21808   11866   13969    1392    3260   31629   18064    8501
   30146   24861   28399   24118    3188    2624    7935   12900   21455    2024
   29733    1966   13246    7911    9787   11581   21389   18741    5340     447
   31383   11070   32091   16596   20201    3391   28757    3488   27808   22547
   23983   23849   28901   32664   29142   32899   36971   20068   24165   25684
   12348    7329   36334   34658   17975   23113   33707    5793   18920   18919
   11205   17670   14425   30485   15442    6838    1309   25998   32561   18853
   16751   16450   17009   23789   30509   11435   34691   30925   23144   21360
   11673   28819   14915      69    8491   24026    9164   13952   34049   14878
   36007    5796   36399   27490   32471   17941    3972     262   26120   28112
   19974   35268   20506    9176   16759    5315    9728   24394   15659   28900
   34529   25516    1967   30782   29787   32325    9543   23540    8654   11914
   20274   27536   28181   12573   21297   21812   31365   20606   22124   10143
   35785   12147   26340   12759    1428   31880   20211    6801    6207   29322
   26006   23522   20460    9867    7431   34710    8569   26343   23012    9071
   22811   23471    4008   33977   18398   10016    5486   11204   34548   23225
   25287   16789   29117    4196   35969    4910   30023   20075   15653   12295
   12568   35058   35953   26437    9847   33931    4640   16424    2962    8728
   14628   19561   32956   24399   10017   21325   15665   29843    7155   33502
    7096   17408   22639   32659     767    2626    1922    5190   22046    9946
     367   35240    8300    2021   12281    7590   21039   32703   30707   16475
      45   25673    1946   25025   19214   22061   36555   11773   36882   34289
    5546   32797   13625    5990   28548   36980   35747    8714    4390   21497
   26866   23892   36060   25728    2014   17466   24769   29462    3914   35072
   29792    7009   12724   26562   11766   22141   11068   24859   31146   14930
   22069   11576   33293   17480   27531   21245   28575   32657   20423   23512
    7621    9821   21611   31617   26659   21685    9490   30190    5131    1197
   14720   17141   23227   10463   19449   29009   35160   18546   28113   19993
    6959   16306    5782   31391   16502   26757   10773   27739    5865   25029
   11710    5803   34531    2251   16780   23744    2643    2705   27404   32037
   21785   24406    4132    9616    7432    2250   29012   12921   25522   10884
   29618   26319    5355   18023   30344   12188   36738   35751   18965   15931
   34993   26209   26810   17344   30350   21936    8317   30054   15899    6384
   35089   15382   24865    9241   11885   22187    2489   29863   27202   17849
   25949   31046   11177   31318   31165    9939   14073    9763   36650    6344
   27984   17258   21951   21996   20834   20909   26047    6334    3292   32678
   11632   30211   26346   25196    7252   35044   19232   18682   34489    3913
    9297   27044    5211    4879   20174   11237   28162   11752   20621   29430
    5691   35833   23886   31105   15147   24135   21209   34111   17731   27887
   24606   20711    5933   25733   23322    4385   20656   32285   32983   10811
    6366   16797    3806    2417   11521   25170   29312    2652    2271   24541
   13457   12277   33050   25484   10056   32948   24287    8637   28044   33941
   14265   15537    9192   33167    6482    6839    9126    6875   11903    5277
    3068   27437    9863   29578   34715   16821   30830   21988   30911   10187
   19152    4327   10879   25944   14256   19055   21477    1764   13054   12298
   30434    1734   18697    2912   29981     538   25123   25455    2613    2989
   32253    6182    6330   32508   14973   28364    7237    7211    9524   10350
    4069   25577    2783     465   13292    6863   22375   23693    6736   34114
   20328   14697   20633   26781   32269   10541   22567   15877   16652   29801
   14964   12343    7579   20306    8581   24522    9577     248    8250   35296
   28531    9134   19709    9621    2137   23974   31582   28835   31621   18339
   21409   28759   32855   33088    5145   15205    1261    3382   31303   29420
   14181    2639    7885   19430    4441   36729    2002   33157    5465   12477
   25311   23271   36771   17885    4422    9938   33296   26302   21274   29862
   18386   19457   32758   12828   29015   20343   31803   34147   12763   25731
     356   30439   26894   29902   16384   18973   23985   18584   22285    8892
    3595    7766   17563   15334   25133   11537    6656   20719   20829   30935
    6302   29344   10313   33917    5716   31024   27819   21222    8093     254
   18974   11401    8585    4189   22051    2898   31252    8784   19425   24825
   25796   18255   11772   11404   33974   10551    1469    8337   12531   34533
   30603     206   25786   17441    7619     590    1661   10465    8570   28556
    5958   32160   15158    9709   28932   23336   29046   28687   21442    8573
   30026   35541    6440    7587   24278   25616   23752   28766    1600   31729
   20073   35824   31649   14548   29199    7563    6924     527   36280   32201
   18825   11908   20689   34947   18044   14900   16501   21714   23901   30832
    1418   19787   22864   15663   13734   10565   31310   31781   14111   13456
   13629   15189    9031    8475   28258    4728   17112   10661   30169   17938
   31506   22975   27857   11317   22209    9960   10600    6335   36460    2566
   33744   34645    4914   12657   25298    6138   32309   24504   16065    6145
    2287    9786   33657   14305   17016   34424   33306   11672   10509   34982
   36722   34601   33052   31788   26869   13434    9211   36594    1671    3917
   11433   22473    6332    4907   22621   16934    3499   34440   16571   19107
    7542   13837   21438    5194   24955   19184   34665   20169   35449   31382
   22614    3649   11060    9461   12646   30797   19043   16817   22112   15282
     313   20607   27556    8657   14127   28134   34361    5314   18306   15813
   11567   35712   21454   18816   20428   15886   10843    7606    7886   16526
   10347    8687   36730   10610   23249   28472    5295   24497   26251   34358
   12964   33967   23680   22587    3783    9133   34495   18284   29587   13985
   24800   15570   35119    2444    8073   33698    4172   35798   36461   34934
   17121   36496    4147      32   31282   21212   36815   23893   18354   33314
    6641   17409   12862   11193   12058   14348   14317   17878   32329    9495
   29598    7147   14377   28439   21303    5098   22022    7897   11331   16598
    1156   17108   19675    9998   19929   36621   22177    2079   23351   15229
   26890   24505   24717   12513   20451   27409   23042   35130    3363    3838
   28613     373   35791   27385   11463    5931   22059   21214   12080   29335
   25334   28912   23198   35983   15143   15773   18723   35345   18559   10085
   33318   30637   29588   19124    2018   27814   31811   13373     154   12602
    3376   35396    8254   28242   31124   26247   15209     100    5806   15530
     546   33619   10145   27700   31559   21669    4010   32164   17869   28465
   25452   10711   20193    3357   35860   11288    2518     145     935   24575
   31706   33309   27098   28814   11225    5519   18195   19811     724    1106
    8939    8870   12296   20119    3683   15529    8732   14403    4724   29679
   27660    5516   23053   27763   36258   12790   15567   23242   23054    4024
    5158   23607   16046    5060    6473    9868   27684    4479   33256   21545
    1396   15020   27140      22   22971   25964   22508   16064   20806   21950
   16682   13765   30988   14359    2938   23302   34070    2554   35020   27244
    7843   15096   31063   34387   32555   21293    5468   35494    3012   22354
    7442    1527   18763   11724   28436   32882    4701     822    2325    6564
   30184   24812   30931   13743   33060   20282   23038   23257   23014     706
   29042    7324   31270   28186   36435   10785   17263    8299   31227   22641
   17574   21702   33171   26154   32228    4321   14977   23775   21933   22335
   34368    2069   35140   17703    6403   19509   10895   30828    2786   27832
   18327   16876   14545   36684    6003   21849     326   20958    8839   33718
   21786   12551   35564   13222   15487    8359     265     155   19096   18408
    1516    5286    7630   33816   14212   34773   30695    5817   31760   11750
   10112   18055   25057   28546   22677   35389   15321    8956    8508   19567
   36199   28245   15996   16894   32248   32275    4227    7462   29841   12255
   26785   13804   30520   17136   28873   28862   18053    6228   17211   17658
   12847   35435    9809   22125   34274    5109   20441    2958    9876   28323
   21911   17224   36785   34613   24472     605   32436    7226   10677   29857
    2901   18841   33150   10413   34178   16522   23933   25675    2148   27629
   10066    8258     956    6653    4917   26704    8066   25634   23654   35723
    7428   32714   13178    3011    6001   29617    9532   12473   16994   28205
   34060   35411   13172   12859    5854   25627   28180   36673    4110   19825
   14255   21565   23168   20957   24582   32356   34943   26475     294   27712
   23036   12232   12683   36270   34812   13426   27146    9362   27484    1733
   21018   18331   21378   23953   27582   35800    4679   12197    2527   26508
   16984   25362   36251    3035   17247   20209   26814   27744   26189   13326
   24022   28577   20875    6245   26454    4106    8417   25352   34615   24290
    4973   16105   10810   18869   14279    4963   27388    2903   11565   32468
   12126   30215    9253   25695    3654    9317   13692   33590   25762   36078
   24061    8351   30598   15749   16166   25454   24685   14816   29355   10969
   19944   12754   28821    8819    8255   21079    2837   15851   14329   30621
   21597   35207   11620   23468   34818    8119   36210    9444   11935     350
   28629   36305   10274   35454   12888    7248    5066   27015   34200   21308
    7413    7421   27778   10869   14153     835   33871   36967    4889   32296
    6639    4216    6937   30743    7828   34198   21061   31204    4527   36279
   28528   34534   17778   17649    8599   12304   19602   33944    3993    5080
   20944    4860   26538   17240   23284   11307   13446   16241   19227   10941
   26104    9976   14037   18090   36927   23465   14123   36656   29794   22317
   17327   36434   36379    9943   20030   16493   30347   29813   34800   34121
   13946   26188   10486   25980   28135   21474   16324   34808   27012   18539
   11969   36948   33492   35450   32859   28830   17552   36208    7118   12863
   14267   19530    3296   17712    8541    1429   21791   14658    4865    9282
   15002   20830    1185   17556    3495   25366    8533    1253   36357   33208
   24512   17969   35373   33335    1170   33940   36941   20544    5966   27767
   24786   35553    3301   11608   26100   23801   35083   28627   31469    6186
    8820   15015   33942   25977   16428    6648   11725   36935   28352    5282
   30834   10829    6290   20124   22396   30497   35254   19748   32087   13600
    2548   14703    2131   30912    6846   10175   24979   28059   17242    4060
   25756   11270     983   17820   11621   15210   32142    4947   12218    1103
    8037   25800   30943   25563   36943   24514    1463   11755    2524    5862
   15960   13309   28114   33538   13922   34316   27865   36506    2102   36500
    2310   22263   36517   28730   17633   28487   11431    4528    3966   34415
   27989   36908   16307   17641   10158   18025   33892   26579   31404    4621
    2532   17984   35513   14344   34561   27372   31809   11996   30373    5068
   35566   13527   15038   19119    3957    5135   18429   16650   22531   21645
   28408    1406   20845   16027   27371    6127   24650    3965   18928   34817
   11814    5734   20146   13563    5591    4119   20572   29456   33778   10084
   23224   35171   17814    6985    3867   11131   14452   30581   20710   26597
    4112   15218    1837    5364   18667   22583   27934   21763    1788   27417
   23518   25689    5333    7141   30800   18631   24491   22274    9302    9067
   21539    6970    4574    6836   17439    3159   17303   25752    3573    2439
    8631    7618   16401    3653   14215    8845   20949   28817   18380    2719
   17479   25294   23069   23266    1088   29910   13170    6688   33376    3643
   20312   17060   19159   14498    7006    1852    5875    4115   34339   25937
   26474   25493   12408    5259   30399   23300   14862   26284    4713   15701
   20778   15611    5373   35714   17772   30029   36450   11973   16621   26071
   33375   27564   36723   27100   15779   24519   26357   36651   19992    3868
    9222   22622   29409   22276    9186   19962   28079   21780   31574   33765
    6511   18226    7399   14169   15741   34092    9299   22917   14659    6679
   23961    7039   25383   27358   20243    3418   30767    3554    2755   20625
   19996   35264   16971   30560   19185   19381   27035   36638   13166   34557
    2165   13769   15848   14001   16942    9142   29281   23060   30401   27261
    7021   30293    8516   22217     780   20938   29060   14109   18152    7025
   35709     867    7585   25073   14558   33758   12540   27265   19438   20651
   34217    1977    8883   25667   18156   18809   25594    8129   13214    8348
   19887    3974   14646   32505     622    9277   28609   21552   34203    7600
   28612    3916   32070   35236   35955   20498   20791   10735   35347   31264
    6483   33294   20567   17557   31718   12808   17114   16218   22865   23496
   22851    3846   16026   25864   28758   22634   18618   36866    8289    7928
    5106   26037   19799   24840   10057   36698   34793   34696   29339    5537
   30205    6771   20350    7550   31843    8281   30474    5385   16746   29568
     664   27710   15178   17875   27155   17373    7946    5942   21317   15691
   15945   17640   32710    6220   34703   23184    5136   23600    7832   32615
   24297   27752   34771    5252    8934   36010   21944   27830   13982   31751
   16561    4821    7466   30004   10119    6963   15133    1621   36363   16635
    7829    7940   25863   12134   25487   17087     553   18822   10369   35693
   20680   24268    9560   11558   26715   18382   25662   23233   13767   36128
   11170   34171   25855   23808   31524   18800    6793   12785   11948   20603
   24108   26843     353    6707   29957   35285   36206   36889    7572   20401
   24586   14805   35193    2868   29556    5100   23602   27418   23110   22122
   17220   21394   11487    8340   30134   28890   17498   21099    7136   21937
    3850   15562   32663    8682   22505   21115    4451   15253   33466    8982
   33586   36480   24201    5561    4212   30296     224   24620    5344   31321
   17304    7916   12929   19437   13264   32943   14499   26264   32743   14580
   10901   15821   35369   27703    1950    2297   32347    7512   27924   35034
    7101   29532   11693    9612    8151   35915   24616   34362   27632   16142
    5951   10244   34498   20003   23295   23499   22389    3297   25772   31674
   29442   15172   26554   12648   14726   20363   16938   30567    3289    4368
    9722   36219    5747   34231    6295   14932   31164   23951    8944    5785
   30086    5913   12777    7511   28539    9753   17407    9082   11482   17795
   21557   36993   21542    9592    4750   18004   35905   23721    9344   35299
   11678   12284   19696   22049    8036    7358   20535   10127   15072    9058
    6521   22328   35707   34328   15689   25588    1405   34970   14427    9628
   30392   15350    1116   16549    9102   35298   24921   30258   30965   27877
   13902   10892    6598   25835   30360   34033   30588   30504   25186    5595
    9268    2368   23852    3694   26338    2951   21215   23191    4481   21885
    3372   29149   13916   12490    4751   36557   11612   10875   11185    6169
   20207   14875    5050   30611   33081   12656   29288   31243   15466    3128
   33303   16488   16429   13642   14456   27079   15312   13233     745     299
   35028   21578   14602   22183   36670    5902   12621   13236    6955   27273
   21548   16187    2821   33174   14968   22253    6139   14937    4013   26680
   13910   19886   36515   10122   18590   11108   33508      79    9039   23687
   17709   25933   35018    7189   26149    9750   10891   21537   30062   35503
   36634    9669   28196   19327   24559   14226     611    5326   21519     233
   27554   24725   14174   12462   34312    2999    4607   21976    6708   35104
   28601    6666     349   34973   11409   16773   16072   17487   26439   36735
   18280    6411    3716   15673    1791    2175   32445   25045   23898   30622
   28249   15434    8520   25111   36394   14568    1295    9504   30137   32603
    7441   20720   10549   33243   11169    2469    5289   34975    5732    9515
   28250     486    4737   30460   23262   21579   23651   35644    2478    8232
    9749    8495   21348   27305   15101    1684   32609   28260    8109    5224
   15978   23442   10841   27376   15486    7175    5843   27260    2561    8400
   11348   14331    4558   15036   13240    7463   32260     791   12583   34884
   16205   11298    9630   22679    9519   10487   17865   36836    9994    2737
    9642    4586   34140   10749    9430   21277    2170   20614    2929    5576
   14751    1138   12930   24114   12116    9206   23286   14239   20988   30882
    7805    2044    5149   21501   32484    3350   36817   32774    3929    9742
   36800   28065   17999   31950   26261   13614   25674   23549   15308   18829
   15092    1635   20817    5357   32495    4978    3502   22580   36144   35490
   35686   14060     345   22411   30346    4825    3800    4884   21368   19243
   32696   33823   11808    4082   26450   36239    1328   24225   31128   17377
    4540   25033   21745   17223   31789   12394   33070   13297   34179    7882
   34371   16394   18263   26148   25759    6309   23276   19746      10    3213
   10521   33028   13372    7227    2889   19693    9454   30213    8414   12585
   29366   17550   34786   14357   23820   22653    3782    8907   19396     118
   13623   32831   19151   14589   21388   31299   33214   20136   33280    1348
   31657   30248   18309   16659   24324   18003   15498   27121   25866   29482
   27446   33542     442   17182   12382   32192   13308    8772   35574   29929
   22431   22315   11505   32631   17324   18904    4174   19981   30524    4876
   11572   31672    7379   32459    8943   32396    5810    8120   14918   33792
     772   20501   14391   18550   23279   23136    9269   18496     236   27096
     976   28662    9925   11386    8650   15174   36674   27608   35641   31504
    7388   23947    5667   10077   29280   14315   29803      89    3651   24639
    1883    5034   34567   22822   35043    5337   23660     471   12191    7005
   32380    2817   36220   13531   28039    2739    2811   14406   32785   20644
   22657    7288     986   15678   34369   13095   15183   29448   25466   31123
   11362     858    8638    8551      95   19758    3373   31438   35851    5947
   23748   17022    6868    9979   26408    7632   22366    5436    8198   20681
   11432   29345   18432   15909   11769   26312   15306   35049   22716   23818
   31278   21220   25462    8758    2847    7202   16407   34165   15510   23006
   17512   16355   16052    6939   16243   14505   12503   16931    8080   10730
   23399   28013    2606   18896   22726   24618   11258   14814   21740   34078
   19423   22233   25313    5004    8557   15170    5096    9411   30932   32386
   16258   22915    9070   22329   20184     270   15155    4933    9470   19730
   13736   26279   27118   36979   17508   29411   32353   30555     176    8662
   19199   35830   30983    1440   32105    9438    3320    6749    5903   11402
    7558    2068   27063   28464   23283     787    9734    9074     732   33952
   15046   25988   25114   31758   34080   10298   33086   14519   21289   21097
    1546   36832   34104   33385   18926   35472   11839   17914   24525   16558
   12525     439   17527    3623    3607   27397   30242   32358   16998   19349
    8660   28762   21037   29412   13298    7676   16519    2684    8953    6850
   22956   23369    4673    3851   28929   34535    1595     650   24184    4989
   27537    2883   22837    9705   15695   12906   33424   22044   27089   28482
   28530    6443    5987   36030   11660   27518   13739   20277   23869    1826
    2753    3463    9427    5002    9520   28445    5442    2166   36681   36241
   30014    1632   36444    1565   13595   36598   10338   31648   30101   25567
   13107    7651   33259   22868    7735   32878   17592   25175   29438   30634
   36562    3566   19286   26393   10173   21700   12390   19274   24951   27257
   33096   30430   20315   12108   32711   17520   35277   31796   23169   26916
   11924   21664    4304   29179    6463    2651    5342   15097   35972   20446
   25178   29838    9127   13579   10098   29362    2317   15895    8649   27009
    5393   24207   23258   29171   11285   25837    2725    5425   31040    2180
   32736    5861   14599   25388   33328   18356   16579   32921   28198   31768
     376   15688   13724   27117   36529   27221   28564    8790   27154    7856
   15707   20811   11926    5114   24047   26339    1672   27220   35857   31949
   22232    1368   29107    9225   11031   17081   13520    5665   22058   25547
   12062   18109    3080   11570   20437   28000   29198    7947   25895   15288
   24747   25409   22969   36853   20518   31485    9180    6432    1699   19402
   21446   17052   16268   26292   33249    2914   31295   25915   10100   33524
   18415   19577   13681   34842   36216   12548   36959   21511    3115    1448
    5095   24670    1191   19633   17381   34099    7098   11541    6051   33848
    5963    4283    3740   25899   22229     389   29695   16235   26747   29548
   12581   14325   24385   13537   26117    1012   19368   15992   34846   12896
   10597   17341   34872    9881   16277   36378     766   17264   17863   12268
    2766    1870   11851   27080    8656   15526    2098   30522   24086   36389
   29468   19297   24909   31572   30090    6529   15079     669    7384    2307
    7812   31891    3732    2946    7402   30720   15227   19579   29103     339
    9130   14194    9513   10887    5132   30961   20578   32377   17277    3679
   15755   12346   34321   15142    6301   15129   35024   21490   22775   36676
   32639   25130   28122   32366   13025    7998   19628    7967    2453   27312
   35901    4707   34103   11462   16669    6672   25117   30433   20978   17701
   16509    8322    7195   23429   14167   11986   29497    9541   33374    4328
   34713    8680    5952   26923   34894   11516    6785    1602   27157   36283
   19842   36096   35080   35918   22667     912   35678    5661   13416   20256
   17737   11980   20099   34596   34052   35998   17044   25586   13263    6050
   30954   19860   23682    2066   11955    8178   17732    2754    2042   17533
    9298   27613    7578      48   29685   12872    1868   30751   11553   27291
    4363    6734   29032   18600   20126   28842    1161    8838   21271   16159
   16412    9829   32024   10514   18161   11341   27851    9359   24489   32513
   14995    2547   18110   35869    3728   22401   18949   23994   28845   16847
   18628    2733   30351   10646   34452   11867    7694   17581   27356   27206
    7887   32680   21159    3082    9327   20879    8568   32924   31045   16535
   10632   16357   32866   10200   22364   14723   14283   19014   13265   36791
   17980   30993   35311   35776   23264    8307   31580    2873   18570   10983
   32704   33737   27488   36244   30894   23542   29576   11492   17610   17420
   30446   34749    7365     319   25869   13673   12333   24968   31171    1068
    4407   32931   35808   34126     561    1297   33660   30209    2919   23733
   24238   22715    5932   25748   25832   11636   35258   36137   35196    3044
   30126    6062   27224    1334   22296   34912    9204   28561   32960   19896
    7138   23979   11932   28424    3060   18726    4365    2053    7050   36969
   15991    9131   31797    3167      38   15445   11088   34290   11737   17170
     942   20880   18067   20166    7103   36519    4348   12687   15519   34252
   16000   32731   22222   35946   36022   26829   28335     310    3444   15728
   11868    1755   14958    1029   31033    3380   17122   28494   10491    9428
   10286   24408   24571   11155     472   27209     127    8752    8477    8205
   13412   34676   18360   18672   15272   25464   31676   19858   14262   25103
   16275   31888    5690   20288    1134   23155   33361   22738   11610    6791
   31049   31093    3439   26063   13048   10577   20387   31483    7223   33685
    8612   19488    5857    6554    2530   36720    3166   30706   12384    7667
   30805    9988   33999   13717   22362   12966   11515   32677    8352    2136
   10217   16716   33621    2006   25939    9794    1071   36776   25328   25503
   29205    6867    1760   20846    2421   35125    1631     915   23963    4017
   24028   31447    6501   19542   12024   36765   19498   15362   13808   10360
     466   11323   26414    6597   25014   10260   12653   12210   24656   19919
   36229   12693    6862   35986    8903   11519    6042   22450   12047   17840
   12077     165    8669   20928   19626   34582   34350   22115    1123   21005
   13855   18642   27883    6272   13943   22388   30221   23874   13742    4153
   11032   30825   27271   26701   17860    8789   18042   26959   22781    5543
   21257    6775   24966   19428   32821   12377   16832    7626    3852   31910
   17532   30234   14384   19044   12902    4939   15671    2124   16634   30024
    7932   18216   34420    6044   18501   21554   20473   27535   17004    9599
   32165    2263    8335   29423   25459   10436    9852    6745   11846    9105
   29874   31552    6277   31906   26622   27362   36424   20855    4164   11047
   26500   20100    6528   25896   14380   11457    6694    6405   19078   33575
   12673   21136   23073   10902   34546   27610   13926   36702   36677   25725
   27053    5531   19571    9755   30851   19233   16044   33478   14373   25124
    7809   16371   33490    6381    7452   21532   10726   35271    2997   17051
    1563   28692    1387    9775   28836   29134   31130    7506    4052    3054
   17231   19668   22696   30903   18192   27266   33030   18704   11075    4739
   11705   27708   25819   22754    7851   13909    3906   23289   19225   26707
   10071    6258   11974   17299    9789   25129   31850   27485   33152    7016
   28367   27798   17084    1212   10635   17496   11103   20044     875   13707
   12891   35835   23483   11939   27141   27130   14417   31745    4845   21586
   27570    9900    3207   23229   12555   12742   17488   22720    7684   16283
    8241   32808   27152   12411    3530   29260    3066    4718   20865    3950
   34606   32544    1721   15121   28716   19081    7674   30312   21355   29072
   14768   17431   36900   10236   29642   18666   13566    5695   32719   21804
   14293   13394   23792   36929    9670   26088   18507    2553   31185   18705
   18173   21632    2807   30750   13896   15230    1262   16476    2793    1204
    5433   23717   28852    7386      62    9455   36821   29368   34430     702
   17082    4886   36253    6792   33895   18291   20921   12381   36878   32288
     653   22879   33282   34804    6761   20132   12469   26639   30501   14333
   14532    6084   18147   10464   33095   26840   22087   12280    8743   26381
   31242   28928   36851   26527   33269   26827   34685   33596   32830   12170
   17935    7719   19154    6217   35390     143   22042   18188    2838   19595
   25536   32611   25927   16037   24214    1046   23732   32716   19329   10332
    5379   35019   22146   35263    1456    1276   27087   10304   21691   35645
   24613   23332    8082   29270   36747    7169    8253   10982     805   21109
    8922   12325   23470   27950   16466   13540     570     859    2113   26760
   24216   11107   31180   29544   30942   18821   25382   16961   30728   15849
   10110   31234   15459   33398   28647    1707   21267   21713   16471   29766
   35559   17852   18209   12774    6351   29606    3794   29084   22554    7270
    3090   16807    8113   23715   21071   36383   36597     498   15801   12482
   17746   32807   25082   26029   27784   10543   16172    7958    6480   13973
   28525   11327   27135   32367   26643    4143   25557    5872   20293   23309
   29759   36129   12957   31932   32321    3522    5398    3956    9396   12660
   11761   20511   30867   19971   36072   33581   10302    3302   20838    8785
    7641    9288    6645    3215   35464   36603   21421    8399   19518    7081
     770   10171   11264   11450   26851   14701    3769    8468    4854   22337
    5623   25686   22584   21940   12853   28594   14163   25375    8826    4857
    8980   21237   33694   23604   30048   36315   10419   16469    9681    3074
    1438   30455   35312   22231   19867   13773   24579    6283   14445    8191
   21982   15365   21493   24569   22749   22992   11860    2804   29837    8530
    8315    4698   36728   12370    5133   11272   14183   33803    4449   12787
   36054    6782   22204   17151    5544    9233   24795   14443   27243   23635
   22564    7826   30022   31160   34677   11879   14761    3803   26514    2593
   16279   18489   12399   36724   23863   23996   22920   23899   33441    4217
   36310   32259    1850   22521     613   10533    4900   10844   22159   20120
   31684    5056   21194    7985   31894   31494   14769   22378   16597   19669
   25483   22422    9692   25234   11067   35616   19356   30264   20637   31761
   35902   33908   32141   16906   33743   36659     795   14081    4951   17486
   13931   14705   18477   12198   27250   15088   16470   14050   24664    4683
   20731   12748   16853   24546   11954   15764    9949   35216   35731    9471
   13588   29282   17128   35890   10063    9986    7845   31030    4040   12701
   27403   24863    1505    2519   25213    5061   24284   34059    3572    6238
   21872   21131   33183   27949     169   31615   26335   19448    6673    7608
   30683   30127    7036    2367   14624   32666   22714   20025   10038   15523
   15025    2064    6910    2225   13570   17395   30136   17459    8776   10708
    2386    2762   11026     205   35799   26580   13336    3712   14876    1815
   34006   29467   12204   24188     930   13882    5938   32221   12843     283
   36178   14632   29783    4419    5646    4414   18363    5304   25605   18932
    4418    4238   28287   28231   17320   27164     156    2308    4266    6117
    5521    1568   35194   16511    4710     658   33676    7030    4134   17354
   11260    6104   11695   14540   34411   16376    5079   31259   33846   29828
    8035    9161    5659   19607   31460   31400    2265   30530   28296   27187
    3797    7356   27346    3511   22835   14092   31765    9747   13583    7813
   20233   23570    2961   12798   14927   29001   35930   15625   20780   21564
   11921   22100   13592   27802   21845   10604    4146   19367    9915   21841
   23795    8675    1425    4732   16059   24974   20471   18497    5093   35363
     792   11159    3349   31183   36175   25100   26653    2907   23988   34701
    2872   30321   31953   35867    5978   24855   24854    9308   23259   33380
   29928    1725   26252    3935   31922   23245    5560   24615     686    2541
   18915    7196   27309   16413   12590   23739     501    3175   21922   19785
    6111    2550    6065   21243   14387   30626   35410    7261    5689    7179
    8849    8998   25877   10044   17528   33725    4576     655    6522   14021
    7970   30839   31737   29526   23690   22880   15490   31928   11749   29510
    5939   16379   26384   35999    2462   18771    5126   14881   23315    2545
    7592   13887   24666   23710    2740   15449   11117   30331   30578    4404
   24110   30884   24638    8374    3118   28362   11360   24089   17893   19744
    2408   35274    2266   21968   22313    3333    9004   29833    2595   31144
   33500   13344    3383    1282   26174   36843   14372   24643    6016   11411
   24937    6341   19217   33471   18837    1178   28377   15188   34853    7779
   29272    4892   19973   31343    2095    6808   19712   36871    3815   19684
   36745   29983   17452    9890   33956   34563   15654   31904   22996   12026
   25226   33547   10634   20172   24608    6627   11245   13950   10861   22455
   29958   36618   34933    9995   12235   22945   16678   25729   18943    9963
   21596   26198   30624   36158    5256   25355   31292    5380    7708    8754
   16038   11564   34168   29680   34612   28660   26265   12611   31353   25016
   34840   32844   27182   18881    5696   25088   26260   34067   33946   36949
   22684   33013   29160   28473   31522   28841   23076   11706   23774    6822
   33128   32299   25888   11375    4965   35204   16588   14289   36285   13191
   31285   19029   21307   30632   17517    3596    3521    1115   17456    2120
    4025   22293    5752    6565    1414    7115    2390   11832   26881    4142
   20805   14614   29950   36505   30803   10674   14741   21801    9922   32469
    5244   20289   17233   20217    3126   22155   21400   35183   32435    5760
   24662   10325   34243    7321   23364   32169   35224   23157    8457   18474
   12097   12608   26617   29955   21218   34770   11212   32328   11293    5773
    1294    6695   27706    4735   14388   21980   18265   13293   17033   15383
    4073   15748   35939   23822   32577   17423   28458   28642   34588   31240
   27303   25307   24877   18031   26033   14352    4740   32339    3570   26289
   32540    3895     968    5936   12124    5712   15268   32027   15518   24273
    9483    8652    4959   26341   21172   35692    7765   22160    7347   13123
    8001    1713   25024   12990    3698    2326   26369   14273   35990   13300
   16304   28908   35386   36437   10030   17736   36430   21290   23993   18279
    8166    4524    6823   30254   23033    1136   32713   19637   31100   10653
   23481   26999   36686   34729   27900   35099    7894   22911   16884    6243
   11855   30845   19504   25390   24642   17005   18690   32183   34157    6748
     714   12501   30535   26041   14936   34279   13562   22870   18116   16008
   18083    5293     385   32945   32773    3928   12186   23923   18119   16809
   31411   32846    5930   13129   16912   13042   32190   16002   27544   21924
    8749   30383    7790   13269   10792   35079    7953   16949   33053    8332
   27999   35637   17464   18807   31398   34799    5384   12865     196   18134
   24930     997   35891    6098    6240   23209   34555   21640   15910   13415
   30241    6136    9754   10544   23976   23553   28909   31642   30115   28517
     595   24632   30149   35467   30678    7533   35735    8333   19841    1027
   14597    6814   24935    6941   15386    5988   27378   20230   33539    7271
   30044   31985    4206   23129   10265   11797   32686   21732   30962    5408
    5258   18483   20764   22533   33600   31384   32064   17094   20579    1636
   34133   31966   10556   18538   27163   34669    8221   17711   30371    4672
   31724   30060    2288   29323    6327   31329   27821   19630   16327   31179
   31755   30636   15122   31627    3896   32349   13323    2087    3396   14335
     363    7913   29506   19953    1980   32730    6611   10050     189   26963
   16975    5409    1162    9573   35220   14919    8347    6416   34875   18902
   35610    2512   26737   18936    1920   29435    1112   26485     725   23964
    1426    2159    1422    2656   15796   28426   11308   35358   13188     744
   16121   23444    9632   33164     947    4111   29554   23643   31637   13721
   12369   25830   25032   15116    8000    1526    5628     519   18998    5684
   12216    3564   15068   19442   33287    8968   11120    2794    4268    1779
   19377    2683    2710   10550    4118    2427   34923   18650   11110   27512
   27552   20093   19158    8867   16433    7231   30897    5840   21558   23464
   11154    8691    7569    2882   30091   10865   21472     874   19705   20436
   31739   32895   13628   24001    5795   33116   30006    9316   33241   19956
     290   35582    9465    6894    8665   15614   33495   29155   15683   29076
    8268   18482   35807    7549   24954   12114    7540   19908   22272   24821
   22488   14574   14314    8766   26728   16294   24726   15658   12893   20910
    1769   28513    9615   14485   33391   22180   28734    6721   36605   34674
    9981    7498   32872   19802    6893   36167      67   18175    1222    7465
   34161    5581   36395   33751   31195   14792   25244   14707   11357   31623
    4680   36059   35746   20334   14005   31806    1810   35111   14376    1160
   14808    3605   34752   12278   32581   19332   14513   34942   13000   32372
   26194   29074   20982   23622   33354   28456   23181   24762   22383   24707
   18484    9387   36299   23238    4038   31043   12167   32493   25165    6115
   34377   23865   25691   29687   25774   30129   21447   23543   18968   24354
   14612   13810   32298   14398   23524   19664   11596   10439   13622    6354
   33593   14594   13370   23932   15113   18779    9619   24820   19977   30247
   18505    5146     327   31833   15217   31222    7027   28533    7917    6409
   25450    8686   21881   30822   11925    9655   13199   19009     121   34030
   27172   32634    5121    6265    2228   27034   12615   34581   11649   31997
   15226   14374    4424   13471    4279    5874   19405   22888   18644    8074
    5249    7762     344    4438    9307    6396    7390   13249    7019   29284
   10151   23373   12775   19737   23151   20802   19464   28293   16551    7080
   35482   10160   27479   21295   31586   31286    8498   18641    2580    6533
   20613    8634   10671    4530    9629   30034    9536    8909   20301   27003
   11712   31907     697   20774   28790    5318   12526   34138   26686    5247
    8805   35397    1014   10471   29105   14216   36448   17654   36784   22590
   11064   23486   16367   32565   21390   23147    2405   14883   25753   31861
   24899   18660    3334     831   36184   15151   36061    9231    2103   34562
   29358   25816    8609   25418   27527   10294   24327   11297   15057   19566
   10806   18592   17648   12220   22737    4209   21571   21204   11262    5030
    9356     513   23914   14753   13021   29541   17437   27427   35739   23535
   16927   21027   13501   14009   31625    2168   18624   22772   20825   14241
   11089   20878   30793    4633    6402   27909   31721   35473   31293    4322
   28133    9183   35519    1239   16541   26258    8413   11771    5313   24414
   28699   36138    5688   21641    6949   12288    7319   31804    5924   18846
   30171   17706    1848    8176   22453    4714   31236   22950   12630    4440
    8693   28088   14290   31823   15005   13056   20074   11442    7170   28739
    7225    9657   34941   29896   27522   22030    8262    7586   33576   20560
   25137    3961   29713   35383    2063     131   16980   13679    7827     814
   31326    5621   24777    7966   25136   22065   34044   34579   26720   36294
   26230   10566   13935   16704   18057   17669   33461   34429   25052    4665
   15027   16399    1844   29347   24622   21056   34068   35837   13080   13194
   33920    7873   23624   25602    5946   20725   18396   14119   17972   30715
   31570   35017   25318    2401   23873   25380   19005    7268     418   19984
   31376   19524   33121   34329    6586   34046   22519    3921    3085   11418
   23255    3672    6615    3663   18164    4018   19307   11583    3546   22552
   11849   19745    4517   25141   21270   17003   22140   26373   15667    6635
     569    6264   24288   25778   36423   30985    5477   36541   19018   17406
   17549   32240    7370   34963   16684   19946   12712   21361   19677   20763
   36725   23215    8808    4600   28219    5868   15469   11906   31289      96
   13031   32638   16831    9388    2491      76   22425   19876   17718   16102
   36606     677   31523    7295    7646   36275    7327   10398    4406    9859
   29638    4192   32922   35924   30357    9421   29698   23952   10218    7965
   15277    3341    6712    4079   25780   31342   26515   19179    3138   28582
   14725   16213   27902   29561    2896   13930   31424   36818   18334   16070
    2351   35437   25917   23212    7342    1488    1656   14382   33215   17481
    5784   21160   14203   17597   10781   10989    2423   28147   20279   11940
   24019   13792   21772   13749   14078    4497    9394    9365   25531    1331
   18183    5525   27375   31927   16255   15219    8947   31415   32578   13101
   29982      39    9095   18952    4912    6733   28983   12459   25764    4814
    9267   17040   18435   10872   29938    3150   35278   26899    8194   14802
   28934   25267   18954   24460    4551   15428   26161    1347    4753    2764
   13360   35795   26128    5928   11203   18221   22035   23456   19835   16291
   12190   28229   20952   15024   19414    9464    7340     926   22589    2480
   24977   30017   18597   27963    2274   20375   24694   14353   30658   10866
    2668   18465   25081   21230    4866   32482    8834   20001   29661   27279
   24478    7184   35695     879   30419   17998    4560   29331   13270   11956
   10535   18455   12678   10880   19038   22150    4116   12983    2720   26075
   20527    2742   31658   14042    2746    7598   13870   30035   16340   30100
   14535   13164   25316   17001    5300    5029   17613   13906    4840   32407
   17450    5435    5766    4405    9346   21737    7332    6040    6195   32464
   31151   14017   31368    5856   19490   15971   23049   21678   22331   11875
    7949   18670   17130    6754   18222    8866   26928   17138   29326    3440
   10138   30057   12836   33209   34945   35932    1968   15954   24711   14414
   26476   12707   14358   28282   18625   27293   30960   27645   36757    4257
   30030   27914   15414   23263    7893   25747    2571    7627   19003   27269
   32174   24138   17850   12670   20470   26443   16071   34381   17214   20199
   15765     281   17098   30400   23313   32424   23866   25161   36983    8792
   36332   34153    3442    3416   26276   18986    4109    1705    4107   36585
    8588    3057   25773   25692    9291   34908    9044   35935    6542   22791
    6563    8461   16829   24646   14191   11657    5964    3982   19458   34590
   11671    4955   21615   34282   28130   25882   33321   25871   16444     594
   16936   30841   21085   28696     779   22675   26808   23415   35380   27810
    1086   11735   15452    7804   20631   13444    2923    4263   15609    2001
   16183   12196   17765   16939    5201     408   28792    1613   20295    6803
   10327   36709   17101   22804   34130   19157   28168   34442    5961   35341
    6608   29518   30435   15982   31986   34227      25   17579    4614    5656
   30272   35941   32289   15203   10953   23449   34448    7199   31357   27478
   15446    7954   16605   26221    7974    7717   20156   14300   19804   19431
   10910   18673    8115   13634   18146     927    6665   15422   14336   32415
   15535    1482   19742   25890   34625   18096   21560   19399   20898   20873
   34791   12861    8531   22916   10004   34938    1872   33239   33510   16349
   15973   26441   14165   23641   17606   14482    3778    3510   23986   17096
   12292   34058   27908   11138    4773   19587    5071   12430   15919     102
   16724   20251   17957   10254   24145   28016    4367    3774    5694   15030
   25788   15303   27394    8941     220   25396    9013   16781   26605   36803
   23778   19325    2467   20992   30984   22135   32800    6109   14893    3099
    1402   34461   10210   23197   35773    5638    1489   30252    5129   23521
   36976    7636   10003   18868   16802   27453   18260    3353   19874   32489
    3736   17570    3234   35710   20106   33992   22706   16281   15359   33565
     688    3729   32503   27585   26850    6947   32734    8265   36136   24502
   10247      72    5769   36366   19920    8239   34434    8365   27952    5954
   35177   35593    7042    5639    4835   24219    8091   13996   17808   36171
    6159   27972    5585    2448    3693   14450   15607   33406   18874   30304
   36546   14321   28536    8895     202   12518    3755   33092   24645   10838
   25159    5899   34776   23462   19340   21229     209   31298   16479   32247
    3419   21671   25218   32961    9860   25656      14    7852    5944   32332
   28459   27545    6997   26328   33779   23611   29538   18082    3004   27813
   12065   10312    5683   29443   25397    3178    9036    7012   13384   33267
    7031   20142    8260   27153   32512   12480    3897    4766    2109   20999
    7302   11178   15922   28280    1278   25275   36906   26269    5547   24174
   19536   26621   29367   17750   32058   35256   24157    3681    6626   26970
   13066   30269   10769    1361   28126   31284   18608    6886    1639   21620
    7355   16694    8678    7230    7157   30594   12565   17402   17046   35265
   18576    5789   35031    4822   18499   20703    7883   34408   25135   16941
   28974    2685   27828   23305   18212    2357   35433   27486   22214   36781
    5188    1089   23059   18088   34287   33307   21967   18847   33589    3703
   15708    4167    1917   17560   15261    9306   31380    3599   16195    6972
   24090   25204    8548   20608   16883    6629   10709    3601   22704   21045
    3338     580   24994   22080   14495    9565   18910   29380    3911   31352
   10320     689   23398   10567   13088   18405     542   20493   34273   11384
   19252   21176   20599    1096   25737   31119   25569   16352   29960    7149
    5150    4522   35943   17155   19823   23353   19652    9271    7724   31237
    9554   18842    3346   13740   32003   23007   29079   35708   29989   18049
   16786    3317   11269   34748    8185   30642   24985   22130   22988    1446
   24578   30085    2998   10144    8552   11020   24740   36558   11016   35400
   31324   23330   32022   15181    9217    7165    9677   16418   19918   30709
   16103    7055   31330   31962   19084   36104   35957   29993   13171   34610
   35330   29922   18761    1433    4669   12850   18699   19507   18742    6558
   29006   15352   10886    6216   33316     128    6704    2508   16404   16041
    8118   14195   20383   23554   33692    6607    8469    8172   17173    2473
    7678    2030    5626     467   31732   16016    9637   11458    7417   35211
   12208   15318    8919    1172   35432   14322    4579   17652    7601   25678
   30199     946   25309   24813   21901   26293   25570    8188   23478    3941
   14997   18586   21381   33198    3628    2697   26623   19220   26940    6655
   15426   33266    6038    5608    3606   35770   20140   28780   25443    4877
   22529    6201   19658   30735    6566    1637   22774   33907   29965    2681
   35956   28116   15863   34266    5090   21129   16699   30168   33900    3633
   11092   28051   28984    4926   30977    6579   11958   21958    2370   21259
   33016   13961   14228   16757    6547   12178   18792   33034   11733   26590
    1007   34913   16077   31671   34717    4961   19403   35881   29152    9486
   26506   30744   25551    6831   27124   25261   18419    7936    2125   11727
    2046   15195    4121   34360    1642   15293   28056   36044   34920   31437
   30799   24276   24623    7819   20445    5934    6864   12669   28952   29678
   23716   28573   18716    9733    1549   31202   16318   14117   26836     890
   34043   22673   32570   30515   30684   32406   13436    3592   10837   27197
    6361   21021   29154   36718    8622    3845    8521   35906   36391   14385
   26854    5863   22789   22437    5233   15476   22052   30718   27270    8496
   30674   35282    4343   14966    5349    2371   15668   25572   15128    5904
   27119   21761   26304   24918   30423   29627   21794   14631   16454   18140
   19366   22098   25867   35775   25437   29520   18638   12242   33253    6279
   21030    9940    6019    2812   14961   16625   34654   13324   20278   15533
    6471   32499    3627    1991   36232   25191   36580    3133   13237   25457
   33988    5452   27254   33130   26871   29677   30315   19798   30359   13027
   16603   30020    8744   20956    9393   35436   12494   24230   35167   19847
   21964   23639   20205   26982   34335   32188   21888   22308    3340   28823
   27726    9318   22355   11011   17066   22458   28019   12532   36770   29196
   27337   12818   35879   31534   21880     571   23908   12128    1940    1043
   23017   30036   34813    6421   33662   23970    4638   24016   34008   17149
    7001   11098     925    4090   36058   31473    7889   22509    7714   12035
   19097   26329     336   34744   21152    4998    2285   29286    2662   32974
   20045   29225    5214    8736   18687   35783    8723   31097   26543   27359
   19133   36612    1058   10468   35586   29519   25765   11952   12238   21910
   14237   31223   34878   15541   32763   16185   28542   26085   30066   30937
   13975   22016    4919   26870   13160   33351    5142   33727   19079   17896
   16028   25078     654   25113   29899   25633   14155   23412   22090   36400
   12172    8382    9274    9703   15532   21213   34781    8454   12672   21041
     197   36095   23306   32740   25841   29314   15591    7713   16201     446
    2141    7121   10955   23366     603    1409    8894   24439   25783   18756
    3887   23355    1654     451   24953   28416    9838   12718   34550   24634
    6540    6435    5197   34651   21638   23935   21920   32682   36464   29971
   29018   23684   31071   13798     892   19169   31421   27278   23248   34393
   33591   22569   32473   18866   36737   18247     708   13304    1484   22314
   26550   10716   24829   16259   17956   20749   15140   30070   23237    3091
   13414   30094   31023   12049   33344   18749   30660   10972    3465   11995
   31192    1918   21696   22979    9607   23347    6208     287   24326   17010
   20084   13726   29177   10092    6352    1053   21008   21948   36548   28843
   20283   32118   19497   20935   32836   21236   25127   34723   35036   22269
    9902   16358    5128   31723    2220   34376   26784   24462   17659   18208
    1768   19146    5195   33368   14223   13081   26971    1458   13894   33348
    4587   19370    9831    2097    2984   19299    1251   27071    1588    2686
    1018   18127    8798    5254    7820   30951    6573   32412   16397    8747
   19397   14271    9254   13047    4719   18512   26709   27052   28746    8133
    7898   19127   18384   34251   25255   28082   29613   19585   19409   25775
   35805   14618   13715   28977   26552      49   31774   28299    1234   29789
    6572   24757   25038   27595   31592   14334   31167   22882   19694   10794
    6285   24010   16021   17838   13878   34029    3882   22982   15157   26941
   22662   27624    2262   33696   23484    2596   31413   32969   15023   25173
   10697   35899    7102   27711   21399   13524    2570    2077   17226    6087
   16208   32062   15454   22740   13581    3650   34766   18373   31948   31334
   19558   24283   10573   13559    6746     557   35153   36027   30705   24468
    4771    7955    3918   25413   11349   13895   18956   13250    4300   26471
   25537   15577   36185   13254    9587   19905   10441   18897   16416   17871
   31877   31545   28644   29539    4251    9506   27364   23390    3110    7825
    2768   33149    3790   14909   30916   21241    2849   30218   23329   18900
   11711   18721    5102    3437    6271   11319   29746   31229   17754   36528
   21058   24097   36768   18892    1306    3025     908    4733   27105   21851
   28541   18504    2352   31537   18733   25886    2996   34965   10354    8855
   36795   29990   12671   26865     291   15050   16595   35683    1157   27493
    2065   23909   13097   13291   25826   32727   36118    7730   22581   14124
   16090   20128   21177    1629    9216   36432   15966    2361    7290   22398
   32532    2025    4666   13907   18789   24265   19177   24814   35914   15437
   18579   28936   33046   15616    2917   29819     751   13921    4968   28664
   16893   20647   28639   22651    2750    7371    4606   26046   19385     798
    1217    2784   12801    8259   20828    1430   35971   17960   22790   33781
   15724   26703   19181    2407   28985    3037   12448   29350   29937   33902
   25272   23173   16940   19907   26612   16639   29207   32150   12970    4591
    5909   19253    4977   18916    7834   33250   21651   13216    3053   22795
   13646   14942    8911   32650   18494    9199   24074   17165   29253   36147
   27134   28152   13981   33529   34863    5614   35974   20258    1381   34969
   13121   28713    1625   11873    5612   33418   24058   32430     785   27058
    5232   18311   19550    8069   23671   17336   22301   16400   26801   17577
    4887    5847   10921   14270   31553   22699    7316   29158   26219    1287
   27930    8924   23124    1492   28303    5985    4077    8402   32089   31158
   34607    3107   33913   19915   24870   18552    6161   30027   29926   28972
    7363    3211   12922   11097   22725   16313   21370   25467   33631   19655
   11208   36032   26042   34262    9585   36385    8207   35201   17965    6321
    9776   36082   34028   13845   21541   35233    1047   35342    6036   33943
   18264   20308   23115   19590    3702   32598   24713    6969   36920   26570
    7353   32708   20694   26125   21373    8719   24076   17629   25628   35750
   30260   13657   21431   10374    8424   23123     386   15637   28752    1037
   24381    1105   17710    3909   36426   35493    1265   36691   33716    6291
    4195   26184   12620    9198   35561   22670   24039   21707   11429   25565
   28844   26996    6113   33155   17997   35134   34611   34681    8938   10382
   28770   20161   11261   23673   18072   26517   18106    8483   28632   28915
   28131   33788   28356   15474   12182   34517   24584   16599   33125    3267
   28027    6958    7750   12596   28566   23272   19207    4875    8632    6011
   23004   32429   21828   24862   23167     505   32218   31454   10161    6336
    8884   14586    1434     412   18189   26009   22371     954    2498    3752
    5167    2678   27393    9322   13041   11481    2363   26743   17239   26185
   27360   31042   29776   25405   32426     109   11231   10365    5334   32938
    4357   24252   20688   29332   31776    8862   25336   34568   31951    9159
   36829   26371   33828    3524    7853   11677    8814   27542   30702   25252
    2690    1759    2336   21634   13718   23423   12387   26002   29090   10430
   12831    8840   25970   35297   21309   21014    2594   30519   26191    4861
   24793   14130    8114    2987     907   30880    7300   32375   27057    8298
     929   15392   19333   17333   27707   34334   36494   11646   21756   19826
   21585   14257    2619    7795   31280    3912   10530   10259   36093    4575
    6241   29895   16134   14118    6751   15120   13381   27387   21768     170
   28711   15501   12746    4924   14362   15149    1216     223    8860    8606
    3831    9212    4996   34202   31075   13355   28425    4635   22642   32302
   28341   10539    6882   29591   23827   25787   15375   12427   23728    2045
   36110     778   18168   31935     975    7190   30613   14020    7232   29531
    5450   21331    4925   10987   25040   14247   11149   28230   18786   36715
   33868    7491   23358    6292   29816   14309    1887    9014    2060    3731
   35096   14409   31561   24598   20529   33252   16681    7822    6983   33379
   34599    3823   21931   24730   33824   24229   15076    1367   23095    7742
    9304   11019   36476   27272   13676    4250   21020   10609    1244   36173
   17092   24913   36837   17939   19659   35051   19030    8015   34011   32465
   19456    7322   12890   36252   18282    8726   28151   30571   24384   26094
   17276    3538   20662   32097   35928    1301   22053    5866   23357   16460
    8676   23066    4920   24868   15853    4980   26205   30181   34528   23466
    7222   30976   20109   31482   29095    9654   15089    5140   33326   24785
   23125    3641   13632   17288    7811   31956   36327   14393   24633   27785
   10963   32453   33113   12383    6078    8248     437   18240    4742   33011
    1957   15187   30124     432    9693   12876    7450   14902    3812   13506
   17215   32052   27568    7408   13138   18634    1321   33173    4031    7543
    9579   25690    4941   10353   19933    2445   27733   22869   18679   10476
   26361   25282   30324    1648   27062    2227   20661   13460   18898    4661
   15578    9207    2744    4578    4041   22500   16067   10190   36141    4823
    7304   30563   35657    3458   11466   23658   29073   33115   24029   19483
   16806    1250   14647   12451   11283    5676   33811   29574   26774   13994
    7909   34862    5826    7445   25515   36079   31113   24672   30097   24226
   21305   23111   27161   24146   21363   36320   27210   14910   17734   26670
   14899    1042   36487   24347   33899   36273   17340   28999   26122    6412
   16197   28006    4870    7875   18675   15409    6205   20639   15824   23819
   33856   36924   26462    9926    4002   36918   13514   33995   16061   16552
   26406    3954   30926   34655    4730   30290   23223   16481   20514   26779
   19190   26457   15757   10426   12362    1283   31507   16227   26424   24962
   27897    6175   27879    4131   23720   20721    6828   26141   28657   29655
   28781    7212   26250    9955   19653   28366    2394   28222   17080   27168
    6154    3644   24206   21987   27955   11391   20983    6933     979   30890
    1562   12576    5890   13376     227    6996   10482   26858    4831   25735
    1015   30214    3853   24920   23131   19700   15733   29915   14051    4832
    5011   30407   31824    7652   26586    1795   30662   21870   12495   11062
    3069   23537   21813    4149   29114   22887   17781   24915   29395     200
   17027    2732    2472   17374   34864   23771    4361   18148   25615    6811
    2231   15429   30015   34117   30440   36807   34470   32661   10418   15373
   36143   26445   14466    6280   36912    2888   36840   18114   16491   26689
    9718   16969    8704   20513   19586    7493   11566   29494    2209    9109
   22939   11841   18506   26464    4301   16839   31200   29188   35523   29333
   22527      98   32116   17145    3719    2494   26268    6663   12728   21746
   13189   16995   16539    3764    8760   25429   15828    1021   27188   10797
    6646   16373   15799   21867    6818   23960   12605   16468   22914   11549
    9381    7986    5597   31177   33845    8055    4536   14128   32225   26010
   14004   23005   21190   30738   32476   32762   32156   22874    5020    6451
   25647   13497      43   21912    4727   28244   19001   31593   22102   21823
   34836   32920   27180    4241   19727    6725   24999   17086    1394    8181
   34904   22020    8601   36954   11729    6457   33277    3209   27694   26830
   17146    9663    4655   31176   34141    5279   34761   33911   23185    5871
    1730   36860   27367   20031   28522    6358   35102   19819    9385     582
   10388   23802   30791   27236   17782   11428   32002   23413   36217   23867
   10673   11337   15747    8615   25201   26253   33434   16537   11633    9101
    2503   22649   11681    5647     627   24293   12904   16720   13104   16047
    1343   28036    9125   16250   27870    3210    4721   32823   25343    7117
   16881   10349   30996   21296   19178   35460   25763      55   24286    5147
   27061    7900   19314   15793    5292   27370   30238   13757   36012   18197
   33543    2468    7707    4276   19416   11604   36108   17787   14623   24526
   14577   35556   30183   34022   10448    9648   27019   28669   24473   10914
   12039   15912   31449    8356   30941   17133    7297    5189    6835   25925
   33815   28158   24753   24832   24560   11631   22424   24101    7919   17129
    5352     402   35041   29757   10355    9408   31994    5152   25064   11157
    7976   28413    1082   16415   36367   19061   33609   26376   33444   32044
   34789   24218    5058   25120    5199   20059   25505   28138     882   13039
    2412    8661   15104   28177   19420   11130    8089   13410   10117    9150
   21062   23458   17390    5308   28089   14254   27281   17471   33982   22877
   36616   35085   16819    4562   34646    5718   32514   23725     158   19661
    8282   23841   11012   16901    4208    8217    5366   33119    7721   21330
   25947    2243   25071    7167   27862   23188   30572    8700   32214    7680
    9714   12631    5738   18150   21383   21577   31564   21610   34464   11530
    5251   27691   27893   24274   31373   35448    2667   15802    2729   14747
   29667   17968    4187   32655   28593   15892     657   12464   23084   12877
   26545    6913     526     940   22003   23175    4291   12489   14661   25036
    5338   29708   20809    7451    4786    7736   11296   20096   12061   33377
   23363   13450   10986    8584     838   12200    9079    9909   23410    3953
    6890   13128   31819   36635   36440   16858   17634   13122    3545   25185
   23479   27858   14782   25371   34502   29498   20746   31034   22292   29771
   29397   24069   35401    3577   23247    9985   31905   35920   25101   13393
   28030    9563   36639   30872    9700   31678   28349    3549   14343   28232
   18560    6752   31188   19667    9278    5706    2689   19797   17829   18561
   34135   10990    9361    2625   33138   34417   36341   36145    6456   31923
   33225   28731   24682   19350   34552    7989   12515    1876   32447    5319
   14500    5024   31554   28094    9813    2369   19394   13067   31314    6494
   17856   36895   17989    2862    2775   33464   22878   20512    1976   26952
    7279    5377   10590   24365   16341    1091   35648    5124   12977   13803
   14671   29565   17548   17588    7204   15270   29509   23472     684   10576
   29194   22514   24495   31602    1164   12307   31091   20666   15588     314
   31414   25872   10331   27520   26875   14158    8318   18410    5883   36134
    4837   16957   27665   29317    5358   11719    9273   33132   25643    8960
   13929    6740   29860   28585   13120   12104    9027   16032    7776    1187
   34737   15339   24874   11329   21251   18799   26914    5446   28745   28154
   21609    2264   20775    4519    3760   26080   30382   26516    4280   29657
   18389    4083   19749    4349   20450   33604   18715   14188   27895   22492
   14089   15933   25709   28583   33169    6097   36887   26681    2641   10508
   22819   34518   17300   11630   34331    6053   13153     916   27255   10878
   34984   26222    9633   25058   27630   21672   34102    2465    3330   16776
   25424    6387   13072   19803   27622   24212   20533    3514    8977   19455
    9093   32702   21073   12708   34378    2857   29307    7836   21092   20361
   13762   31882   35032    6188   13636   30757    5721    6735   13253   21067
   27667   21799    1129   12743   22440   33839   15245   33872     884   25845
   20833   16302   24698    1022   32784   14593   35761   24984   36910   22230
   23548   12334   27439    2016   20937   36212   11312    7560   29735   18966
   29991     921    9418    6305   15872   10848    5205   34939   25049    3534
    5825   36135    8695   15263   11281   36451    9416    2463    3814    6713
   19928    5672   23539    1615   17915   29934    8689     162   32318   22942
    7685   10372   23056   25854   14945   11800   22912   19326   19740   35335
    6033   26763   27405   12800   27824   32529   23205    9261   36921   21386
    2648   12017   31707   28411   26490    1189    9468   29234   26606   18901
    7259   31076   10734    9148   19934    7794     403    3003    5836    1057
   31155   16604    7703   31351   12089    6731   19644   22546   35013   17589
   35685   30717   34297    1931   25640   35127   29202     585   10933    8135
    9803   28558   29120   11972   26837   36468    5797   33202    1004    5622
   12522   28551     147   35904   26557    4246   13678   25818    3259   25527
    6163    5483   16656    7496   31396   13939   30949   18193   31815   22883
    7274   25207   35913    6610   21345     896   23414   15953    1350   27617
   33142   29327   35027   21649    5541    6074   15329   30413   24806   10015
     824    1315   35252    6353   19609    4685   13553   14642    3543   21093
   26206   17100    3071    1608   13474   14176    5881   32345   28678    7336
   31276    6888   24554   12226    5657   20391      58   34219   32530   26576
    2823    6380    4454    8179   23241    6408   33103   20145    7477   27205
   36342   35554     185   21489    3132   35811   25415   30450   21859   13087
   14655   23942    1781   27175   16039   31307    2805   15638   12619   10041
   16251    8404    2559   12257   25901   17699   17363   36086   10307   26995
   10675    9000   24179   10538    6584    4922   28628   27507   15697    9873
   17229   11556   12012   23088    6915   11109   27350   32234      81    9760
   12987    5064    4319    5363   35022   13064    9437   27696   20403   32502
   36666   33795   32128   36416    5919   32153    7443   13493   21125   32919
    6108   34861   14206    3404   11500   30736   21522    7741   33329   11002
   18695   16282   33628    9157    2396   25019    6101   31619    1153   15444
   29809    9970    7944   20348   23659   10718   28208   14712    2012   23116
      61    3469   10389   31616   24661    9540    9984   31810   19760   18010
   16207   33079   18230   29769    7171   24975   18039   29405    1465   20254
   35856   26049   29739   33475   31805    2194   32451   22225    7277    6581
   10766   29299   26965   14272     311   15761    8368   13167   11381   16377
   11387   32417   29616   14969   19533   31841   30463   13219    8275   34375
   21985   26413    7529    5322   10876   35961   32284     801    7153   31053
   13663    6251   20039   25682   19031     475   17313   18041   26882   13224
   30664   18540    2188   10638   24304   31287    8433   20500   32593   10956
   20340     116   13377   22485   23179   27561   23788   15274   15091   10770
   34118   19657   14437   27976   19101   11294   23393    4581   21701   17639
   23439   16098   14638   23566   11736   27927   33100   11239   36991   10636
    4433     932   11061   33480   18100    4935   22310   23140   36649    7899
    6900    4150   23647   33187    8976    2865   26133   32249   32063   22397
   20168   34453   28935   26654   19324   36445    5230   16452   20858    3027
    1874    8309   26765   13161   31961   11234   21666   31971   16513    7743
   12244   11340
